52
79
45
69
69
39
99
29.9
49
9
119
79
39
29
59
18
25
55
16
49
79
199
118
89
29
198
5
13
89
29
29
29
49
99
12
158
49
59
13.9
29
129
69
39
69
25
178
49
75
99
99
15
29
15
119
19
119
299
29
39
29
19
29
55
79
5
89
99
9
539
169
1.5
69
29
19
149
29
109
39
128
39
29
99
288
299
139
39
29
39
19
169
19
59
59
49
19
39
39
79
9.9
25
2.5
22
79
79
89
49
39
299
15
89
69
29
99
29
35
39
139
149
129
39
55
29
89
32
39
33
59.9
79
89
89
119
35
19
19
25
19
98
49
49
7
79
25
79
5
19
124
39
29
89
279
39
59
59
39
10
39
3
49
69
19
89
29
15
39
29
79
49
89
29
49
69
68
59
55
99
39
169
29
29
139
29
29
29
15
59
39
49
59
39
27
12
22
29
79
45
59
79
107
45
99
35
89
29
19
89
13
299
15
159
49
13
149
109
11
49
59
59
9
49
179
199
9
25
49
239
29
79
49.9
75
149
69
29
39
89
219
99
199
289
11
29
3
99
49
59
59
39
23
39
29.9
119
65
98
59
39
99
19
15
189
11
63
79
25
68
11
59
55
99
49
69
15
29
49
20
29
119
80
99
79
149
79
79
69
79
25
49
45
13
25
29
139
369
79
89
89
80
348
75
198
19
69
79
69
9
19
79
159
35
69
99
49
9
25
19
188
59
59
239
39
25
29
19
49
49
149
199
99
159
49
99
29.9
89
65
169
29
89
49
9
19
39
79
59
59
109
128
79
59
7
39
19
89
49
79
159
89
99
79
9.9
99
49
49
25
126
19
99
45
49
49
19.899999999999999
239
55
199
25
19
29
125
19
129
19
99
69
55
69
89
39
89
79
69
7
39
65
49
53
18
59
12
79
29
49
85
198
29
59
49
149
15
19
39
55
59
99
69
15
99
59
10
99
29
29
49
59
23
9
79
249
29.9
4
29
29
69
19
29
45
199
99
39
39
59
69
49
69
19
109
29
119
25
19
15
39
99
117
13
59
65
89
55
139
79
25
39
79
79
5
29
39
6
45
15
59
79
19
45
29.9
29
89
195
99
29
119
59
19
75
17.5
29.9
25
15
4
89
239
59
19
279
109
19
19.899999999999999
25
99
149
35
29
89
99
69
229
61
59
49
39
69
169
19.899999999999999
11
35
15
39
25
3.5
49
49
35
25
45
45
19
45
75
105
45
19
45
39
195
79
25
75
1498
119
9
139
69
29
17
29
39
15
139
69
29
19
49
69
69
189
59
11
159
99
59
19
99
49
9
139
39
199
29
105
199
99
9
19
19
59
19
159
39
99
49
15
29
35
35
69
45
98
69
119
89
49
39
59
6
5
79
19
39
79
119
99
89
21
89
79
25
219
39
47
58
49
99
39
79
19
49
149
39
69
139
109
9
45
99
15
85
99
29
5
21
49
159
33
6
49
139
15
59
79
15
29
359
29
99
45
49
29
99
299
32
8
73
19
35
19
119
129
109
15
39
49
39
45
5
129
21
99
49
59
49
59
49
59
15
128
29
99
5
49
29
39
45
19
39
25
195
39
59
199
25
59
29
129
69
109
59
27
48
229
79
39
29
49
11
29
19
99
19
39
129
21
15
99
69.900000000000006
30
29
15.9
49
4.5
159
30
79
99
45
359
19
55
39
29
79
6
118
43
99
69
89
128
139
168
99
39
155
99
49
39
149
49
59
45
39
59
39
79
99
79
718
85
99
16
39
99
79
89
75
37.5
79
29
19
75
96
8
20.8
19
89
69
149
19
108
49
69
49
69
59
48
29
29
15
7
25
35
238
79
99
49
69
58
35
39
99
49
4.5
89
25
338
39
33
29
19.899999999999999
69
99
12
35
69
99
49
29
75
169
458
49
1.9
79
159
49
119
69
39
29
29
219
15
19
9
89
45
29
39
75
249
110
19
59
55
69
49
99
129
19
29
49
55
89
69
30
19
259
29
98
85
19
49
125
19
29
79
89
99
239
59
45
19
109
199
29
39
30
29
69
69
35
13
23
25
119
49
15.9
39
39
29
39
9
79
69
109
29
299
800
99
159
85
95
109
98
74
179
119
19
299
49
29
7
169
75
29
25
89
49
119
239
25
79
65
19
69
13
29
35
19
35
29.9
29
39
9
62
19
99
19
109
49
89
69
88
19
149
119
25
12
69
79
35
25
49
15
4.5
29
49
79
25
39
109
59
29
39
139
13
13
79
29
15
5
119
25
11
49
12
59
49
108
9
19
49
27
109
159
69
89
59
39
99
29
39.9
49
39
39
169
89
29
239
99
69
199
29
35
29
35
39
22
169
79
25
9
45
85
159
199
238
79
59
79
25
199
5
29.9
39
12
39
19
19
35
39
59
49
39
7.9
15.9
29
299
89
39
119
15
55
99
89
108
39.9
39
15
25
119
29
89
49
5
49
49
99
39
99
29
39
59
59
89
39
39
49
35
49
22
166
298
59
89
6
15.5
69
9
39.9
79
29
99
139
29
139
88
199
199
59
79
15
12
139
49
13
49.9
25
79
9
29
98
115
35
9
29
69
39
49
39
49
19
39
49
39
188
29
19
79
49
9.9
19
4.5
69
159
99
19
89
158
55
9
69
59
79
59
69
69
49
23
69
89
10
79
99
59
39
69
75
69
29
49
15
39
149
15
39
39
15
49
29.9
299
27
109
21
59
35
129
20
189
108
79
24
5
29
99
29
79
49
158
119
19
99
25
35
199
29
299
119
69
15
39
29
29
59
89
59
19
49
29
69
2
69
19
22
8
39
89
99
159
79
79
18
129
99
59
19
29
9
9
29
29
13
69
29
69
139
185
40
69
19
89
199
39
39
49
89
39
59
718
19
49
239
49
58
11
69
7
49
35
49
179
239
59
55
129
41
9
178
159
189
109
9
29
39
29
65
199
29
69
19
29
129
79
89
29
9
35
69
39
13.9
29
109
79
298
99
69
65
19.899999999999999
95
55
65
158
59
59
65
59
39
39
259
35
29
72
149
49
35
99
19
25
59
138
99
9
35
39
65
29
15
9
39
79
22
59
19
29
89
159
45
19.899999999999999
19
199
89
29
45
48
13
149
25
79
29
99
69
55
89
9
39
55
39
29
69
228
19
19
19
125
79
25
59
29
138
29.9
45
19
19.899999999999999
15
99
49
45
199
17
19
65
89
49
99
29
29
99
69
69
26
85
19
9
15
95
9
69
19
19.899999999999999
49
25
189
199
49
65
19
59
65
75
279
39
29
15
79
139
269
79
7
500
7.8
139
10
39
128
89
55
159
149
99
179
219
99
49
25
42
109
45
68
199
49
20
109
29
39
39
49
3
158
59
39
159
69
29.9
59
35
22
49
39
119
62
39
99
139
23
29.9
9
39
65
15
49
89
449
129
89
69
59
89
39
99
69
89
49
79
55
99
149
79
55
109
79
59
79
29.9
25
79
59
89
19
29
99
158
98
17
39
49
99
15
149
105
69
49
79
6
45
99
55
22
119
29.9
65
15
240
49
39
19
35
39
89
98
99
119
85
65
29
49
299
45
139
69
45
29
69
49
69
15
109
29.9
49
4
29
65
27
329
25
35
79
89
47
79
79
139
99
29
99
89
19
59
69
158
488
99
49
35
49
19
99
19
79
149
19
55
29
240
169
79
29
39
129
159
229
25
109
75
69
15
49
19
79
69
129
69
59
59
149
39
29
15
89
99
69
99
69
49
149
39
29
35
15
119
15
25
119
19
718
59
49
59
49
99
29
59
139
19
49
65
29
89
13
99
29
65
49
199
49
75
119.9
69
3.5
39
49
39
59.9
29
29
39
45
49
69
299
129
79
19
79
85
79
9
99
49
159
119
99
59
19
39
129
39
19
59
249
129
85
58
39
19
45
175
15
188
49
79
99
69
69
39
45
49
19
35
79
19.899999999999999
79
65
89
139
45
65
15
49
59
89
29
139
35
99
33
45
49
99
129
65
39
79
9
29
49
59
59
34
49
15
19
119
7
35
149
59
35
59
68
49
29
16
65
25
29
69
39
29.9
13
59
18
149
49
49
49
59
69
19
39
55
298
29
145
29
125
19
29
55
49
299
59
248
158
39
55
149
39
22
79
29
19
195
19
49
39
219
129
15
69
49
39
15.9
199
119
49
307
35
85
59
29
105
11
45
29
29
49
29
79
19
39.9
38
59
65
19
138
59
139
119
79
299
139
37
55
49
39
49
49
13
138
65
29
25
138
15
49
35
29
19
89
55
49
30
8.9
11
139
17
129
59
19
29
129
69
79
49
35
29
39
319
29
79
109
29
79
115
29
59
15
39
49
39
59
89
55
29
39
69
15
39
19
99
90
179
25
89
99
33
65
15
29
19
49
15
29
19
119
199
19.899999999999999
29
29
59
40
119
78
19
59
19
65
69
59
39
99
9
29
29
39
15
98
88
29
39
45
39
29
29
69
179
59
10
79
45
45
43
259
129
5
59
29
89
35
49
13.9
79
29
25
39
65
29
39
149
59
59
29
49
69
79
69
29
29
59
99
45
6
49
35
29
11
29.9
15
33
79
20
13
25
3.5
59
75
59
59
29
109
49
49
49
39
33
29
139
59
39
59
99
155
59
29
39
69
29
29.9
479
89
79
19
45
339
69
79
59
19
69
55
39
99
9
19
85
19
79
39
179
49
79
15
25
19
119
500
29
169
45
129
49
129
79
99
19
19
32
71
19
49
29
99
199
65
188
129
59
20
79
89
19
29
135
79
29
19
19
49
109
138
189
29.9
39
29.9
45
25
55
55
35
139
59
29
79
259
19
79
59
13
69
99
19
29.9
29
69
79
69
99
39
120
149
69
43
99
19
199
29
79
29
55
19
30
79
59
259
219
59
59
139
49
15
29
499
59
39
159
119
15
55
139
69
39
39
49
19
39
19
79
89
59
49
29
29
39
3.9
29
45
29
39
39
19
99
79
119
32
23
90
99
228
239
49
19
59
49
29
13
62
79
59
29
16
118
59
39
59
39
59
199
55
59
95
199
69
11
49
79
19.899999999999999
45
59
199
199
45
49
9
79
49
99
79
25
49
39
26
99
19
39
339
18
109
120
19.8
29
45
88
19
95
25
39
7
25
22
89
7
29
39
13
49
18
25
149
35
25
39
59
8
179
79
29
69
25
19
69
23
29
89
379
29
96
29
19
99
49
29
25
57
49
59
59
43
458
59
109
59
79
49
11
27
39
59
39
49
39
69
135
76
19
49
9
125
69
49
59
79
45
13
49
15
4.5
49
39
65
19
9
179
28
19.899999999999999
29
118
85
119
149
158
35
59
75
145
88
69
49
65
59
9
59
8.9
28
9
69
59
139
125
20
179
18
6
19
49
49
19
59
79
99
89
58
7
39
15
89
48
39.9
99
55
139
68
69
85
98
79
49
45
99
99
79
35
29
29
29
39
39
19
35
15
19
24
29
76
29
99
99
366
23
79
49
22
15
25
49
25
59
89
29
39
49
199
199
29
39
89
99
19
5
88
43
59
59
19
11
29
99
109
89
3
29
75
209
39
59
59
299
35
198
19
49
79
79
199
68
99
199
111
29
32
179
89
29
119
49
29
29
39
5
19
69
55
109
39
19
75
98
39
11
119
89
55
19
99
65
189
49
49
29
59
55
25
49
95
58
25
39
25
25
29
49
149
69
129
79
109
49
59
59
49
49
48
29
179
79
29
29
39
49
89
29
29
119
69
29
238
65
79
15
79
19
58
49
29
69
19
39
15
39
19
33
25
30
149
49
69
15
19
99
9
35
99
139
29.9
99
21
19
69
9.9
69
89
69
59
89
19
22
35
15
89
19
5
49
39
19
89
49
89
65
22
89
39
89
299
11
21
29
48
85
39.9
29
99
39
149
159
99
17
109
19
359
59
29
4.5
21
99
29
179
12
49
59
69
69
49
149
29
9
35
85
45
59.9
19
49
59
79
12
89
188
29
39
49
49
69
9
169
49
69
45
49
15
39
69
29
39
13
99
99
39
49
159
109
11
59
12
59
88
49
109
29
99
59
29
53
129
17
29
13
49
99
39
89
49
45
39
189
149
55
55
89
99
158
49
99
29
49
10
45
79
39
49
35
24
99
29.9
29
29
69
59
39
19.899999999999999
49
39
19
149
89
99
99
19
15
19.899999999999999
69
29
99
39
59
25
59
389
29
95
99
69
75
19
159
35
5
19
99
29
39
47
11
89
17.5
19
89
59
15
99
39
19
59
128
65
19
99
59
19
69
15
98
39
59
139
9
89
39
99
379
55
35
69
79
49
99
59
89
55
39
69
99
45
49
45
49
19.8
59
69
49
119
169
69
99
165
29
19
16
19.899999999999999
69
19
69
99
189
13
39
9
125
55
269
29
59
25
59
13
39
349
95
15
39
139
19
25
59
49
99
85
25
69
3
79
169
39
89
108
29.9
98
29
39
69
99
59.9
39
39
29
109
35
49
25
12
49
149
14
59
22
45
55
29
65
99
59
19
89
15
99
99
19
49
39
69
9
49
139
5
18
88
109
59
29
25
129
39
99
19
105
99
57
49
109
39
19
28
16
25
199
39
69
69
19
209
29
39
49
11
99
39
58
115
29
79
89
15
59
39
129
139
9
79
79
69
25
49
29
99
69
129
12
125
69
25
87
19
69
7
99
12
85
85
78
59
99
13
89
6
29
36
19
229
2
19
119
49
11.9
85
45
15
99
29
19
15
69
19
29
55
19
89
9
49
29
29
85
199
33
197
15
79
27
139
32
49
99
129
139
49
17
49
118
29
319
39
19
39
4
89
89
39
69
15
59
9
79
59
119
39
19
199
69
11
99
148
49
25
49
179
169
69
159
19
19
99
49
21
69
39
16
6
52
129
69
29
139
59
299
19
59
319
29
89
218
3
59
119
39
49
9
199
99
13
39
69
15
15
29
189
29
49
29
29
198
42
69
59
69
29
49
29
29.9
99
59
99
19
69
29
69
99
255
129
39
79
49
49
6
89
69
16
49
19
39
19
22
29
99
12
99
99
59
49
89
39
39
311
45
199
139
19
49
79
15
29
35
45
9
129
39
45
39
39
49
15
18
89
19
219
49
79
159
39
499
29
25
99
55
99
39
59
99
29
149
99
39
15.9
195
89
29
35
79
69
49
19
39
39
79
165
29
19
159
20
13
39
13
49
29
19
59
89
29
19
49
19
25
19
76
49
69
15
19
13
49
39
99
25
40
29
79
29
35
79
59
39
29
179
29
25
15
9
39
49
59
39
29.9
59
159
39
29.9
89
49
35
29
69
89
19
75
15
19
179
59
49
19
55
45
29
25
59
79
13
198
29
89
49
19
99
48
25
55
25
49
49
69
19.8
99
69
39
99
19
195
59
19
49
99
109
89
39
13
159
39
79
29
29
18
13.9
9
29
59
39
85
39
105
25
59
20
168
35
5
39
79
159
39
2.5
19
25
15
13
69
158
23
19
209
19
55
49
35
39
29
49
29
99
89
19
35
19
39
119
18
59
99
49
25
20
349
39
79
15
25
139
19
13
69
29
31
59
9
15
119.9
99
29
89
20
29
49.9
29
29
19
35
25
29
25
89
20
4.5
99
149
19
29
29
89
195
29
29
35
19
15
19
25
29
1.5
35
59
39
149
45
298
299
49
23
19
69
59
39
49
59
69
19.899999999999999
99
35
139
69
159
119
39
69
29.9
59
49
19
39
89
19
279
79
39
160
29
39
59
88
69
45
29
29
51
69
39
49
89
29
29
65
75
119
129
59
268
59
19
59
15
45
65
45
39
29
19
59
79
39
49
69
119
19
159
59
149
99
49
19
89
49
29
25
49
19
18
49
78
49
29
9
89
29
7
49
109
19
149
42
95
19
29
138
45
45
99
49
48
39
159
21
15
29
16
39
45
99
79
23
139
19
149
75
88
32
69
119
19
99
79
29
79
31
5
11
159
19
279
25
11
19
99
29.9
45
29
20
49
149
178
25
24
49
85
69
79
89
99
29
135
11
149
65
13.9
69
149
89
29
49
23
25
39
149
55
29.9
69
55
21
179
9
69
5
9
39
39
65
69
29
69
45
75
59
15
99
15
139
19
199
139
179
13
179
89
49
6
79
165
129
39
39
39
13
13
49
119
2.5
35
19
79
29
20
29
39
69
45
69
89
3.5
17
15
99
49
159
25
79
39
79
99
139
128
49
29
69
24
39
49
83
89
55
99
19
69
29
79
15
29
98
9.9
19
129
25
129
19
279
119
59
159
22
199
15
39
59
119
59
15
25
89
45
3
11
19
39
109
133
23.8
69
39
29
29
39
79
129
45
265
69
59
29
49
49
79
99
17
89
79
59
59
15
19
19
125
39
85
12
89
29
19.899999999999999
49
99
139
49
9
89
16
15
49
59
21
79
13
49
35
49
32
29
135
49
29
10
49
129
199
79
49
49
7
99
59
19
45
19
69
9
59
29
29
49
230
43
12
29
178
59
29
39
49
37
39
39
129
20
29
25
69
34.9
39
69
19
49
79
55
23
29
179
25
59
19
65
85
19
39
25
15
29
49
29
79
139
500
59
79
29
39
139
89
79
119
1
9
39
17
29
159
49
16.899999999999999
29.9
25
6
39
19
179
59
79
22
25
33
79
59
69
59
29
129
18
49
29
109
30
39
29
29.9
59
69
19
33
119
29
135
138
45
49
139
65
55
19
39
199
15
55
89
65
239
69
79
29
59
49
13
79
119.9
89
59.9
19
249
35
85
39
99
9
89
65
139
59
49
69
39
69
139
25
19
15
29
29
29
69
55
29
29
59
75
169
99
25
19
20
19
19
99
29
89
11
49
49
139
219
13
19
29
79
149
69
9
10
79
89
49
69
99
29
50
35
178
29
39
89
79
49
19
9
59
39
23
29
10
115
29
49
199
99
19
7
14
49
69
19
39
79
99
69
89
39
39
70.599999999999994
29
69
14
45
115
39
55
49
89
55
69
95
69
50
29.9
79
49
99
12
39
13
129
39
75
128
139
109
49
69
228
89
179
29.9
5
22
89
65
69
49
43
233
53
109
79
69
55
59
99
139
39
49
289
49
59
199
19
129
19
59
19
59
89
29.9
39
13
99
39
22
128
35
47
19
65
39
69
49
98
27
75
29
71
9
19.899999999999999
29
99
89
89
99
59
39
89
29
25
59
15
29
189
179
45
55.9
29
79
89
99
45
35
65
35
139
79
75
39
99
29
75
29
39
55
59
59
19
9
59
69
99
29
129
25
49
29
16
39.9
99
29
59
13
29
99
5
99
11
279
59
499
49
11.9
69
15
13
49
35
19
49
99
79
49
15
59
99
29
69
9.5
49
69
15
69
159
29
79
59
55
19
79
11
15
45
39
208
13
79
59
99
165
149
99
49
39
119
11
19
55
19
17
25
45
79
119
299
99
39
179
159
125
69
49
69
15
29
19
80
59
139
89
39
30
59
79
35
29
13
69
88
195
29
23
259
69
109
58
49
19
90
69
129
39
149
359
79
45
179
49
59
59
49
109
59
25
69
49
119
99
199
49
39
35
79
99
88
159
49
359
139
139
49
79
75
289
99
99
49.9
59
89
29
19
139
39
19
49
39
23
22
7
69
479
29
49
59
35
99
29
29
99
29
65
139
9
149
7
69
27
39
55
79
19
79
70
39
79
149
29
39
69
69
69
25
89
29
29
199
99
29
155
59
99
79
179
99
99
29
49
29
25
89
59
19
109
49
29
49
49
39
29
19.899999999999999
49
79
69
25.5
7
79
79
49
149
49
19
45
119
119
29
69
29
219
65
64
69
27
85
79
29
23
259
59
49
29
49
29
129
21
59
39
98
45
39
59
99
49
159
59
98
39
19
29
25
99
109
23.8
15
15
169
99
25
19
19
9
19
49
60
49
69
15
99
69
29
99
99
25
79
69
139
199
89
19
139
29
15
19
9
199
55
69
149
99
95
19
25
139
67
99
79
219
69
65
99
69
27
39
31
149
7
9.9
29.9
2
11
22
71
35
79
15
24
109
129
29
55
79
121
65
179
39
79
199
39
29
19
39
29
49
69
199
29
22
25
49
29
53
59
99
39
49
39
39
45
29
59
29
159
39
19
45
25
129
55
59
49
19
359
115
99
19
29.9
85
89
15
139
29.9
3
19
39
89
29
45
145
49
99
299
45
139
49
73
19
99
89
79
99
35
24
15
9.9
29
19
269
29
99
25
15
119
49
89
89
99
39
45
69
129
39
79
21
19
35
299
29
99
59
58
65
39
29
259
59
159
48
65
39
4.5
19
29
59
99
19
19
69
73
19
19
49
19
49
89
59
19
29
39
49
29
149
28
39
69
158
95
89
49
89
19
5
9
29.9
35
319
39
117
69
23
119
25
139
49
5
39
19
29
89
39
35
29
49
39
139
55
40
45
29
129
19
129
119
39
79
149
49
109
49
11
9
69
139
29
128
49
89
69
59
99
179
29
75
39
236
35
94
9
69
29
19
39
45
4
32
65
27
18
29
99
139
15
49
199
39
99
99
79
155
199
39
69
139
29
9
19
65
96
29
69
59
50
39
59
199
45
39
9
5
45
195
89
19
89
29
99
68
69
49
49
59
89
228
135
49
19
169
29
29
19
39
269
199
65
49
199
14
49
69
29
13
69
5
39
65
99
69
89
39
29
19
59
9
199
22
19
25
19
39
49
29
65
29
26
12
59
18
99
39
19
69
55
49
163
29
73
129
25
17
269
399
278
27
149
15
55
2.5
49
15
99
13
29
88
19
6
25.9
99
25
55
69
49
5
69
99
5
59
59
39
29.9
99
12
19
39
25
9
29
35
54
599
39
59
9
59
89
39
13
49
49
39
149
69
39
389
99
99
89
109
37
27
35
25
159
7
5
179
13
59
4
15
15
59
35
15.9
129
21
79
35
19
179
39
109
59
49
79
19.899999999999999
79
89
19
69
279
23
49
19
19
135
69
35
69
59
25
29
30
29
19
289
49
79
89
59
149
19
11
99
139
59
119
59
159
45
29
125
145
39
23
39
89
29
89
75
49
49
125
49
29
29
59
25
22
39
99
59.9
99
39
79
19
19
139
9
88
119
19
29
99
399
29.9
189
69
29
45
159
15
49
119
49
59
59
49
199
39
29.9
39
189
79
19
89
19
299
19
35
22
99
17
42
139
129
45
12
69
16
7
11
19
65
69
109
49
59
17
59
99
99
19
69
5
49
49
99
49
25
299
49
148
49
69
29
35
119
