39
155
69
69
39
159
79
68
55
99
39
99
13
69
29
19
45
13
39
159
34
29
29
49
79
21
29
168
59
23
19
69
149
159
39
35
29
49
29
29
25
49
19
19
159
29
99
49
129
65
22
119
199
29
39
18
89
59
25
29
29
59
9
49
69
299
13
19
49
29
4.5
4
9
12
99
39
15
39
29
59
29
19
39
19
179
35
79
16
19
19
29
11
39
59
78
19
69
59
45
79
68
19
9
99
59
29
59
75
800
99
75
38
29
139
29
39
39
19
69
60
49
9
29
45
29
19.899999999999999
69
69
149
39
139
99
49
40
29
39
39
199
20
89
89
25
99
240
59
99
299
109
49
29
148
25
29
89
19
49
85
129
9
79
9
25
39
159
39
89
29.9
96
139
99
59
19
79
29
99
39
7
159
27
49
98
29
29
168
49
29
29
39
59
65
69
99
36
19
19
19
99
69
19
39
9
19
45
49
12
69
49
19
149
29
158
38
18
39
159
15
75
79
319
109
23
15
45
39
169
35
9
139
45
35
19
25
69
12
23
189
11
69
19
21
39
19
9
89
99
29
49
29
199
22
149
29
29.9
29
59
67
248
11
19
95
119
29
59
59
89
37
69
109
16
159
69
12
39
29
9
39
95
139
15
59
129
21
25
99
128
21
180
199
49
39
99
29
59
59
29
32
15
35
49
29
39
25
199
29
98
79
49
69
69
25
29
99
99
59
79
8.9
100
49
35
25
22
15
139
69
99.9
49
11
55
39
39
79
89
86
39
79
49
99
69
128
149
49
29
39
69.900000000000006
49
35
59
49
29
109
89
29
29
128
35
20
49
29
45
69
55
69
5
39
15
69
75
7
169
188
59
92
25
29
99
109
49
15
69
59
99
29
75
69
29
79
11
145
39
39
2.5
13
35
69
129
49
159
21
29
33
45
179
89
59
85
22
9
79
49
99
69
29
99
15
259
195
55
78
99
69
15.5
19
229
119
79
39
11
21
29
79
89
25
59
49
35
29
3
19
19
58
109
129
49
75
32
49
39
29
25
89
119
99
199
139
59
69
99
39
49
19
29
155
219
59
45
29
29
29
29
85
99
99
69
139
45
199
79
39
79
49
33
29
49
15
39
49
29
7
139
99
19
98
19
69
29
29
79
79
56
10
5
25
9
39
59
49
16
19
22
29
22
39
79
139
39
18
13
65
199
19
39
89
29
25
7
9
79
49
25
69
29
39
39
4.5
19
49
79
79
19
39
219
49
35
9
69
19
59
99
289
49
11
158
39
59
35
65
55
39
69
45
3.5
39
75
75
19
99
149
19
79
39
99
29
89
16
19
79
49
85
49
149
29
115
19
5
48
12
29
39
15
79
69
29
6
9
69
45
69
49
89
49
169
139
49
19
239
39
39
49
89
59
31
45
29
39
49
69
116
55
85
69
79
49
25
29
69
9
59
27
79
89
69
39
238
49
11
79
199
79
49
19
79
25
45
49
19
49
59
55
19
18
299
168
49
29
298
29
45
39
59
39
179
65
59
99
39
19
139
15
19
49
39
19
19
29
89
89
99
76
29
43
12
12
39
89
69
6
13
5
199
39
59
59
69
59
45
19
65
79
29
99
39
59
29
199
10
119
19
19
15
13
19
55
15
559
19
79
20
109
99
39
69
4
19
19
19
79
119
99
19
25
39
189
79
79
49
25
99
89
42
64
25
29
31
99
89.9
69
128
19
15
125
69
59
49
29
59
149
458
25
75
249
49
29
59
89
5
129
55
45
39
22
35
69
19
29
69
89
49
29
49
39
16
53
39
19
89
89
99
35
129
49
15
35
18
19.8
39
69
15
99
15
69
79
138
175
19
79
69
85
49
15
24
7
20
59
99
9
19
319
39
49
15
39
49
9
99
29
98
55
179
11
29
29
69
99
49
35
49
89
69
129
139
99
39
35
99
39
25
23
9
79
39
25
9
24
49
29
27
65
89
59
19
69
69
458
29
25
349
89
49
99
49
19
25
99
109
59
119
35
109
29
19
29
89
59
99
59
89
139
19
19
49
69
99
65
159
135
8
49
19
199
23
199
9
19
99
19
420
17
11
19
49
89
55
108
179
15
49
29
59
39
25
29
59
13
29
79
89
99
59
89
19
39
89
13
17
29
7
89
23
5
55
158
65
29
79
25
479
69
29
1133
79
29
79
55
19
35
189
29
69
89
39
49
69
5
89
39
49
69
25
49
69
29
49
129
19
99
39
99
29
19
49
139
25
228
99
10
15
99
35
29.9
128
119
59
19
49
25
69
29
39
45
19
78
5
29
32
55
119
179
25
49
59
99
68
379
239
13
23
9
39
69
99
88
59
49
99
79
49
39
99
45
49
99
79
39
149
39
29
49
39
25
89
39
15
39
18
45
39
49
45
99
59
179
69
19
33
49
45
15
99
39
69
99
89
75
69
13.9
69
35
198
59
19.899999999999999
15.9
89
49
29
59
49
79
49
49
49
49
75
29
21
119
179
8
29
19
15
13
39
55
19
69
59
99
139
19
149
17
39
79
19
21
55
119
35
39
109
49
39.9
15
78
139
19
79
19
9
39
339
39
39
39
139
29
15
49
5
79
49
69
128
19
259
19
27
29
79
79
29.9
19
69
59
19
15
19
129
29
99
49
23
59
79
65
79
79
89
19
69
259
59
16
35
35
49
79
89
99
29
158
39
6
49
65
22
29
39
139
15
93
55
188
23
59
69
89
9
19
29.9
139
11
99
338
29
159
39
29
99
105
79
9
39
75
49
49
189
19
3.5
11
29
89
11
49
29
89
59
299
69
29
39
129
195
99
79
39
9
59
129
69
39
59
29
39
23
29
99
29
35
45
29
29
99
29
49
59
89
29
69
49
39
179
35
19
169
169
6
15
65
29
16
149
15
159
99
99
29
125
25
99
3
79
19
9
59
39
17
19
29
49
49
19
195
75
79
49
500
69
57
75
23
35
105
9
29
98
199
39
99
15
159
69
55
39
49
24
39
49
169
119
39
31
45
139
119
19
79
18
45
45
49
319
119
219
99
16
59
25
59
69
15
56
149
69
22
95
17
39
23
12
23
9
25
59
69
129
29
29.9
229
29
39
69
55
39
19
159
139
49
69
29
59
39
59
79
15
25
138
10
49
29
49
29
59
32
159
119
29
49
69
79
199
4
59
45
89
59
89
29
99
49
119
15
39
39
39
29
19
45
4.5
18
12
59
128
195
19
59
149
15
39
24
119
85
49
29
49
65
21
29
89
179
25
12
99
139
21
29
49
59
29
35
59
149
35
49
19
69
29.9
15
9
19
139
49
9
39
25
119
45
69
29
49
109
169
79
49
3
199
39
39
7
39
69
139
49
5
59
47
19
179
29
79
39
125
87
59
138
99
99
39
99
23
29.9
39
45
49
99
79
45
25
49
45
14
98
78
129
19
99
29.9
45
109
9.9
39
15
195
39
79
25
29
69
89
35
45
25
49
39
19
99
35
99
159
29
99
19
9
299
39
25.8
22
19
19
29
29
78
29
79
109
119
99
99
109
15
109
99
89
29
69
49
259
49
59
49
23
12.9
59
39
3
59.9
169
79
279
79
29
19.899999999999999
99
25
29
29
10
39
59
99
19
146
89
89
115
22
45
29
15
96
99
39
105
29.9
119
69
59
13
29.9
55
22
22
19.899999999999999
39
79
59
39
99
39
55
9
17
39
6
79
19
69
69
59
35
29
43
9
15
189
125
19
125
99
5
29
11
39
9
39
239
55
39
39
89
17
119
59
25
5
95
85
109
179
29
19
39
239
39
185
99
55
119
165
99
99
99
39
123
85
99
488
129
79
23
99
29
6
11
179
59
19
55
29
39
59
69
119
17
49
19
49
19
99
39
25
39
49
29
55
59
35
35
25
112
49
15
129
29.9
7.9
99
59
65
29
8
49
169
29
18
39
49
29
169
139
79
75
29
85
169
6
29
39
39
99
125
49
20
188
199
45
89
15
179
29.9
49
79
45
79
45
78
59
39
59
29
119
79
1.5
135
79
49
11
19
69
99
195
19
75
19
139
19
49
59
29
29
109
49
35
14
69
49
15
15
70
129
5
39
189
59
119
139
59
59
45
29
79
29
169
85
75
19
139
99
19.899999999999999
19
119
89
89
29
99
29
17
155
59
19.899999999999999
69
5
59
89
19
298
59
30
39
169
19
49
39.9
27
29
9
15
89
29
138
59
55
279
59
49
139
59
39
59
299
69
219
27
19
99
29
49
39
299
79
19
88
39
49
49
59
19
49
159
29
39
65
29
35
59
89
79
55
35
22
89
69
59
29
45
88
19
59
4.5
99
99
169
95
25
65
76
49
19
29
29
59
69
79
229
39
99
59
129
239
39
23
49
139
33
19
99
55
500
59
78
49
29
49
39
49
9
599
15
29
59
39
239
119
15
49
89
129
19
35
145
119
22
19
15
39.9
178
57
49
22
79
15
159
13
89
29
29
59
59
19
169
25
198
19
32.5
59
69
39
49
239
19
29
33
29
39
59
5
49
79
19.899999999999999
288
19
458
69
79
39
39
69
69
49
34.9
29
23
29.9
35
29
39
12
39
79
59.9
59
19
29
35
249
79
135
149
78
35
45
29
299
16
168
55
15
49
29
29
59
49
59
19
109
149
149
265
29.8
99
29
29
55
49
29
39
19
149
25
79
49
89
98
3.5
39
59
59
39
29
49
299
79
19
3
9
39
59
29
39
149
35
69
12
169
29
69.900000000000006
99
9
69
22
45
69
29
69
39
5
29.9
119
59
19
65
15
49
49
21
89
49
29
109
29
19
49
29
299
13
19
49
99
19
79
39
49
59
49
89
99
19
7
76
29
49
29
279
139
35
299
39
99
9
139
45
79
39
19
199
49
109
19
99
69
99
29
95
19
69
25
59
49
39
24
35
18
69
98
99
79
79
29
39
6.5
99
19
29
39
79
59
29
15
139
49
25
238
19
25.5
39
76
69
3.9
85
49
49
129
79
29
179
12
9
69
49
29
199
19
69
15
29
21
29
79
39
19
49
49
199
39
79
39
9
15
15
59
45
119
69
39
100
19
169
106
199
89
39
125
99
139
15
29
99
59
19
25
17
29
65
29
59
9
59
99
59
19.899999999999999
39
79
69
129
29.9
59
49
69
49
15
29
11
25
99
199
49
29
25
278
6
35
39
29
149
89
29
79
55
139
29
39
138
169
79
29
99
10
159
69
45
149
59
29
39
29
35
49
17
15
39
19
29
89
2.5
149
21
79
800
20
29
99
79
65
39
25
639
89
99
49
13
17
93
49
35
46
158
65
49
39
39
29
59
69
38
79
49
99
129
99
29
29
29
19.899999999999999
11
4
89
49
49
39
59
99
95
139
49
169
59
39
22
49
169
25
195
29
6.5
129
25
22
65
69
6.5
39
79
75
19
139
69
79
99
29
99
49
79
19
75
45
299
19
49
19
29
12
35
19
29
15
29
99
99
79
39
59
109
119
30
49
29
19.899999999999999
139
129
19
39
39
49
119
35
15
55
149
69
89
5
12
99
55
59
49
29
19
49
159
19.899999999999999
129
55
19.899999999999999
109
149
109
35
199
39
55
29
49
89
99
19.899999999999999
79
44
69
29
19
49
29.9
19.899999999999999
49
49
69
65
129
29
139
5
69
79
149
13
79
49
35
49
146
69
29
29
39
14
89
47
159
99
19
11
25
398
85
89
39
39
49
29
99
119
25
69
69
35
89
29
39
79
33
49
69
69
135
69
15
8
55
29
19
19
45
58
19
15
39
49
89
59
39
59
49
119
9
39
69
19
99
59
43
17
109
59
99
19
29
49
19
15
11
99
119
19
139
79
59
23
45
79
99
33
29
39
29
49
99
59
89
89
5
129
69
39.9
69
125
159
148
29
69
39
39.9
39
29
129
19
69
89
279
289
39
39
29
59
59
23
49
39
85
32
39
79
319
49
159
29
69
49
99
25
9
139
25
35
11
79
39
19
99
69
69
59
29
23
49
25
39
129
99
279
45
29
39
29
59
29
149
89
25
49
8
199
69
159
79
99
129
49
29
69
19
39
39
29
15
69
69
69
39
39
58
59
169
89
58
99
59
59
125
79
69
35
29
35
169
39
69
15
69
128
96
15
69
59
69
39
39
25
25
99
29
23
49
49
75
19
25
65
35
49
59
69
29
15
19
35
19
31
49
19
9
45
99
69
45
19.899999999999999
19
59
39
59
65
75
29
19
19
19
29
39
49
29
49
9
49
99
59
65
69
35
99
39
49
59
39
15
32
19
99
59
35
59
19
25
13
139
75
15
29
39
12
25
49
79
59
29
99
59
129
165
159
49
99
99
29.9
79
39
39
29
49
89
75
79
19
29
106
22
89
25
199
139
99
49
79
29
79
49
29
69
39
99
42
79
38
39
59
39
99
69
119
129
59
69
49
99
39
39
265
99
39.9
13
28
99
13
139
39
89
9
79
45
65
59
69
59
75
15
59
15
39
39
75
15
45
15
69
59
19
24
15
29.9
158
29
29
169
49
15
69
39
39
39
199
29
59
9
99
98
189
39
159
39
19
59
129
39
29
3
79
49
29
299
49
49
15
49
199
79
59
139
79
39
22
75
15
159
29
15
39
99
79
39
69
5
99
128
39
23
89
39
259
159
45
7
65
19
49
59
29
69
19
19
158
79
198
75
59
89
79
19
59
89
45
19
83
29
69
99
69
129
159
59
59
69
29
59
13
17
98
39
29
10.5
119
49.9
29.9
9
25
29
29
69
149
109
119
199
39
159
15
79
399
25
65
5
49
69
49
49
29
69
59.9
119
49
139
49
69
89
39
129
19
49
29
79
145
7
79
69
45
83
29
88
49
59
268
199
99
89
198
269
109
59
49
29
39
38
29
29
85
49
19
99
19
39
25
59
169
29
89
29
39
19
10
59
5
29
69
69
31
11
49
269
49
69
35
139
49
5
59
129
85
29
29
49
21
159
119
29
79
15
25
55
9
15
58
25
16
29
65
119
49
39
13
59
19
89
59
39
29
59.9
35
59
15
9
49
65
69
25
5
49
49
35
139
75
15
19
45
89
299
45
29
199
19
99
69
3
7
29
79
99
29
89
39
24
49
19
99
29
199
45
59
49
239
39
49
29
19
108
15
69
18
129
269
39
16
39
29
25
45
25
29
25
15
22
9
49
55
99
49
20
7.5
99
39
76
699
49
29
9
79
69
29
29
49
99
49
59
129
39
99
49
69
19
49
32
4.5
69
17
99
62
89
99
15
39
69
39
169
49
129
15
25
25
98
19
49
19
39
69
29
69
19
28.8
139
269
29
28
19
29
29
159
59
69
149
299
49
29
10
19
29
18
19
25
198
59
29.9
69
39
39
84
45
39
49
59
19
19
29
59.9
19
39
35
69
35
39
39
29
99
15
95
75
195
69
35
39
229
49
6
65
69
79
189
10
29
69
15
22
299
29
119
13
9
22
89
29
218
59
59
15
109
69
69
39
29
139
25
12
49
49
11
8.9
69
9
30
199
39
59
89
99
29
65
99
49
79
79
39
39
39
59
75
16
22
25
59
19
139
129
89
159
19
59
39
49
99
29
149
29
49
35
199
59
69
39
15
79
45
85
19
29
49
149
88
39
29
59
49
20
49
29
29
39
99
29
49
85
99
19
39
79
179
39
23
13
159
168
11
159
15
108
59
99
199
129
19
35
15
119
169
359
69
99
49
29
25
99
129
3
6
499
139
19
65
13
19
49.9
19
79
89
109
59
25
49
25
49
39
29
49
89
29
98
29
79
17
85
59
39
39
19
26
15
29
12
49
19
229
179
49
109
79
69
45
29
59
39
49
99
25
219
19
55
279
35
19
49
99
149
19.899999999999999
149
99
83
45
19
139
31
99
89
85
39
19
240
75
9
169
19
35
39
39
29
115
4
22
25
15
19
59
8
79
35
49
49
125
29
29.9
19
29
69
69
11
259
79
25
139
45
59
29
15
59
59
75
168
68
29
49
99
139
49
139
25
39
29
75
39
17
29
39
39
79
99
59
49
99
29.9
39
129
69
85
49.9
32
239
85
96
115
99
49
79
19
85
39
35
19
39
24
79
89
149
59
89
49
56
39
99
59
94
59
69
29
99
79
85
159
29
79
129
15
229
69
49
35
69
12
99
49
15
99
35
9
99
29
99
139
15
99
20
59
79
19
69
12
35
117
29
25
19
99
89
59
29
35
50
45
79
19.899999999999999
69
49
11
19
29
35
22
119
49
39
29
29
99
29
59
99
45
59
23
59
15
10
39
39
79
75
49
26
59
179
39
65
219
79
89
79
98
129
29
39
25
69
139
79
29
15
89
15
189
69
49
79
179
29
149
33
59
22
19
118
9.9
1
145
99
25
32
89
59
19
198
25
99
119
20
69
15
99
115
19
29
25
79
139
69
19
18
59
89
35
25
59
55
79
39
49
99
27
25
39
35
99
79
59
159
25
69
69
59
99
99
16
35
25
17
49
25
98
168
159
95
23
59
109
59
88
179
39
69
159
21
75
209
39
5
59
179
45
15
79
69
5
19
79
53
29
29.9
79
59
25
99
159
69
50
45
19
19
15
49
199
69
69
49
29
49
49
39
49
39
49
65
19.899999999999999
45
149
59
79
179
9
125
17
22
79
23
49
79
4.5
79
29
149
98
89
25
69
279
49
125
29
19
17
99
49
39
99
29
49
69
129
39
79
30
39
49
169
39
73
69
6
39
88
12
42
29
49
29.9
185
9
55
79
29
25
59
13
79
15.9
199
89
15
175
39
139
45
19
19
9.9
29
29
39
88
139
49
129
19
35
29
149
13
139
125
99
25
13
9
79
19
49
29.9
169
19
19
39.9
299
35
35
19
29
69
59
129
45
19.899999999999999
12
22
109
39
29
43
49
98
79
49
25
25
65
79
39
89
15
39
29
15
29
69
39
9
15
49
39
129
99
49
29
89
59
25
69
59
29
19.899999999999999
29
69
33
99
35
25
69
29
15
119
219
399
65
138
79
69
69
59
49
25
159
79
18
49
45
59
3
35
45
79
49
49
39
19
299
55
129
29
9
128
109
95
17
19
159
69
89
25
9
19
89
240
39
15
49
99
69
25
19
19
38
39
19
38
49
99
59
9.9
29
6
39
199
15
139
89
19
119
59
89
75
79
159
49
35
69
35
39
69
25
25
89
19
18
129
59
9
49
239
29
218
49
59
39
279
69
19
13
79
11
79
49
75
79
29
45
69
15
19
89
19
39
19
99
89
49
79
149
39
12
39
99
39
79
89
25
35
89
99
19
22
99
129
79
49
89
19
99
49
239
39
25
32
109
59
159
38
79
109
13
75
25
15
169
39
139
49
35
69
69
49
39
89
125
99
35
21
149
3
21
8
69
79
35
29
59
49
39
75
49
59
39
17
95
59
19
11
13
79
21
44
59.9
9
75
25
29
199
35
3
49
59
39
89
99
59.9
49
22
69
19
69
79
59
89
69
12
89
129
9
89
35
99
199
69
29.9
35
9
65
20
35
89
59.9
259
39
39
19
15
25
139
139
39
19
79
11
69
79
29
9
39
718
59.9
55
55
99
51
14
11
6
49
39
19
45
99
59
15
59
29
19
89
125
29
149
9.9
49
5
19
139
49
25
149
85
5
19
69
175
29
39
13
39
159
69
39
4.5
45
89
39
39
29
79
9
89
33
89
29
19
199
129
49
49
29
55
99
139
99
99
69
99
49
29
29
69
119
219
49
49
50.5
189
35
25
79
23
39
65
169
159
69
12
79
49
49
159
59
49
49
33
69
19.899999999999999
185
79
149
149
13
30
49
123
29
15
199
15
49
25
199
19
29
15
29
45
49
29
69
69
49
135
45
49
89
169
69
39
79
59
11
29
159
99
45
45
99
25
69
39
29
138
25
12
35
69
19
55
59
25
69
119.9
59
15
49
55
79
159
109
55
49
169
79
128
69
69
89
129
29
69
69
129
25
149
79
99
149
129
59
11
29
21
15
5
3
89
55
89
199
17
35
39
49
19
25
69
99
79
79
69
109
79
128
99
199
29
49
69
29
35
29
3
39
39
76
89
19
39
25
18
29
39
59
55
39
29.9
65
20
58.5
99
29
19
69
9
99
69
85
19
69
9
49
29
99
89
19
29
99
128
69
89
179
99
159
39
49
49
278
59
25
334
199
19
19.899999999999999
89
49
62
99
99
69
19
9
49
99
55
125
39
199
19
25
128
139
139
39
15
49
59
45
19
89
15
49
17
65
15
55
79
19
25
59
59
4
75
39
119
9
59
79
65
65
25
29
25
39
99
35
15
29
9
99
25
75
19
9
99
69
19
29
89
149
69
35
25
45
129
49
19
15
29
109
139
239
139
49
3.9
59
89
20
99
15
75
39
189
29
50
99
39
69
109
9
29
39
17
69
69
59
8
159
109
49
29
88
68
19
98
69
79
65
29
39
79
59
279
79
35
99
15
129
49
81.5
19
11
80
189
119
188
19
89
49
49
49
149
69
59
55
69
29
15
69
35
79
17
3
89
69
39
85
49
25
35
119
69
19
89
17
39
7
39
29
49
89
9
45
29
45
299
75
59
99
59
15
13
139
69
29
59
45
49
100
59
29.9
59
69
15
7
29
49
49
105
79
29
19
99
35
13
9.9
35
69
19
49
79
29
99
125
79
79
17
159
19
69
79
59
59
39
258
39
99
119
99
49
49
29
55
99
16
69
19
69
149
129
43
59
13
139
45
99
98
119
149
29.9
23
13
45
59
169
49
49
2
69
55
39
29
29
49
39
69
79
59
49
39
39
99
25
69
39
125
39
75
79
19
69
98
15
149
39
14
49
22
139
59
58
49
119
15
129
45
49
29
29
58
13
29
59
29
59
29
49
49
39
25
159
89
29
13
79
129
298
29
99
45
49
39
139
19
29
29
85
25
19
59
149
99
79
99
39
65
139
7
49
88
109
45
1.5
19
119
9
49
29
49
99
4.5
149
268
16
69
19
99
109
49
39
39
148
1.9
89
19
129
149
79
39
109
89
29
69
79
49
69
79
49
79
22
59
139
19
69
49
15
19
49
39
39.9
45
69
19
59
69
49
169
8
59
9
69
29
19.899999999999999
189
49
39
69
99
25
129
79
119
29
69
149
49
139
35
29
68
29
39
59
55
89
59
15
49
29
49
179
19
49
195
39
17
59
109
35
79
79
49
40
99
69
19
98
88
19.899999999999999
59
119
69
