39
9
39
49
49
99
59
189
149
15
14
19
39
69
25
49
139
75
33
29
79
29
69
19
59
55
25
69
185
49
239
55
99
39
39
17
12
39
19
59
19
109
29
149
189
28
29
35
55
89
119
199
29.9
39
49
59
50
3.9
39
129
19
19
79
89
55
24
25
159
59
9
20
59
29.9
49
19
79
199
22
49
29
69
279
4
25
268
199
35
69
19
29.9
13
22
9
49
59
31
29
109
79
29
19
79
25
39
21
99
23
109
17
29
29
718
19
9
119.9
259
29
49
99
21
59
45
49
25
15
15
49
39
179
45
99
59
29
19
19
15
79
29
17.5
59
69
65
59
69
159
49
19
69
99
79
29
129
15
4
59
29
15
6
79
499
49
21
25
19
19
33
35
139
89
69
66
119
59.9
145
49
79
19
29
99
29
9
55
29
39
109
15
59
98
39
29
49
159
12
12
9
19
15
35
13
46
25
99
29
39
45
59
199
49
9
39
59
199
89
169
79
95
29
109
9
119
39
89
29
269
139
279
9
39
95
99
49
99
19.899999999999999
39
119
39
179
19
39
89
59
19
5
25
55
55
19
79
39
69
29
159
48
49
98
16
39
155
29.9
22
29
33
69
69
59
49
39
59
106
69
5
59
87
25
69
128
29.9
159
149
69
59
49
25
99
59
249
19
29
189
39
189
99
189
60
49
35
19
79
33
99
19
128
89
99
69
69
49
69
99
29
29
159
499
39
69
49
99
79
30
23
19
69
7
69
39
55
29
35
25
45
55
7
29
149
45
79
49
39
168
19
59
49
39
39
15
19
19
89
35
55
118
29
29
35
49
89
9
39
39
39
99
139
29
1.5
79
59
14
19
45
59
35
59
19
69
149
39
29
59
39
49
59
195
99
49
29
25
35
39
97
149
179
139
69
49
79
49
119
29
25
117
25
49
17
49
59
59
79
29.9
19
19
29
29
299
89
45
76
99
139
17
99
29
59
69
99
39
25
35
69
5
55
39
35
3
29
99
10
29
39
69
79
500
139
42
69
29
29
45
49
59
4
49
69
109
119
39
119
49
49
9.9
79
29
109
29
119
69
59
39
29
79
79
49
7
39
55
15
15
15
72
39
39
69
259
5
45
29
59
78
39
75
9
39
49
39
5
79
39
79
29
139
9
79
49
39.9
19
59
25
55
59
119
59
115
109
60
39
128
29
9
79
35
99
19
18
129
29
69
29
49
49
29
20
68
39
219
139
65
54
59
49
65
69
149
29
59
69
49
89
59
39
50
49.9
39
89
79
11
9
89
99
48
59
99
88
119
119
39
49
89
89
79
59
69
29
49
85
25
129
45
18
49
49
99
39
69
99
69
69
59
198
88
69
39
19
139
99
49
19
19
39
65
15
59
15
11
29
29
29
29
119
55
88
229
69
16
129
99
119
166
139
29
69
39
89
99
89
39
159
149
248
35
15
29
89
158
5
29
139
49
29
49
69
229
59
59
59
29
13
59
268
39
16.899999999999999
79
39
65
59
89
3
39
16
99
25
269
45
79
39
29
55
13
40
25
35
46
39
69
99
49
69
29
75
9.9
89
35
99
49
19
129
19
15
45
29
169
15
153
69
55
19
59
99
29
29
79
49
139
69
49
19
89
89
29
39
120
49
39
25
29
139
13
39
27
65
49
35
79
39
109
139
5
39
78
219
29
165
45
148
45
49
29
79
49
79
39
99
79
29
149
79
98
39
189
19
55
59
59
39
29
139
19
49
7
179
15
15
29
39
59
109
29
79
12
89
29
45
49
39
19
139
49
59
139
45
69
149
19
89
99
29
99
25
10
29
39
79
39
19
49
13
29
99
79
29
159
89
399
69
89
109
79
17
49
55
29
25
29
119
9.9
119
131
19
339
89
93
69
29
109
13
29
49
29
17
69
29
29
45
39
79
11
69
29
39
39
218
13
49
88
65
39
49
16
9
79
35
39
59
65
69
109
29
69
50
5
29
19
19
70
11
259
59.9
9
89
39
199
29
3
29
99
29
59
159
3
34
18
79
279
99
259
39
49
19
49
79
18
69
59.9
49
109
49
9
199
49
17
47
59
19
55
39
108
85
59
119
129
79
89
35
59
49
5
65
1.5
89
65
49
49
39
45
89
78
149
29
69
29
39
45
115
39
55
39
9
128
139
69
49
35
299
139
59
69
169
39
119
199
39
75
89
29
19
39
229
45
89
129
59
89
89
69
109
69
5
59
25
149
55
59
229
19
29
19
68
39
128
19
69
45
228
31
39
98
31
125
39
29
79
198
49
119
39
19
19
45
29
89
118
39
49
99
5
55
59
98
29.9
49
125
39
39
11
99
39
19
199
35
69
29
29
29
29.9
168
69
39
19
85
69
129
49
49
29
49
29.9
39
22
20
99
39
29
79
285
29
39
79
79
69
32
29
35
99
29
59
29.9
39
39
139
599
19
69
49.9
15
59
39
69
22
29
319
39
19
119
19
49
70.5
29
139
75
89
39
18
139
199
39
25
269
29
89
21
15
66
11
59
29
149
79
49.9
138
19
149
13
19
23
15
45
49
239
49
399
179
29
35
89
29.9
79
25
29
69
19
99
29
99
59
35
239
49
19
22
159
69
49
29
149
79
99
11
69
69
89
115
30
269
298
39
49
139
248
59
29
29
35
6.5
59
139
23
79
49
29
59
89
89
39
19
119
79
169
39
79
69
29
79
69
55.9
29
22
139
99
55
19
45
55
49
98
29
59
39
169
19
19
9
119
49
79
15
79
19
59
49
25
179
89
36
149
59
89
79
9
79
69
99
69
35
35
49
69
69
45
49
49
69
59
119
39
25
65
39
29
49
75
29
29
97
236
99
15
19.899999999999999
29
89
79
79
179
20
99
39
69
89
29
99
129
69
39
25
29
59
99
49
69
79
69
109
65
79
29
69
48
59
15.9
19
19
29
29
65
45
500
39
25
249
39
9
194
99
5
79
39
199
35
25
89
45
65
39
9
29
19
49
39
75
15
29
99
59
339
79
19
199
29
49
69
59
55
15
49
68
49
65
29
89
25
79
89
39
89
35
199
50
39
69
79
5
45
39
159
79
35
39
95
79
129
9
49
149
49
29
19
49
69
19
298
49
49
199
9.9
59
29.9
29
19
49
168
29
39
245
49
39
69
55
29
19
169
119
69
19
59
139
35
25
29
69
59
238
69
81
18
199
89
45
12.9
168
29
29
99
25
99
59
29
29
13
49
5
49
19
75
1.9
19
169
219
99
29.9
4.5
108
48
35
159
15
29
29
69
9
149
86
88
29.9
45
49
69
25
39
59
29
59
99
22
159
99
49
49
67
19
13.9
15
99
29
19
19
49
79
199
47
159
89
159
89
99
19
59
6
49
109
19
39
6
9
59.9
125
59
59
8
3.5
39
69
49
69
39
59
69
99
99
29
49
4.5
15
69
19
25
79
59
99
59
22
59
149
39
99
59
79
199
22
65
189
25
19
79
21
23
99
99
39
59
39
29
15
259
13
199
89
39
29
69
29.9
19
39
49
15
59
10
59
49
800
35
59
9
129
21
49
15
35
35
89
24
189
149
79
19
139
129
78
25
89
25
39
219
159
75
99
23
55
99
139
65
89
159
279
85
9
85
179
22
129
89
178
59
13
23
59
79
49
69
99
10
49
129
59
29
199
59
89
49
69
19
29
159
49
299
39
69
25
96
39
49
279
35
89
19
268
49
95
13
159
2.5
39
89
129
79
4.5
59
59.9
19
49
69
239
79
59.9
129
49
69
39
36
20
149
89
15
15
39
39
19
89
79
195
25
29
19
79
39
29
37
29
69
59
139
39
68
15
39
79
11.9
69
39
69
758
39
79
99
59
79
19
55
189
99
139
99
19.899999999999999
79
59
39
49
89
135
198
49
49
33
49
139
39
99
8.9
39
129
19
69
19
11
179
25
55
49
39
259
69
29
139
45
179
25
39
19
279
69
35
35
259
54
99
25
29.9
89
59
9
149
55
49
26
39
109
89
139
15
45
59
15
119
39
99
59
55
69
39
19
69
119
199
20
39
49
79
34.9
199
59
39
69
59
45.5
69
19
49
55
14
89
59
25
39
16.899999999999999
39
15
19
28
5
29
29
95
49
149
9
27
49
129
9
32
55
29
99
99
29
29
49
49
79
35
65
45
69
9.9
30
25
19.8
59
21
89
29
79
39
99
55
19
29
19
89
89
45
9
105
11
69
35
45
59
79
107
159
39
11
3
11
49
99
19
20
73
33
59
15
183
115
11
49
69
49
79
69
23
99
59.9
89
75
35
19
75
29.9
59
29
29
29.9
1.5
125
29
15
19
85
69
25
19
59
28
39
22
49
99
89
29
49
500
119
29
49
59
99
22
19
39
89
1.9
148
16
17
25
29
35
29
79
17
29
49
89
49
79
178
139
35
39
59
39
59
19
15
69
29
39
139
25
119
228
19
59
85
19
49
49
39
89
15
79
99
20
69
79
17
35
275
19
15
69
39
79
79
129
19
115
38
139
89
29
69
29
149
49
19
45
15
79
79
75
19
29
79
59
29
6
79
55
29
79
49
29
89
48
35
17
99
209
59
15
19
29
69
49
39
39
29
49
59
19
79
39
19
99
225
59
25
49
19
9
49
29
69
29
149
99
9
69
159
105
69
65
25
59
75
119
59
7
19
65
129
49
32
23
59
19
111
279
69
51
65
49
21
19
15
99
39
39
109
129
30
139
85
79
179
99
29
19.899999999999999
89
25
29
125
39
59
65
14
19
29
75
199
29
69
11
55
18
69
75
89
19
79
35
75
25
69
99
15
59
199
39
68
73
98
59
59
119
59
69
99
69
79
39
9.9
49
99
7
99
49
39
79
79
9
59
78
22
129
19
69
139
29
29
139
69
129
29
69
19
99
23
49
19
319
5
79
11
79
3
39
39
25
129
29
59
129
79
29.9
89
59
69
25
13
59
99
39
49
15
15
55
139
11
129
5.9
19
6
259
49
129
59
339
19
25
119
17
59
109
89
199
69
9
25
179
23
39
89
79
69
39
25
33
49
69
98
109
45
35
89
59
218
149
89
49
49
129
179
39
1.5
39
55
279
19
49
29
19
35
22
59
99
19
11
25
199
59
15
99
45
35
39
79
79
45
179
39
19
79
69
89
15
19
49
59
65
35
39
89
19
39
29
15
69
79
99
29
87
59
25
79
85
69
39
29
99
9
22
29
29
99
59
39
99
115
139
39
17
49
45
69
15
6
13
45
25
39
19
89
269
79
149
65
99
20
49
169
69
59
158
49
59
49
139
35
25
39
29
500
5
11
17
139
89
39
6
49
59
13.9
19
22
15
99
25
59
29
1.5
27
75
199
29
99
65
29
21
29
29
39
79
25
39
15
209
4.5
19
75
18
25
19
29
59.9
79
79
29
169
19
15
69
49
29
18
29
129
39
79
35
45
29.9
19
19
29
79
28
139
89
129
27
79
149
29
58
19
23
29
159
69
69
39
19
19
2.5
29
19
5
59
59
69
49
6
59
95
11
59
285
109
4
9
36
59
39
99
39
5
29.9
29
75
49
59
45
19
19.899999999999999
29
69
29
35
39
35
39
39
197
39
11
99
39
22
21
29
99
65
39
22
13
29
159
149
19
148
49
79
88
11
79
49
29
49
19
8
359
29
59
25
19
89
29
19
105
99
195
195
49
199
49
19
39
19
99
15
39
39
179
179
39
99
59
55
19
29
19
79
89
69
159
59
29
29
49
15
9
25
25
39
69
69
69
29
25
34.9
12
98
12
12
15
88
19.8
39
49
149
29
59
69
5
39
75
29
49
19.899999999999999
21
69
99
168
19
149
79
59
15
159
119
139
29
49
29.9
19
49
499
139
159
49
129
79
39
49
79
89
19
99
39
29
29
29
59
38
99
10
99
98
19
39
19
138
89
59
388
8
19
49
19
169
15
39.9
59
99
22
10
29
69
19
98
129
19
65
139
39
19.899999999999999
45
17
49
19
89
39
49
49
29
179
29
21
11
129
4
35
65
99
155
59
99
49
169
69
99
119
29
79
49
86
99
159
99
129
35
75
199
69
7
89
69
19
69
189
129
79
149
29
16
29
19
149
49
79
39
155
159
39
99
19
75
69
119
39
39
139
109
800
39
69
65
21
29
99
4
89
49
25
29
19
139
39
39
46
49
49
25
259
19
19
119
3
13
69
39
69
79
99
29
39
35
3
139
45
139
129
29
49
39
29
29
79
39
159
79
19
33
19
9
7
39
39
29
29
165
79
49
29.9
149
39
39
49
55
69
59
13
59
59
238
39
39
29
19
99
19
97
49
29
49
49
39
29
19
25
69
75
39
5
89
199
99
25
99
7
95
69
199
85
49
118
19.899999999999999
19
19
29
59
49
29
80
49
99
49
55
49
58
149
49
39
15
29
29
25
19
59
119
39
99
58
105
99
59.9
39
49
69
59
49
29.9
100
139
39
25
79
59
19
199
219
39
55
39
59
39
129
25
15
125
9
99
79
29
65
35
39
49
55
129
69
39
45
55
29
19
69
29
49
49
5
39
23
55
15
35
89
159
149
39
55
55
29
45
109
139
59
39
49
9
169
59
139
59.9
25
35
49
29
39
69
39
75
39
99
59
53
89
69
49
12
45
159
99
29
69
89
59
19
29
39
9
17
29
69
49
59
11
29
29
69
3
46
59
19
39
19
19.899999999999999
39
89
259
69
49
49
55
16
19
25
59
10
49
39
99
45
49
79
109
19
15
19
39
15
129
108
19
15
168
59
9
99
29
9
9
65
29
225
89
39
199
14
19
99
59
119
59
159
149
39
19
139
29
29
59
39
79
99
69
35
39
49
3
29
39
125
59
19
21
22
139
95
22
35
39
49
119
79
79
78
169
49
59
49
23
18
159
69
29
55
199
39
39
149
49
89
49
19
19.899999999999999
69
99
139
15
39
29
159
13
165
259
19
99
59
5
99
39
159
59
98
159
69
118
29
59
99
49
89
119
99
119
219
139
45
179
23
119
29
139
149
69
19
19
69
19
15
19
17
29
29
199
49
199
69
139
75
26
45
159
22
96
29
149
45
20
59
29
199
25
89
39
19
19
29
39
39.9
49
19
29
79
109
25
79
99
19
39
11
69
159
39
19
25
178
11
22
89
33
49
59
29
79
19
79
79
139
29
23
39
49
59
19
59
49
99
39
75
19
49
59
9.9
29
19
49
49
15
139
199
159
39.9
129
69
79
119
139
49
18
229
159
49
39
29
49
135
39
89
129
99
79
39
39
65
99
26
5
9
349
9
25
109
9
59
29
99
29.9
25
22
99
19
149
15
19.8
199
89
149
69
13
49
49
69
35
20
19
49
99
22
79
49
9
22
119
98
39
69
145
39
129
59
49
29
29
79
8
99
29.9
89
79
39
49
59
42
129
39
139
128
17
29
99
7
105
15
259
49
49
19
39
19
29
49
299
99
88
25
45
159
59
199
19
9
89
97
359
139
13.9
20
22
29
139
25
199
19
39
59.9
49
19
29
98
69
12
109
39
7
149
39
89
59
27
39
29
89
15
29
69
29
49
99
159
129
79
59
29
11
25
35
88
39
59
19
15
29
39
79
25
39
29.5
39
49
39
148
99
139
59
11
9.9
89
39
15
149
11
169
39
18
15
15
199
39
39
12
99
49
59
29
19
59
199
39
179
85
139
78
69
59
19.8
29
69
29
39
69
49
169
4.5
49
49
22
259
99
49
69
69
159
19
59
49
119
69
39
27
228
98
79
59
19
99
19
45
149
39
49
49
99
35
19
47
55
39
99
59
59
39
88
49
93
16
21
25
49
20
89
99
198
299
49
65
39
39
79
25
59
99
29.9
49
29
22
15
59
39
69
69
29
49
50
15
13
19
259
89
39
89
69
29
49
99
59
39
49
89
99
15
49
16
109
65
89
29
29
289
79
119
29
19
50
29
49
35
119
159
29
29
12
15
39
25
25
69
29
149
29
79
79
119.9
69
29
69
149
195
45
19
45
29
29
6
12
19
458
79
19
195
79
99
59
85
49
69
9
108
39
69
59
49
85
129
19
39
59
17
32
199
29
109
29
36
79
25
89
29
19
59
29
29
39
25
29
29.9
139
149
79
69
32
99
29
99
15.9
29
5
9
89
35
199
109
59
29
32
39
49
59
258
59
59
72
69
69
35
19
139
129
39
25
8
19
59.9
99
39
7
19
99
99
39
35
65
99
5
58
45
149
40
19
25
35
69
69
12
99
239
39
39
59
99
19
12
19
19
19
59
29
69
59
15
19
79
15
19
15
19
99
29
5
29
45
79
25
98
35
228
25
29
29
79
33
59
85
89
59
1.9
15
89
29
59
49
79
69
69
69
89
49
39
9
289
89
109
25.5
29.9
49
59
125
179
49
29
99
39
59
9
29
25
109
99
195
69
49
279
19
29
179
69
69
99
69
19
49
166
79
23
198
89
89
89
99
79
199
29
25
22
38
49
5
9
59
15
299
29
39
11
55
199
59
65
39
33
82
39
39
69
18
49
49
25
95
59
45
29
19
39
139
78
33
59
168
29
59
5
15
49
49
279
19
25
39
59
75
119
109
219
27
59
199
29
29
89
99
69
3
85
15
139
109
69
25
40
31
89
19
29
69
79
49
29
79
39
39
69
69
165
89
59
19
75
25
12.9
29
35
25
29
69
25
29
19
39
69
73
79
75
15
75
166
69
79
37
89
7
79
89
49
49.9
19
39
99
185
45
99
19.899999999999999
99
89
19
69
69
99
169
159
199
69
88
89
11
119
89
59
9
69
39
29
19.899999999999999
25
79
29
69
79
25
89
1.5
89
15
69
25
89
19
35
79
20
19
45
239
69
79
62
79
79
39
59
39
69
79
159
89
49
99
119
13
219
25
19
79
29
38
169
125
35
15
29
29
69
15
39
49
118
89
4999
85
35
65
19
39
19
49
29
119
29
29
149
299
29
89
39
119
99
39
39
219
119
29
199
69
75
119.9
279
59
59
9
59
29
39
19
99
19
59
119
108.9
29
19
39
89
139
79
9
159
6
179
29
89
198
95
30
89
29
25
69
39
39
125
69
29
15
21
39
125
49
29
9.9
135
99
79
23
109
119
69
19
49
99
149
69
89
59
39
75
19
25
59
59
99
45
45
18
59
19
69
49
19
69
49
79
39
188
72
29
79
205
59
55
299
89
59
45
99
59
19
139
166
39
20
39
17
39
59.9
39
239
40
217
39
99
119
69
25
99
129
89
259
65
6
29
99
29.9
69
25
15
29
49
59.9
45
29.9
49
35
29
49
69
109
85
65
49
29
69
75
23
23
79
19
39
240
99
8.9
110
149
128
23
49
99
19
49
119
49
6
19
19
49
319
39
9
159
59
19
59
299
49
29
19.899999999999999
55
45
112
65
19
35
79
16
75
16
109
49
29
139
59
29
19
59
199
149
199
49
69
31
46
69
199
59
11
9
15
69
39
59
17
89
19
29.9
119
59
49
139
99
139
11
99
59
59
99
59
65
39.9
99
70
29
35
69
1
45
19
19
19
49
4.9000000000000004
299
9
89
79
89
69
69
39
87
22
79
29
59
9
59
39
118
39
73
19
35
9
39
29
185
39
69
17
59
69
29
99
169
25
3.5
99
49
19
89
39.9
99
19
3.5
45
69
278
15
9
20
15
39
59
69
15
198
49
29
99
30
79
59
25
29
259
39
11
49
59
98
49
89
129
9
19
49
99
69
4
79
19
19
85
49
39
299
199
179
19
49
25
128
29.9
39
19
195
45
199
69
39
19
99
115
59
35
19
19
45
19
195
5
49
18
25
98
25
59
15
19
21
29.9
49
65
89
109
139
15
189
39
49
29
88
129
99
19
49
69
59
49
17
439
15
35
89
49
75
55
49.9
29
99
29
98
25
29
59
148
99
39
99
169
39
55
45
49
21
30
29
89
99
19
39
165
55
29
89
139
149
169
135
12
89
118
49
29
115
16
11
49
259
49
69
119
149
16
21
59
39
15
99
17
19
69
7
59
23
25
29
88
19.899999999999999
339
79
35
2.5
49
128
139
90
199
69
29
69
49
17
19
49
19
29
89
69
29
59
25
49
49
35
29
149
15
79
85
89
39
59
29
59
25
119
99
9.9
49
19
9
69
17
69
109
99
15
89
49
25
29
39
19
139
49
39
49
69
75
65
109
79
19.899999999999999
10
199
189
39
149
199
19
119
259
29
19
19
75
49
55
99
119
15
29
99
169
49
19
99
59
59
79
79
35
49
159
99
99
78
9
99
88
19
15
39
59
149
29
718
29
65
59
109
35
59
159
69
19
195
79
89
45
39
55
78
25
45
99
79
15
99
49
159
39
299
9
25
139
29
49
58
189
11
39
39
89
179
105
29
9.9
128
139
99
99
39
11
29
39
71
22
29.9
9
19
59
29
59
15
288
25
45
38
109
65
49
29
79
169
69
59
65
7
79
39
69
69
99
119
19
59
23
19
49
35
15
25
39
79
19
11
59
125
49
99
59
99
49
39
399
65
135
229
49
39
59
79
79
19
239
49
25
45
69
69
55
49
79
19
99
69
49
119
90
69
59
29
59
159
39
39
29
29
45
128
65
39
50
238
89
79
59
99
399
49
19
79
99
49
89
29
35
19
179
69
98
218
69
59
19
59
119
99
65
199
99
19.899999999999999
399
99
59
49
28
99
19
9
49
49
25
29
5.5
9
49
19
6
39
49
29
89
7
59
39
39
89
8
69
29
29
59
35
39
299
19
19
159
15
39
39
79
339
90
99
49
139
109
219
22
89
25
29
25
39
79
29.9
69
129
89
89
69
158
49
109
10
19
69
15
89
19
49
34
13
49
49
19
22
99
59
59
59
9
78
65
9
35
75
99
79
28
15
59
28
69
29
69
29
479
39
169
159
59
49
19
99
298
45
129
69
248
38
6
99
49
69
79
88
12
36
149
65
59.9
199
85
89
49
89
99
89
59
159
129
139
39
99
98
29
39
79
49
29
79
59
79
79
88
49
13
59
19
39
159
5
5
35
49
119
22
85
159
22
79
39
49
19
59
19
29
29
29
89
29
9
29
89
29
59
9
59
69
19
12
13
139
11
85
49
139
29.9
139
79
139
49
59
39
55
49
29
49
29
22
21
45
49
119
66
9
39
29
199
79
59
49
29
99
119
68
29
25
29
9
39
29
7
39
128
45
19
29
5
49
59
68
59
49
109
25
35
119
189
29
89
49
59
88
55
69
88
179
5
69
29
379
199
29
69
71
11
79
39
119
166
4
25
79
59
69
13.9
6
25
139
89
59
39
12
59
