25
279
99
39
75
39
49
25
169
79
29
105
119
49
79
35
15
83
65
75
39
49
115
109
15
49
29
149
59
13
29
159
39
29
188
99
19
28
79
675
88
79
49
139
69
109
29
15
79
9.9
49
29
6
49
9
39
159
45
55
39
9
9
59
49
45
59.9
89
29
99
9
89
29
29
39
29.9
59
65
22
25
29
165
79
69
88
39
29
59
149
79
259
29
29
238
15
148
89
29
169
27
49
119
49
89
149
39
12
149
13
115
189
119
35
55
59
9
65
29
299
39
15
69
29
79
59
149
99
19
69
59
109
139
49
151
15
29.9
29
69
49
69
149
25
95
55
99
13.9
69
89
69
235
39
72
199
69
59
19
39
199
29
49
49
35
69
29
19
39
69
89
55
5
49
199
29
15
49
45
99
59
67
29
109
39
29
148
15
19
15
259
49
79
39
25
39
49
49
59
69
69
16
19
39
29
25
179
69
29
79
46
19
159
29
55
35
25
89
169
139
155
99
3
29
29
9
9
19
3
29
139
69
35
45
89
43
7
5
98
199
19
25
25
169
99
59
19
49
299
65
69
69
29
25
39
39
79
39
79
199
19
11
29
99
39
239
15
15
79
69
9
99
19
19
219
19
49
95
25
159
49
25
45
99
45
39
65
59
189
8
39
19
149
49
15
19
39
21
69
21
59
59
17
99
35
15
15
39
119
59
45
139
89
125
65
39
39
119
9
79
39
75
35
6
75
59
35
17
39
45
39
19.899999999999999
59
19
29
21
99
29
39
89
29
4
59
29
18
268
59
19
69
49
29
69
299
49
59
63
19.8
7
79
99
9
29
29
29
99
29
49
25
99
269
34
29
139
22
139
59
39
88
179
59
89
19
19
29
13
49
19
19
19
69
39
11
19
69
59
29
6
117
49
139
49
159
29
59
55
79
279
45
39
269
55
35
79
49
3
19
49
29
69
29
69
58
69
19
99
19
29
199
33
15
79
29.9
75
19
59
29
29
19
39
119
199
49.9
39
29
22
29
99
12
69
29
35
75
15
55
5
249
10
59
129
17
13
69
35
59
69
79
279
5
21
49
19
99
89
119
85
15
9
39
29
199
15
29
39
16
199
99
119
99
149
35
9
9
69
69
19
89
56
59
29
109
129
99
39
13
49
185
29
159
49
128
40
139
139
47
69
29
9
29
59
49
125
199
69
19.899999999999999
29
49
89
65
19
81
159
19
29
29
49
49
79
45
99
299
149
29
79
21
18
19
25
49
19
29
65
98
15
159
45
25
76
89
49
39
49
9
159
59
52
99
49
79
99
95
59
59
49
59
9
7
69
19
19
59
39
219
96
39
9.5
99
188
49
29
59
99
95
259
19
39
25
79
29
19
99
479
79
79
69
29
19
59
59
45
50
185
29
1.5
99
21
39
39
69
119
89
168
15
89
65
59
13
35
39
29
69
59
125
29
99
99
99
35
158
9
19
59
139
109
29
35
59
33.5
19.899999999999999
39
139
69
65
39
158
59
119
85
19
49
39
91
25
29.9
199
49
59
79
98
98
19
69
79
98
19
29
45
29
59
79
59
49
39
11
79
35
19
55
49
59
19
13
99
99
19
228
111
49
49.9
23
7
45
179
58
19
115
99
29
65
45
99
49.9
15
29
19
135
59
79
99
9.9
23
49
29
8
9
49
15
59
149
29
95
89
189
79
39
99
16.899999999999999
29.9
29
269
89
39
89
89
99
59
69
39
39
19
79
34
179
39
29
55
159
6
69
149
19
108
13
7
69
3
99
19
19
398
85
69
39
89
45
109
39.9
129
89
129
135
39
49
119
39
19
9
22
19
79
89
49
71
23
15
159
49
69
39
39
5
69
45
49
19
169
45
69
69
15
199
269
19
29
37
179
49
168
25
139
79
29.9
39
22
49
49
59
29
198
19.899999999999999
89
5
89
109
89
89
68
159
119
19
59
35
39
69
15
59
69
45
29
39
99
19
49
67
89
69
69
219
15
69
159
99
59
59
158
19
39
19
99
29
39
29
55
59
159
49
129
59
189
29
115
99
49
49
59
87
98
79
69
39
79
49
59
109
15
99
19.8
19
50
29
29
29
99
89
5
29
59
139
39
89
69
89
159
15
49
19
39
398
228
49
166
29
89
69
12
199
55
19
3
89
89
19
29
29
55
17
199
199
49
75
19
45
138
49
29
2.5
15
29
49
59
29
59
69
89
99
98
69
199
15
59
59
279
29
39
39.9
85
159
19.899999999999999
328
79
29
119
21
229
39
69
10
25
89
149
55
18
29
15
35
46
29
29
169
68
29
139
69
29
139
39
39
35
89
69
139
299
29
89
12
75
55
65
35
149
39
22
29
129
6
25
43
15
39
99
79
129
55
45
69
69
59
79
19
59
195
39
29
59
29
79
79
99
29
289
89
19
89
109
35
29
19
99
19
75
29
19
79
29
65
159
159
25
179
49
199
29
29
29
13
19
99
21
19
29
19
65
35
299
39
60
49
35
89
439
89
3
29
29
119
69
49
69
21
99
22
69
25
49
15
69
39
75
59
239
59
119
59
228
39
11
29
49
195
79
179
12
29
139
199
59
49
29
89
49
19
50
20
95
99
59
199
49
399
12
35
79
39
149
90
79
7
45
18
15
65
99
9
19
29
139
15
99
65
29
29
99
99
29
29
79
79
129
29
99
99
29
23
69
25
99
11
29
35
120
29
21
9
19.899999999999999
74
59
15
69
69
69
69
19
268
15
99
49
5
99
29
12
49
49
39
79
79
49
19
49
39
19
49
139
33
168
299
18
25
19
35
15
128
219
125
75
69
29
59
79
39
19
179
279
69
119
99
59
69
53
49
69
39
99
4.5
39
19
49
39
39
7
19
19
79
19
139
169
19
45
49
29
69
49
89
118
20
59
22
99
49
55.9
9
5
29.9
13
29
158
22
39
35
19
99
9
99
99
19
79
89
89
65
59
39
89
9
35
29
139
89
189
35
49
59
19
29
49
19
55
109
49
79
23
39
59
29
69
28
7
69
39
21
39
79
59.9
69
46
19
19
7
19
79
149
39
69
69
49
59
34
35
35
29
39
99
45
109
119
29
89
189
119
29
129
11
69
39
89
49
99
159
27
3
129
69
29
49
19
49
59
39
159
29
59
9
49
49
19
59
13.9
13
25
25
5.5
139
59
49
39
9
25
35
45
17
104
15
29
75
49
39
299
29
129
189
79
59
45
179
39
20
19
209
238
12
168
10
89
179
69
45
65
9
99
22
99
59
29
29
29.9
69
119
69
85
45
35
59
89
55
19
55
29.9
29
19
43
22
39
98
99
29
49
29
99
39
22
19.899999999999999
59
39
19
99
39
59
19
39
49
120
379
29
59
99
109
39
49
5
139
26
25
129
39
39
99
19.899999999999999
19
4
95
39
3
69
23
19
159
69
19
25
139
19
89
89
105
55
59
119
79
69
29
59
29
119
39
99
29
149
35
69
99
59
59
89
49
19
25
49
39
55
75
79
69
22
69
59
23
83
155
179
88
19
59
19
49
119
49
19
28
45
149
15
19
19
29
15
59
89
39
138
69
149
299
39
23
39
49
35
19
758
29
99
45
19
89
59
200
99
59
109
99
89
99
69
189
18
69
69
19
39
159
199
29
32
39
55
19
16.5
39
99
15
69
69
39
65
169
89
69
59
23
35
65
89
139
11
35
79
11
119
19
25
89
49
25
49
35
29
119
89
145
25
99
69
15
36
99
19
79
119
35
29.9
105
299
159
99
69
379
10
59
299
119
55
99
49
58
29
39
960
99
19
14
49
99
25
119
119
189
15
138
49
49
5
35
59
19
199
25
13
39
49
29
99
59
79
59
85
89
269
169
11
15
299
49
29
39
98
6
29
99
29
99
19
19
29
58
55
29
39
119
11
15
28
39
19
58
69
69
19
359
39
149
19
19
299
15
9
29
19
195
29
23
189
29
35
19
80
59
15
39
89
89
29
99
13
69
59
6
13
119
79
79
39
69
79
99
66
75
99
59
79
129
15
25
239
89
89
29
19
19
189
189
23.8
129
19
19
29
99
119
15
49
99
29
59
29
69
29
25
159
99
69
29
98
89
119
109
99
15
59
29
49
29
29
29
39
95
139
35
99
49
19
71
39
75
29
99
69
69
45
129
25
49
29
16
69
39
98
83
39
169
25
89
189
79
139
88
39
69
59
89
99
49
69
49
79
7.5
129
69
249
55
29
35
17
22
49
99
49
17
79
99
249
29
45
45
49
39
329
79
39.9
29
19
19
29
19
129
2.5
59
59
19
45
167
99
89
79
9
15
9
35
25
29.9
19
79
39
69
69
195
69
109
98
219
23
29
79
39
45
19
69
128
39
23
99
15
69
69
22
39
59
49
22
339
69
200
69
39
99
119
139
2.5
19
89
79
99
35
59
4.5
59
16
29
29
25
99
39
88
13
29
89
49
79
15
79
99
129
69
39
145
149
49
29.9
9
65
99
49
29
199
135
29
15
29
15
69
69
99
19
70
89
199
22
169
99
99
39
59
49
39
199
29
349
23
45
59
115
6
69
19
119
29
19
39
109
15.3
19
89
69
29
29
25
99
19
55
39
29
15
59
139
108
29
99
59
79
55
25
189
49
25
25
69
69
49
13
29
29
199
19
319
19
19
55
39
69
59
90
22
39
39
29
35
139
89
119
19
119
349
49
89
7
39
49
69
99
149
29
19
25
19
5
158
159
9
22
11
49
19
39
49
29
19
89
29
99
49
69
13.9
175
29
69
79
17
139
9
69
9
446
89
69
299
69
129
69
69
29
129
159
39
89
69
129
89
29.9
99
29
69
49
135
49
12
215
89
22
259
29
45
109
89
5
659
59
29
19
59
99
55
19
99
99
79
95
29
15
99
32
99
29
195
79
7
49
99
69
45
89
55
39
59
39
39
55
55
119
19.899999999999999
35
19
69
29
80
39
29
128
78
99
104
49
79
199
19
99
36
29
69
19
59
35
79
45
32
19
65
19
95
25
45
39
139
69
79
69
69
149
13
69
25
95
49
3
39
9
59
159
159
99
49
49
49
35
19
39
69
179
59
29
346
49
59
89
29
25
199
149
35
76
19
29
55
69
29
79
15
89
76
49.9
19
19
29
149
199
79
79
45
13
12
39
39
9
79
79
139
89
8
13
65
29
195
9
59
39
39
39
19
35
65
115
79
139
23
119
10
19
49
98
22
149
19
85
39
198
69
159
89
39
39
49
29.9
59
45
39
29
30
99
129
6
59
179
59
69
39
35
49
69
45
29
39
29
229
59
79
99
229
49
109
19
49
139
259
59
29
65
45
49
76
69
29
29
159
149
29.9
18
59
99
19
19
99
23
19
65
19
189
379
25
278
109
29
23
89
22
139
27
279
59
79
149
59
10
89
59
219
89
139
75
39
79
718
79
99
79
39
49
6
39
19
199
39
59
19
29
188
39
39
39
8
59
49
29
39
13
49
65
139
249
39
59
15
29
99
75
139
22
50
19
8
85
79
39
59
35
199
35
109
239
65
79
89
6
19
19
59
89
39
29
99
15
69
53
69
29.9
19
35
159
9
15
15
15
99
79
239
98
15
19
59
59
39
19
89
19
19
99
39
99
169
39
15
76
19
25
299
159
39
149
15
39
29
25
125
13
19
49
29
56
188
95
29
59
98
29.9
29
59
59
89
35
49
5
39
39
65
13
30
88
35
88
25
18
49
15
29
49
19
19
159
29
19
69
79
29
7
99
39
99
69
19
8.9
29
119
179
5.5
89
5
198
129
99
159
9
29
26
25
15
49
49
19
13
11
99
49
49
45
79
69
109
19
12
22
139
129
198
49
718
29
29
79
59
79
29
29
15
45
29
60
299
29
10.9
15
19
29
79
39
65
99
45
29.9
29.9
99
29
15
79
79
17
9
89
59
79
59
29
32
19
159
25
19
19
9
59
69
69
149
79
19
129
39
13
19
109
119
329
359
59
49
99
11
19
49
39
59
128
25
65
39
99
35
49
39
89
125
199
79
65
79
149
59
25
49
39
79
29
29
15
39
29
49
14
119
65
99
79
45
119
39
99
29.9
119
139
19
99
5
39
19
98
49
49
20
25
49
29
79
218
99
9
29
55
89
39
79
59
79
12
69
279
98
69
69
118
49
19
35
29
169
29
19
49
158
15
29
199
49
25
89
59
166
49
19
15
25
55
3.5
69
15
19
19
69
99
39
29
99
49
9.9
199
39
49
15
19
69
89
15
49
69
45
39
109
35
17
149
45
39
35
199
199
199
29
19
15
29
15
138
79
59
19
29
69
29
239
49
99
39
69
25
27
29
79
59
25
12
39
299
9
85
89
29
17
149
35
119
139
19
29
29
39
279
15
69
29
125
29
59
59
125
25
119
69
29
45
9
129
59
29
119
59
29
45
189
29
89
45
79
29
59
29
19
39
139
39
42
19
29
79
49.9
99
89
29
12
9
59
19
99
199
25
29
35
149
29
25
35
119
29
9.9
69
13
99
39
49
29
79
39
19
19
79
89
95
15
59.9
7
17
29
29
199
119
33
79
19
69
19
29
35
39
39
85
129
22
59
99
89
99
279
69
69
99
49
59
19
89
49
49
19
29
99
55
49
39
23
49
89
99
49
25
299
160
19
49
45
35
89
29
15
49
99
89
129
17
25
29
119
69
21
59
35
35
59
149
69
49
19
29
55
29
58
119
139
25
29
69
109
65
10
49
25
19
25
139
29
29
16
25
39
59
12
29
15
10
95
3
75
69
148
19
19.899999999999999
25
13
115
99
79
79
49
15
4.5
179
159
49
29
139
89
29
29
29
59
59
55
21
29
11
189
59
19
39
85
39
30
99
75
11
19
109
269
39
15
89
145
59
39
16
39
89
155
98
39
169
228
49
69
119
49
29
119
99
138
5
49
60
59
99
45
48
29
59
19
99
65
13.9
55
19
151
9
159
19
99
4.5
99
45
9.9
19
69
19
19
19
239
39
39
29
25
29
19
15
23
59
79
99
69
158
35
59
15
59
25
129
59
19
159
25
47
39
39
29
22
59
79
199
69
65
279
39
99
12
15
179
12
119
49
29
35
88
458
79
49
59
69
49
83
9.9
19
29
69
49
23
6.5
35
79
29
65
179
99
199
24
29.9
29
169
49
89
99
159
49
39
45
19
45
25
19
99
79
29
169
19
79
99
79
29
19
10
33
39
29
59
19
79
59
129
29
199
99
39
129
79
149
75
89
29
17
109
12
29
119
29
49
69
49
119
29
99
69
16
99
59
25
179
29
49
49
79
69
49
49
19
16
35
89
219
59
69
99
19
69
119
49
69
29
3.5
59.9
29
29
49
99
49
29
27
45
49
79
299
79
22
99
39
149
37
31
79
599
69
109
259
39.9
19
129
239
19.899999999999999
5
39
99
59
59
109
19
129
29
29
39
29
25
9
59
125
45
29
75
59
19
8
19
9
29
49
19
10
15
69
9
29
79
16
39
59
39
99
79
19
69
69
59
59
149
19
29
29
29
49
29
39
29
69
5
19
128
39
279
49
59
25
29
69
19
69
49
29
69
288
3
59
55
29.9
25
25
19
159
35
19
39
179
99
59
12
49
79
35
19
129
89
23
199
99
59
119
49
25
98
9
119
23
19
9
29
17
6
129
89
99
49
49
59
69
49
35
69
49
69
129
49
29
49
25
79
139
139
5
699
48
19
49
29
29
99
89
9
115
19
37
29
65
59
42
79
29
29
99
59
59
59
39
15
29
29
25
9
99
49
55
59
99
49
29
99
29
39
19
39
15
49
39
20
39
79
129
49
35
129
59
8
59
39
39
24
29
20
49
55
69
79
55
99
99
99
29.9
11
35
19
69
39
99
55
69
119
23
99
19
65
115
49
159
146
159
6
9
39
22
55
69
15
69
45
99
45
69
49
49
59
32
139
99
25
12
39
19
69
12
49
49
29
179
98
129
99
7
19
65
59
39
29
32
35
29
69
279
19
19
99
98
49
99
59
11
19
48
39
85
49
99
69
49
29
19
95
129
139
29
99
89
29
49
99
39
7
15
99
119
25
19
11
13
125
135
99
9
69
49
49
199
13
89
75
29
29
149
55
39
479
15
39
89
25
29
7
119
9
19
79
175
3.5
119
99
15
29
139
9
29
125
69
22
29
55
129
69
188
17
3
3
29
59
59
89
69
59
49
99
16
458
89
9
149
19
99
39
125
159
99
89
99
59
108
69
19
129
39.9
95
29
139
59
19
79
19
69
49
69
49
99
25
139
89
198
149
179
109
39
59
49
25
399
19
11
32
19
89
19
19
79
39
25
35
59
39
33
9
25
15
139
179
39
69
29
25
55
19
39
79
19
17
69
45
35
89
32
22
99
15
69
49
69
17
29
299
7
15.9
39
29.9
149
35
79
35
59
99
59
139
179
129
39
59
81.5
29
99
119
99
39
159
29
19
19
69
9
85
139
79
89
65
59
15
45
79
59
75
15
39
107
89
35
119
8
79
13
9
68
99
99
69
7
99
89
59
180
89
10
19
39
47
19
49
89
19
29
19
29
6.5
29
59
49.9
59
21
148
49
23.8
49
9
19
49
139
269
15
49
99
59.9
49
45
49
17
99
70
19
29
9.9
39
12
89
159
13
19
11
69
89
155
159
89
29
189
359
129
29
39
99
89
65
45
109
59
25
29
49
29.9
129
19.899999999999999
17
29
79
11
19
79
89
22
29
105
89
15
159
99
299
39
69
49
19
39
33.5
29
35
49
79
79
23
175
19
39
79
89
19.899999999999999
139
39
19
23
49
39
109
59.9
199
49
12
79
49
59
23
49
89
39
49
39
35
19
69
79
69
65
49
169
11
79
69
39
23
17
49
49
39
39
29
79
75
239
188
9
39
39.9
59
59
119
79
11
89
49
35
25
99
5
65
69
49
39
29
29
99
19
22
49
29
19
29
279
11
69
79
39
69
99
279
6
39
15
10
69
22
69
49
19
195
109
149
69
19
39
99
49
39
55
259
15
29
39
79
49
89
59
149
149
29
129
69
99
59
99
29
39
99
179
39
39
49
24
49
39
49
39
179
25
29.9
35
69
65
99
15
59
49
9
49
69
49
89
59
9
99
59
59
19
5
59
149
13
49
29
229
59
99
139
49
17
49
29
119
69
60
119
29
49
49
29
99
29
159
30
279
118
199
109
25
49
59
69
99
49
15
11
179
59
15
59
49
22
89
39
39
45
99
29.9
79
89
139
69
15
89
219
19
39
29
59
89
35
99
41
39
17
69
29
25
15
29
79
65
33
49
69
19
19
179
129
49
49
29
59
139
139
29
188
59
119
59.9
29
39
49
69
69
145
49
29
12
79
99
59
79
59
99
49
29
59
19.899999999999999
29
49
79
45
55
19
29
19
49
99
8
39
228
89
15
17
129
79
21
29
25
29
29
168
86
49
39
25
99
139
119
34
9
49
188
50
21
88
95
139
59
218
49
39
8
29
239
79
45
39
29
59
69
22
39
49
29
128
89
199
39
45
29
49
69
22
7
359
119
6
53
11
89
59
49
19
69
195
99
49
99
79
139
248
21
99
31
45
49
139
89
49
49
19
30
65
49
49
19
69
69
29.9
39
6.9
22
39
29
78
79
89
88
29
79
13
49
39
19
35
45
89
35
9
29
69
45
3
69
55
25
115
25
89
29
19
99
98
59
99
35
29.9
55
13
49
49
129
89
5
119
139
19
29
45
19
105
39
25
19
15
169
21
55
69
19.899999999999999
49
119
49
69
49
79
35
19
69
99
89
139
59
38
39
39
39
39
29
59
19
59
49
15
15
99
25
58
49
7.5
99
198
69
69
139
29
19
69
195
279
98
19
349
149
29
79
179
39
138
29
109
119
69
49
15
59
79
29
19
39
39
69
49
49
65
39
69
99
129
59
39
89
36
25
35
19
29
219
29
29
99
39
79
29
15
9
29
79
19
13
69
439
159
119
125
39
69
20
39
269
96
79
119
129
19
758
199
4
25
155
49
339
29
39
59
19
99
119
129
59
19
9
29
29
69
109
29
49
49
79
59
169
12
199
129
115
39
29.9
59
179
35
79
59
39
69
13
199
15
149
19
59
98
19
119
55
75
19
25
25
149
49
99
239
49
139
139
79
39
150
79
19
45
99
29
25
55
19
19
15
79
49.9
12
45
25
9
79
99
79
9
85
149
29
49
89
29.9
149
69
299
89
23
69
39
79
39
68
39
29
49
82
59
49
19
99
59
29.9
79
39
3
19
29
99
33
119
19
149
29.9
128
10
59
119.9
185
35
55
39
49
39
22
138
59
29
29
19
39
99
39
25
129
65
49
49
29.9
39
179
38
19
29
239
25.8
59
89
149
89
29
29
49
19
39
69
39
93
39
39
19
99
599
69
79
39
25
29
3
59
19.899999999999999
19.899999999999999
11
39
109
59
9
49
19
39
195
119
69
69
49
169
19
149
55
29
65
18
29
13.9
29
45
189
29.9
79
99
150
189
22
39
65
109
27
109
25
169
219
39
59
59
85
22
19
9
20
29
19
79
49
15.9
399
29
59
45
29
39
119
49
25
149
119
199
49
29
29
89
79
59
55
99
159
230
5
79
9
149
49
29
99
199
59
169
119
19
79
79
99
35
29
49
35
40
79
29.9
29
69
49
29.9
129
35
119
9
29
99
99
39
39
45
69
55
35
195
25.5
29
49
39
68
29
323
75
3.5
6
21
22
1.9
3
149
39
199
59
149
800
29
49
39
89
19.899999999999999
18
199
29
39
35
39
59
39
49
138
65
29
198
99
69
129
6
45
99
19
79
49
99
65
49.9
49
39
29
65
175
29.9
79
79
50
19
19
19
20
59
179
25
158
29
289
19
29
6
29
29
59
129
15
9.9
45
55
39
4
198
718
59
249
19.8
89
5
49
49
49
19
15
39
29
75
168
39
339
45
15
49
49
29
35
35
9
5
23
17
195
59
49
59
9.9
45
65
39
148
29
60
135
39
19
49
75
89
29
3.5
158
168
65
249
99
45
39
45
158
59
79
79
11
59
99
59
99
45
35
99
15
35
119
12
19
139
69
89
55
69
75
29
15
139
19
11
4
7
19
49
49
69
79
19
89
95
59
35
89
59
15
129
5
79
139
69
79
39
69
13
39
39
9.9
55
5
138
169
119
19
118
39
59
25
89
428
79
15
31
35
59
129
108
139
39
99
99
29
89
29
21
19
89
29
179
45
39
49
139
