15
29
25
39
129
59
29
23
99
299
99
35
69
29
29
135
49
99
17
29
19
7
119
19
139
79
9
199
69
65
19
69
5
39
119
49
48
29
15
22
145
20
159
99
59
119
19
65
39
49
59
5
49
19.899999999999999
19
79
19
99
55
115
11
69
143
99
55
155
22
59
13
228
55
29
108
49
29
69
49
199
199
279
9.9
65
29
29
35
49
49
25
39
79
59
25
109
19
24
29
2
11
75
15
19
119
89
49
19
39
39
55
99
49
89
29
11
99
39
29
29
229
9
35
29
49
69
59
39
99
39
139
20
215
49
45
119
42
49
15
129
29
9
145
49
29
89
99
39
39
99
39
79
49
19
59
31
115
29
29
219
195
6
70
11
49
45
129
139
60
69
89
79
89
9
49
69
29
79
35
39
59
15
29
49
299
25
29
39
29
69
19
39
29
89
24
49
49
39
69
159
49
8.9
129
109
59
149
29
119
6
79
29
29
138
39
129
159
49
18
59.9
149
59
118
19
139
49
39
29
22
15
1.5
49
29
39
29
33
19
10
39
29
19.899999999999999
21
99
29
49
139
17
7.9
12
99
19
149
79
29
38
129
59
39
5
25
29
139
19
379
49
9
59
59
10
59
25
9
139
59
19
149
45
19
79
579
13
19
139
89
60
69
19
29
15
159
11
159
20
65
13
34
19
99
12
5
21
29
199
39
99
79
39
17
29
155
99
19.899999999999999
69
19
79
29
59
299
19
89
99
29
59
19
19
96
35
169
108
15
39
29
39
458
39
9
69
139
55
19
37
49
29
89
15
65
39
99
89
149
75
69
39
55
69
29
88
59
99
39
69
65
135
55
359
29
59
59
99
5
45
29
65
70
59
99
50
23
49
139
79
59
139
29
59
17
25
69
29
59
35
39
149
19
39
69
99
109
65
69
269
39
49
65
45
29
79
19
19
75
49
39
9
11
19
159
12
49
76
69
15
9
169
20
29
39
59
69
29
79
29
99
269
79
19
29
69
19
29
99
13
19
69
19
59
69
25
109
29
15
29
50
12
49
29
99
29
25
88
39
29
89
169
79
21
29
159
45
49
79
59
329
39.9
4
22
35
39
118
49
21
49
19
25
19
79
149
229
99
5
9.9
129
99
59
39
19
89
19
19
119
19
15
25
15
29
19
290
69
89
119
23
49
35
25
29
29
239
69
189
49
9.5
79
69
59
59
178
10
15
19
69
79
129
53
49
59
189
89
129
49
29
29
49
59
21
59
29
35
55
79
69
49
35
429
45
19
29
89
59
15
11
49
69
99
39
19
29
49
59
79
29
3
59
49
15
99
69
19
199
49
39
99
79
149
99
79
13
39
189
79
19
49
19
25
98
45
35
5
29
9
59
39
69
159
35
9
69
119
19.899999999999999
49
69
199
19
3.5
38
35
59
89
25
25
99
75
159
19
899
99
159
89
159
5
49
69
29
39
75
99
35
29
12
11
149
29
39
359
58
22
29
25
139
59
19
27
115
19
49
279
49
79
35
60
139
19.899999999999999
29
39
79
89
79
23
29
99
65
4.5
49
65
39.9
19
39
125
99
69
55
109
39
65
87
10
58
13
19
39
10
15
49
39
89
39
29
49
49
29
199
39
39
78
189
49
138
89
129
29
9
69
11
13
19
29
89
29.9
130
49
99
35
25
19
19
99
18
189
89
69
69
17
99
49
119
109
59
15
71
89
58
105
169
98
99
399
59
49
19
215
139
39
19
22
59
89
9
109
65
11
9
29
19
169
22
49
22
35
129
2
59
69
69
59
25
17
39
199
119
39
99
359
79
49
19
99
59
49
59
128
25
189
89
22
69
19
198
179
15
59
85
29
89
29
39
9
59
49
25
79
79
39
79
149
49
429
18
99
59
69
49
52
185
99
79
35
39
5
59
7
79
29
169
59
19
49
39
89
13.9
35
59
9
29
119
29
20
69
69
139
29
35
79
19
99
45
55
39
31
99
68
59
99
89
29
69
29
29
23.8
29
129
29
29
39
22
25
109
15
29
69
299
168
49
11
75
59
29
99
59
99
199
18
79
13
79
15
59
88
45
29
5
195
12
73
15
199
379
19
15
89
39
79
9
59
109
89
19
79
69
29
79
19
119
89
29
69
21
79
59
38
99
79
29
9
69
29
39
29
15
69
59
10
29
29
45
109
29
199
119
29
69
148
35
45
458
7
129
139
45
308
45
11
199
49
11
49
189
29
27
79
109
19.899999999999999
49
29
19
98
79
149
75
58
79
49
95
99
69
59
39
13
49
19
49
59
19
35
29
85
85
39
59
35
35
29
39
99
65
9
69
69
49
129
99
29
15
139
49
25
79
99
49
69
99
69
59
45
39
25
29
49
500
39
60
99
19
69
59
5
19
168
79
29
99
30
12
39
18
148
89
39
99
55
59
29
59
99
49
59
15
59
25
27
59
45
80
29
45
59
9
39
19
59
29
19
59
159
9
59.9
29
29
79
39
49
49
39
59
69
29
19
19
19.899999999999999
99
29
5
15
59
119
29
29
718
60
20
49
29
19
59
49
39
79
29
119
69
29
55
49
39
59
49
119
19
25
219
39
49
39
29
159
49
29
99
29
29
65
49
29.9
18
29
40
39
38
45
49
10
35
99
49
49
18
25
99
19
299
79
59
19
99
89
99
69
19
79
89
19
89
45
199
15
89
75
115
29
45
11
45
75
29.9
79
15
29
49
19.8
18
89
169
138
7
179
49
59
29.9
15
59
9
9
129
49
49
99
29
25
89
9
169
178
49
79
125
19
39
29
59
179
119
99
159
69
49
39
59
39
7
149
49
47
149
99
85
39
5
29
90
75
49
39
179
59
19
139
39
88
49
20
29
49
12
69
39
29
49
25
129
23
10
39
29
59
139
29
79
59
29
19
79
19
159
29
19.899999999999999
99
19
199
79
129
9
65
39
45
279
39
119
34
19
29
29
119
19.899999999999999
59
55
35
208
32
39
179
19
39
109
49
19
49
35
159
39
29
29
169
89
16
39
49
39
35
125
55
39
49
145
10
59
75
89
69
99
69
17
19
159
39
15
15
99
39
99
75
31
19
25
159
7
59
59
49
15
29
99
105
69
199
19
55
13
25
19
39
279
25
25
99
29
69
39
139
39
29
179
79
69
275
49
99
15
25
7.9
188
75
24
69
159
15
59
43
39
55
59
39
31
69
279
19
39
219
25
59
49
258
29
129
11
15
19
25
39
59
169
259
49
69
85
45
25
75
39
25
39
158
39
25
59
79
199
19
69
29
49
29.9
148
238
29
39
69
18
49
29
7
85
22
29
59
17
169
29
89
55
35
89
99
179
29
98
29
59
20
79
135
21
19
49
159
29
15
59
25
99
15
6.5
119
29
59
39
169
25.5
79
39
89
79
199
29.9
98
49.9
59.9
19
39
99
29
5
19
69
29
39
59
39
79
149
39
222
3
32
18
89
69
17
89
29
88
59
8
25
45
15
7
65
59
49
39
6
25
59
129
15
65
55
55
69
179
59
29.9
29
85
29
99
7
800
49
99
19
9
15.9
79
39
59
7
718
19
49
79
99
13
99
59
8
109
39
45
11
198
99
49
49
59
79
49.9
89
118
800
249
29
129
39
89
19
189
69
59.9
89
159
69
15
135
59
59
49
17
13
79
69
25
39
39
59
79
59
5
22
139
55
89
19
49
139
25
49
198
49
139
59
109
89
39
99
299
79
49
15
49
149
5
29
59.9
99
39
19
59
32
49
99
59
29
69
89
109
149
99
59.9
69
29
39
59
79
3
59
135
19
15
9
236
199
49
26
39
69
19
89
29
19
15
49
89
35
35
89
88
6
49
159
69
199
59
39.9
269
39
30
21
29
25
15
30
22
99
139
75
15
29
99
69
146
35
99
59
98
89
39
158
69
75
55
39
3.9
88
99
21
89
29.9
29
29
55
59
75
79
65
49
123
99
159
199
20
159
139
79
109
19
89
219
9
19
18
59
99
45
69
39
9
59
29
99
29
39
29
26
139
32
89
19
129
39
199
89
15
69
55
139
199
99
73
177
109
29
89
99
49
29
49
19
19
99
99
89
109
39
27
89
45
59
40
39
39
129
19
99
89
49
19
199
139
126
159
99
19
99
79
59.9
69
88
55
73
39
129
9
279
19
149
145
198
5
98
59
19.899999999999999
49
49
98
69
29
239
25
99
75
89
29
149
59
99
10
49
27
39
49
8
39
69
25
49
39
79
55
139
8.9
139
49
69
39
18
29
55
49
169
69
8
39
99
89
59
14
325
29
119
69
44
19
8.9
49
45
49
119
3
99
69
159
59
19
109
59
79
55
19
12
69
39
79
39
49
89
69
119
9
29
49
3
59
35
79
79
59
199
89
159
39
99
29
29
79
149
55
239
69
29
99
59
39
99
49.9
29.9
45
315
15
198
39
179
19
46
29
79
99
25
49
19
45
79
49
129
45
89
79
89
12
39
139
29
69
69
99
15
79
29
49
39
49
349
49
339
59
39
169
39.9
29
29
159
29
55
15
49
29
21
89
39.9
39
59
79
22
95
23
69
35
19
69
32
39
69
12
69
99
79
119
29
298
79
25
29
139
9
19
79
11
89
59
29
79
49.9
55
49
65
49
99
159
29
59
85
17
59
79
75
99
49
139
49
69
29
79
25
29
49
39
49
65
12
39
39
29
29
59
39
10
69
129
49
29
89
39
89
79
59
29
119
39
12
13
17
49
19
29
37
49
29
22
39
15
59
85
39
99
138
39
19
99
29
118
219
39
15
159
99
199
149
110
49
99
31
59
109
199
69
129
29
69
19.899999999999999
69
39
58
69
23
39
219
59
19
79
39
29
139
169
79
79
45
59
39
59
25
38
49
19
119
39
149
19
99
25
29
23
199
29
45
59
99
29
29
39
15
39
123
59
59
69
79
19.899999999999999
179
29
65
29
19
29
15
69
99
98
59
59
49
99
45
29
49
39
69
19.899999999999999
59
89
109
69
229
99
9
29
15
189
99
49
48
149
19
7.5
289
29
39
15
59
99
58
69
159
9
68
6
25
49
59
52
169
69
59
15
55
29
159
139
19
199
89
29
39
29
55
69
99
21
79
129
55
79
9
59
79
15
35
62
19
29
55
109
49
5.9
9
15
39
39
79
29
69
49
89
149
99
45
79
105
19
29
59
49
19
39
259
69
29
39
19
49
5
45
39
49.9
55
79
29
29
29
59
109
19.899999999999999
29
99
19
19
79
29
69
99
29
139
79
19.899999999999999
19
99
29
89
39
99
79
85
19
29
69
49
19
19
19
259
39
128
19
65
89
59
98
49
15
59
49
25
8
89
49
25
45
19
29
159
139
109
58
7
59
59
5
69
35.9
29
8
19
29
159
29
39
59
39
19
45
39
2
11
65
149
49
49
79
78
19
49
39
19
59
168
79
55
19
29
49
139
39
49
139
89
19
79
75
29
39
104
159
99
119
19
33
39
99
99
15
39
11
75
98
139
99
55
19
39
25
39
158
19
29
59
19
1.5
15
159
19
53
39
39
19
59
39
9
19
109
58
29
279
15
69
90
279
99
148
45
118
29
59
19
49
59
19
69
199
23
69
39
99
139
99
39
49
99
53
79
28
39
15.9
109
59
25
29
119
31
59
29
39
49
39
139
35
109
65
39
15
19
49
69
39
9
199
139
19
119
29
49
119
35
29
800
39
1
89
9.5
55
60
69
45
229
105
45
79
49
39
30
139
79
89
199
129
199
39
59
69
31
99
107
299
29
49
79
29
25
39
149
59
59
39
17
39
69
9
99
15
128
39
159
99
219
49
29
99
29
29
139
119
29.9
89
39
39
12
59
59
12
39
59
29
39
109
59
99
19.899999999999999
33
59
99
29
199
389
49
159
69
39
249
29
27
219
12
5
69
15
69
129
159
75
399
19
69
79
39
39
49
279
89
69
25
49
159
68
25
29
55
139
179
59
59
28
39
89
10
238
18
85
49
25
4.5
75
55
29
39
29.9
99
69
11
29
59
65
23
89
79
159
19
59
35
17
35
59
59.9
99
49
45
26
39
85
39
35
89
98
65
49
59
89
29
69
21
99
59
59
79
49
229
29
119
85
249
29
49
109
59.9
99
5
19
39
146
189
129
35
29.9
49
99
49
99
15
85
69
129
99
179
39
89
49
13
39
79
9
59
38
99
39
89
25
29
25
98
59
299
99
79
99
69
19
89
35
9
29
25.5
99
9
29
139
29
25
99
9
79
19
9
65
32
158
49
99
19
35
119
49
49
69
79
21
29
99
29
19
59
11
17
59
19
159
15
85
19
139
15
19.899999999999999
19
29
15
59
45
29
109
59
19
39
5
59
69
228
49
45
29
49
29
29
800
39
29
15
159
21
7
129
179
69
29
79
189
27
79
19
79
10
119
79
35
99
189
23
59
99
69
69
99
87
59
25
9
98
29
120
29
129
29
129
99
39
39.9
79
69
29
19
29
29
69
99
279
4.5
9
59
39
29
3.5
99
99
69
29
29
49
29
13
119
15
65
22
89
69
5
159
60
69
49
49
109
59
55
23
39
19
29
19
59
55
15
29
299
189
49
125
23
239
49
19
79
169
29
29
59
29
89
129
25
69
22
59
30
11
59
49
16
39
49
89
25
69
79
79
11
49
29
29
99
69
99
19.899999999999999
55
29
49
39
39
139
108
99
69
15
29.9
29
39
63
25
19
19
29
12
49
29
49
19
105
49
49
29
35
49
105
59
69
11
39
45
139
59
29
99
31
39
70
99
69
9
40
29
29
49
89
15
169
39
89
49
49
35.9
69
11
369
25
15
29.9
15
99
125
79
49
289
35
19
99
39
49
99
17
179
39
69
79
9
39
59
15
149
19
39
59
69
199
55
49
39
17
13
19
19
9
19
109
25
19.899999999999999
19
45
39
9
29
45
39
195
119
39
195
12
69
39
89
89
99
69
109
60
99
99
159
99
35
49
13
39
19
26
19
25
268
39
48
59
89
75
39
29
19
99
39
26
185
69
28
45
109
7
55
379
49
79
29
49
69
99
19
59
99
129
35
25
49
99
69
85
69
29
45
25
127
65
119.9
29
29
69
49
39
39
19
59
89
125
129
99
29
29
79
29
75
29
29
29
79
89
19
59
33
79
109
19
149
399
39
58
39
39
119
19
39
99
89
9
59
19.899999999999999
49
59
21
29
179
99
21
119
149
59
79
19
39
11
128
19
69
79
39
19
39
119
79
99
39
55
79
59
39
39
29
45
25
39
25
25
69
15
59
109
55
75
29
49
19
45
13
19
79
22
29.9
19
24
19
149
9
499
69
29
12
12
139
59
19
29.9
29
79
65
55
59
39
21
35
39
159
45
59
25
139
12
159
9.9
59
95
11
129
13.9
29
39
199
39
39
39
35
17
9
389
99
9
59
179
39
19
15
39
39
46
29
259
49
79
149
179
73
59
29
299
13
39
29
19
29
29
55
9
49
29
39
99
139
69
69
19
22
79
13
79
65
219
29
59.9
41
249
17
49
389
16
27
139
29.9
59
49
39
39
13
125
23
69
59
27
8
29
118
69
39
65
159
129
45
39
19
99
29
29
59
88
49
9
9
119
19
89
15
59
19
49
29
169
22
99
28
89
95
15
25
49
39
35
79
59
299
125
29
39
15
49
79
36
29
69
19
129
128
199
29
6
5
35
189
75
99
35
49
39
109
209
55
39
358
49
49
59
29
49
39
29
17
19
65
19
319
18
35
159
29
69
175
59
19
69
45
25
29
69
96
119
15
9
79
179
19
29
45
29
119
49
15
89
12
35
99
25
129
49
59
19
29
39
9
29
19
19
139
79
14
29
69
159
25
39
39
99
14.9
49
79
25
29
129
55
29
29
29
49
69
499
15
25
39
39
59
59
69
12
59
29
59
244
59
4
119
29
49
99
39
29
22
59
39
35
25
59
75
29
19
39
39
125
39
49
199
13
55
89
79
49
29
29
49
28
119
109
179
99
22
55
29
29
99
15
19
39
89
55
45
59
79
11
42
21
5
15
69
49
158
45
139
25
35
95
200
49
79
19
69
119
39
39
129
109
35
49
21
449
19
29
199
69
29
39
39
29
39
29
5
119
17
7
159
19
48
59
49
29
12
39
12
69
85
143
29
69
15
45
109
72
99
55
129
75
65
65
29
29
13
29
79
35
28
45
49
39
15
15
22
69
99
19
69
119
139
99
109
19
49
19
29
49
129
9
7
19
19
29
128
79
35
19
21
99
16
99
9
9
39
69
105
45
5
35
39
33
139
49
19
169
189
39
99
69
139
39
179
199
79
35
69
39
17
19
25
14
19
13
13.9
69
25
79
170
35
39
49
99
29
319
15
159
119
45
49
29
99
49
75
39
55
25
21
29
19
19
59
159
149
159
19
3
49
62
79
25
109
29
31
29
29
19
198
159
49
99
4.5
239
21
79
99
45
31
269
79
1.5
15
22
69
19
39
139
98
49
49
78
69
145
69
25
17.5
89
59
35
69
30
159
20
79
35
59
249
99
11
15
39.9
69
148
19
29
69
59
19
46
59
55
19
5
4
79
25
15
98
19
69
79
99
149
49
159
139
29
54
19
59
35
9
109
49
67
89
79
29
19
49
39
15
25
5
59
49
29
75
8
29.9
35
135
29
69
49
63
99
19
99
53
99
59
59
39
19
79
39
15
29
19
125
79
15
29
69
29
19
129
49
29.9
129
119
15
39
49
19
55
59
35
39
169
109
69
59
159
15
19
19
33
19
89
45
199
139
49
9
39
49
69
39
99
80
79
99
9
49
49
1.9
35
29
69
19
69
39
119
59
10.5
139
39
39
18
99
19
39
8
65
59
5
49
99
159
49
65
29.9
15
49
99
52
29
79
139
100
69
35
75
29
19
119
99
69
69
49
139
149
69
219
69
19
39
29
269
15
19
29
39
229
9
79
29
39
25
35
89
39
59
39
89
63
49
12
79
99
49
29
19
45
29
75
8
25
59
49
49
19
89
45
19
59
19
6
49
35
89
95
39
35
25
199
35
69
58
45
238
23
25
115
99
15
69
119
88
149
13
65
129
89
25
199
44
29
49
239
25
19
39
19.899999999999999
19
29
99
109
6
23
85
249
49
29
179
22
25
22
69
19
18
7
29
279
22
159
49
99
29
99
149
22
49
16
199
65
39
49
119
39
79
49
99
19
19
19
32
29
59
299
79
129
39.9
35
11
29
179
89
15
385
89
89
29
69
65
229
19
39
15
49
209
45
88
3
45
88
79
199
285
5
69
79
145
59
29.9
179
99
35
65
119
89
29
39
79
299
59
25
19
49
85
69
39
29
119
69
159
45
149
29
35
104
29
19
45
59
79
8
15
79
89
59
129
35
149
29
35
79
45
45
29
29
15
23
119
32
69
17
25
9
11
9
179
25
99
109
99
69
19
19
19
17
19
99
65
89
85
25
99
65
13
59
39
29
59
35
58
75
49
75
11
29
39
49
29
39
39
198
19
129
69
15
139
29
15
39
219
79
59
135
279
20
75
10
69
15
29
29
99
239
119
69
89
39
79
88
59
73
95
39
39
79
79
39
49
89
5
49
49
79
69
19
5
239
29
99
35
89
45
99
179
55
29
149
119
149
15
19
69
29.9
39
69
59
69
39
35
49
99
239
39
19
79
399
69
33
9
129
29
99
69
19
89
19
195
89
49
69
39
59
59
69
19
49
79
45
29
39
198
49
99
125
129
99
99
49
149
49
79
49
119
65
99
17
49
29.9
19
35
30
22
49
45
29
179
79
29
69
37
5
15
65
19
69
75
49
69
29
98
458
29
9
39
29
19
49
39
69
15
9
69
49
49
68
149
49
89
19.899999999999999
99
8
79
23
79
79
39
49
29
69
55
169
39
89
15
299
39
59
85
52
25
99
69
99
49
29
4.5
12
29
69
53
25
9
75
99
79
149
119
29
99
99
59
65
19
59
129
85
29
13
299
49
159
39
19
59
69
39
179
59
9
45
99
13
79
49
39
15
37
59
9
119
65
19
9
109
29
29
149
19
22
59
19.899999999999999
29
39
29
11
49
289
69
29
99
59
72
25.5
129
39
15
5
49
39
199
29
79
29.9
59
79
29
12
69
75
129
59
19
49
19
19
19
299
29
49
35
29
49
75
19
25
59
29.9
126
59
10
39
29
69
19
19
89
99
79
99
19
139
16
69
49
19
25
35
69
19
25
39
19
59
59
9
119
39
109
49
70
49
49
39
25
69
13
39
39
149
99
45
8.9
139
49
59
79
19
19
39
35
24.9
29
15
89
19
159
109
17
39
85
159
5
59
9
89
69
69
59
79
59
55
29
29
49
32
19
58
52
35
299
29
29
29
55
19
32
89
39
79
19
49
29
299
99
45
23
75
49
13
89
89
59
99
19
125
29
55
65
16
99
15
11
19
7
19
89
31
39
75
99
15
15
59
5
9
39
228
149
85
159
22
79
115
12
9
39
59
99
55
59
99
49
209
75
69
19
19
89
49
79
16
49
12
109
88
29
29
23
49
59
13
29
89
99
108
199
69
79
39
99
99
29
159
49
89
19
19
138
159
55
29
49
35
19
69
99
199
109
49
89
29
139
149
65
45
11
15
12
85
99
69
258
49
39
13.9
19
39
39
129
79
59
59
8
39
49
69
79
49
139
29
18
139
69
69
59
125
500
25
99
199
45
79
39
59
29
19
159
55
29
25
15
19
29
55
19
29
199
29
39
39
25
145
79
49
99
85
39
29
25
49
96
119
29
10
49
25
129
55
69
59.9
19
45
39
65
69
29.9
29
35
19
79
108
15
129
248
45
79
69
90
29
69
23
55
195
19
19
75
59
25
11.9
49
35
99
47
99
39
38
79
10
29
195
59
29
198
35
69
165
29.9
88
498
88
49
25
79
22
21
89
39
159
99
149
58
99
119
19.899999999999999
39
259
39
159
79
3.5
79
119
15
55
59
17
49
19
17
99
135
49
65
89
159
160
21
26
29
29
19
39
39
129
69
29
19
79
139
189
79
52
49
3.5
36
29
89
35
12
59
29
79
35
88
129
29
75
59
35
20
79
69
69
49
195
35
39
99
29
49
79
29
99
299
11
199
45
49
19
23
149
39
65
11
139
149
248
11
59
29
89
39
139
379
39
22
59
129
49
55
29
19
99
19
15
65
49
69
149
5
35
39
209
399
9
39
99
99
69
89
59
179
20
25
49
39
59
65
49
12
79
99
119
19
119
129
149
199
49
27
15
29
49
59
29
59
39
