185
5
4.5
21
69
19
19
39
69
21
69
49
49
35
79
69
69
89
49
45
49
59
19
79
39
29
9
99
79
29
215
177
29
39
59
99
29
19
119
19
79
49
32
15
82
169
89
19
89
12
39
19
19
75
229
79
29
45
23
15
49
79
89
19
259
179
39
69
19
75
69
18
39
69
39
27
55
159
22
39
59
59
9.9
99
59
69
69
79
69
39
49
49
19
65
188
170
179
15
29
49
179
69
99
69
99
19
39
15
65
99
33
19
9
30
169
29
79
359
39
75
139
145
79
45
128
29
29
128
29
89
35
99
239
47
29.9
69
12
238
59
29
74
95
79
79
15
4
58
39
65
39
249
19
25
21
99
29
89
75
49
9
55
45
69
9
99
88
49
39
15
25
59
39
19
85
39
89
29
29
19
65
49
79
89
85
19
99
4.5
199
39
35
29
99
199
89
55
39
49
85
45
179
69
269
59
12
69
49
29
29
169
49
39
29
55
138
59
59
59
89
9
179
12
39
69
69
19
29
9
99
29
25
59
22
99
25
29
35
11
69
99
8
45
47
30
25
49
35
96
45
39
89
119
35
98
13
38
139
25
19
99
599
7
55
45
29
59
208
29
99
65
25
168
49
19.899999999999999
29
98
119
29
19
198
199
69
99
65
9
79
4.5
29
19
99
49
9
198
119
15
19
35
35
15
35
15
179
69
128
17
69
29
15
18
29
22
39
25
19
189
49
19
79
21
13
35
49
39
39
19.899999999999999
35
239
3.5
59
49
12
69
59
249
39
29
29
19
139
49
139
15
29
89
69
69
39
25
6
15
7
79
59.9
99
149
58
99
55
59
39
29
27
159
79
19
29
49
98
11
29
39
29
99
69
39
149
35
65
12
75
65
29
89
79
15
59
119
29
29
99
89
29
15
59
10
59
23
59
15
19
99
45
29
45
39
99
19
29.9
49
89
29
35
49
79
199
49
149
79
79
30
69
59
69
29
99
19
19
8
29
21
25
29
59
29
39
65
199
69
69
58
129
39.9
19
99
69
25
35
99
39
22
289
9
99
79
29
59
9
159
29
35
68
35
9
99
99
89
69
89
59
99
69
69
79
12.9
19
19.899999999999999
159
49
49
39
169
49
7
39
29
39
69
12
39
200
69
89
50
49
69
25
19
45
139
19
49
29
59
89
89
25
69
30
59
25
22
119
109
19
29
79
9
19
199
89
29
35
16
19
11
17
119
159
19
99
59
39
89
109
69
108
129
99
115
33
19
29
100
79
79
99
159
169
89
34
89
139
49
89
239
49
79
29
39
29
48
20
69
59
125
19
69
139
199
195
59
39
19
39
69
55
31
9
179
69
69
29
49
39
39
11
65
99
56
17
189
169
49
66
75
29
17
25
49
49
59
6
39
49
59
69
9
99
139
22
99
65
129
9
79
88
85
39.9
109
15
14
29
5.9
69
129
75
718
15
13
69
79
99
29
39
19
29.9
49
49
499
29
19
49
19
89
15
139
19
20
149
29
129
48
15
119
49
399
19
19
29
139
198
69
9
69
99
29
39
39
45
39
49
25
99
31
19.899999999999999
99
49
168
39
98
29
29
15
79
35
25
99
79
99
19
29
99
29
12
59
17
39
99
109
23
59
35
15
29
6
29
35
26
29
6
29
49
59
25
25
49
99
69
179
19
55
129
95
7.9
59
12
75
99
149
79
119
95
49
75
59
35
9
119
69
19.8
79
79
59
59
129
179
69
79
258
7
55
299
65
69
39
39
169
69
99
39
29
99
69
25
49
49
119
49
11
33
79
99
49
99
29
69
59.9
59
59
255
29
49
149
35
49
65
23
49
39
49
79
39
129
15
29
59
149
99
135
9
121
49
29
59
29
99
39
129
11
59
59
19
39
29
129
39
17
19
139
79
45
35
59
19
119
59
108
45
149
69
49
21
29
29
199
109
19
83
5
119
149
39
99
79
29
149
179
39
49
49
139
29
25
29
49
9
49
109
45
109
30
59
49
99
29
9
29
59
45
225
69
12
21
9
29
68
25
25
458
13
108
99
22
59
99
99
15
149
69
99
19
105
59
9
95
59
69
179
89
29
79
99
55
49
19
69
9
49
11
79
79
45
36
69
49
59
39
19
19
39
18
7
49
138
50
79
125
9
65
118
29
95
25
89
49
29
79
39
85
15
135
69
59
12
225
55
29
189
99
19
79
35
89
2
48
179
59
49
139
159
109
21
89
19
9
159
29
55
29.9
49
125
25
59
25
39.9
149
11
59
59
29
129
29
99
79
135
59
99
79
39
55
119
9
19
39
99
45
39
4.8
29
139
25
29
39
79
25
29
9
9
39
10
25
29
119
59
49
25
109
45
95
139
29
159
39
19.899999999999999
9
11
19
99
5
29
25
15
49
49
149
24
29
30
19
79
69
19.899999999999999
29
29
5
49
13.9
59
6
109
139
69
15
29
59
19.899999999999999
29
69
149
65
319
89
55
19
99
29
59
15
29
129
59
89
11
29
29
79
49
75
79
12
79
49
29
49
9
39
49
25
129
19
59
99
69
19
29
249
29
99
32
29
79
99
19
69
39
79
89
49
19
139
35
59
69
59
109
29
39
3
79
39
19
99
22
109
129
11
149
19.899999999999999
179
369
69
35
19
69
89
39
229
39
109
79
89
29
15
5
49
19
55
29
169
12
29
139
45
189
19
19
69
39
29
15
6
69
118
17
49
25
9
29
279
25
85
19
19
15
59
99
55
49
79
9
45
219
39
39.9
49
89
89
29
59
65
59
33
49
89
11
49
49
59
75
109
35
15
88
139
10
89
29
68
39
109
15
25
139
69
239
99
79
79
68
39
59
26
39
59.9
55
25
169
29
29
99
718
89
8
29
109
19
69
149
19
19
15
39
9
9
69
49
208
25.8
59
79
29
69
99
16
179
25
49
39
79
23
15
199
25
299
34
98
49
79
29
199
39
48
29
109
69
72
279
19
59
19
29
119
39
39
135
20
218
29
59
68
69
29
25
125
29
17
19
25
99
28
59
109
89
55
59
59
58
69
99
13
109
299
99
17
89
19
99
239
10
15
88
39
9.9
28
25
69
69
29
79
59
99
39
49
29
30
29
26
23
179
5
79
89
79
59
49
35
89
119
49
49
259
55
29
109
42
12
59.9
59.9
15
19
29
69
49
19
99
45
129
39
9
19
19
99
29.9
59
159
29
99
98
12
19.899999999999999
39
3
69
39
69
49
139
29
75
29
31
79
99
39
29
359
17
39
75
109
179
25
29
25
39
69
99
25
79
19
49
59
99
21
29
119
65
159
49
99
29
79
49
69
89
39
15.9
79
49
79
159
19.899999999999999
79
29
39
69
19
99
29
129
19
39
59
29
35
19
99
35
58
119
49
49
49
15
15
12
49
39
29
19
19
15
179
99
35
12
149
139
139
12
359
109
125
199
59
69
40
289
269
29
99
55
159
69
99
29
59
189
49
19
35
9
65
23
99
19
39
69
149
79
49
105
19
159
29
89
9
19
455
19.899999999999999
59
29
29
22
39
29
85
99
135
39
179
79
19
99
2.5
99
21
49
149
28.9
99
39
22
59.9
15
39
59
69
39
15
125
259
29
138
229
69
29
49
19
19
69
89
18
23
88
99
99
89
45
149
79
99
45
69
89
30
25
29
85
59
59
199
89
15
49
59
59
139
45
89
39
49
158
59
29
179
129
49
25
59
139
29
89
34
17
25
9
69
59
49
68
25
59
69
9
55
39
29
75
59
138
25
35
29
99
21
59
49
29
29
279
148
59
89
75
500
35
259
119
39
125
155
799
149
49
33
5
39
15
2.5
19.899999999999999
21
99
49
75
59
39
59
49
69
49
99
79
39
39
5
128
139
48
45
99
129
89
69
19
149
29
39
19
39
89
11
21
39
29
139
69
69
19
25
19
69
89
69
249
139
49
19
39
39
17
79
69
139
39
39
15
49
29
21
59
65
99
49
39
19
35
159
16
5
35
29
39
17
109
59
65
59
49
22
179
149
99
99
49
138
99
49
19
29
49
15
15
35
35
109
39
99
49
45
4
199
29
89
5
25
179
49
79
13.9
83
18
159
49
45
166
35
32
69
139
79
99
69
30
59
15
69
23
39
69
61
13
79
39
49
15
88
49
49
69
99
118
59
39
59
19
85
35
31
99
29
79
79
72
49
59
7
89
49
105
39
29
25
359
59
99
159
19
65
85
49
65
29
55
89
39
10
39
159
79
129
89
85
99
29
47
159
32
59
43
39
25
29.9
95
15
13
25
15
139
29
88
39
19
23
199
88
13
19
29
39
65
29
49
100
35
19
19
19
98
49
21
55
19
69
19
49
149
59
59
75
98
59
49
29
49
29
19
119
138
99
19
49
139
29
259
65
39
99
179
89
19
49
119
199
19
12
49
19
99
49
29
29
29
139
59
119
279
89
109
45
119
8
25
29
15
129
49
29
39
49
89
15
29
39.9
39
159
69
109
159
29
29
148
29
89
49
19.899999999999999
69
65
39
419
49
29
15
79
99
59
179
29
15
79
29
59
99
79
50
129
89
39
32
39
149
35
79
75
29
29
109
79
19
49
59
6
99
399
29
39
10
18
10.5
49
55
19
49
95
39
19
69
138
49
59.9
17
39
15
29
69
25
69
39.9
79
9
119
119
45
29
169
59
17
39
15
189
81.5
59
49
35
49
89
119
29
19
35
199
89
55
49
39
9
39
19
69
49
89
59
29
17
79
159
69
29
59
69
109
49
259
25
39
16
35
49
29
29
99
99
4
199
21
59
39
69
399
49
29
39
39
19
99
29
30
199
29
29
119
29
45
29
39
69
99
39
79
19
39
59
99
129
59
59
49
35
79
35
15
59
59
6
19
49
99
29
49
139
39
19
45
39
59
39
19
65
29
15
59
19
99
67
93
29
69
39
39
39
139
50
96
69
59
13
59
49
69
139
16
89
119
13
45
29
99
95
79
17
19
39
89
69
59
35
29
139
49
19
29
69
25
99
129
9
99
39
79
229
45
19.899999999999999
29
88
15
49
139
39
88
99
129
19
39
45
98
59
25
125
99
75
39
119
258
49
69
500
58
39
199
59
78
138
179
39
195
49
39
718
39
25
19
39
25
59
69
139
59
39
68
69
7.9
25
69
21
199
199
22
299
18
39
19
69
89
15
99
99
169
69
49
29
99
39
5
59
19
169
15
89
99
29
7
9
149
99
19
39
69
119
29
79
89
49
49
29
79
49
25
89
39
79
109
99
29
129
49
29
49
19
18
238
159
65
19
29
99
79
39
119
39
49
29
139
16.899999999999999
5.9
39
29
29
29
19
89
99
7
95
49
89
59
49
99
22
59
148
6
99
189
18
59
39
185
179
145
69
69
69
99
59.9
79
49
125
19
13
99
169
59
69
22
29
79
79
19
99
99
49
145
199
25
119
19
75
25
99
149
27
11
39
99
59
8
99
39
19
59
5
45
299
79
13
29
99.9
59
35
99
149
49
11
13
169
128
39
89
69
19
49
39
9
69
15
99
29
19
45
55
15
49
20
29
39
19
35
79
27
39
196
19
29
29
69
88
159
118
89
169
49
29
179
19
85
25
29
249
5
29
59
69
89
35
69
25
19
17
29
75
109
39
39
58
59
95
29
65
99
39
39
109
49
39
49
29
49
59
69
106
29
59
148
199
75
198
79
29
39
39
95
29
239
109
29
65
19
49
19
79
29
125
19
29
149
58
49
89
15
119
59
99.9
39
89
99
12
39
19
79
15
79
39
29
11
75
59
19
29
25
138
29
88
29
119
39
89
159
59
29
99
99
25
29
19
19
99
19
29
35
39.9
6
49
198
79
219
65
19
148
99
27
69
179
49
99.9
39
19
148
99
79
49
49
59
19
88
89
39
69
149
75
49
224
59
109
15
49
108
89
30
60
149
39
125
79
59
69
29
55
39
129
59
69
166
29.9
15
59
29
129
49.9
58
49
9
29
79
59
13.9
79
22
79
258
19.899999999999999
89
89
9
59
8
19
59
39
19
59
29
17.5
21
20
169
79
59
29
19
139
108
51
49
33
49
29
199
75
99
39
49
29
23
23
69
29
72
49
99
79
69
189
69
52
499
79
19
98
139
39
29
22
19
79
39
15
69
75
59
99
39
39
39
35
99
35
16
158
42
35
19
19
19
49
35
13.9
19
99
39
89
45
49
29
9
29
45
99
19
39
39
19
45
59
35
29
29.9
1.5
99
72
35
39
33
49
29
79
11
49
39
159
458
29
54
29
179
59
159
23
139
79
17
49
19
149
149
49
6
49
69
79
35
19
99
3
9
89
99
39
69
49
13
25
19.899999999999999
13
269
279
39
29
149
179
49
119
23
59
79
49
19
5
289
19
19
49
89
49
25
29.9
79
129
99
49
119
19
39.9
69
22
29
19
65
69
139
39
15
69
19
39
49
49
19
49
69
259
79
37
9.9
129
19
29
20
15
69
49
11
59.9
89
49
89
39
79
69
800
75
79
39
39.9
39
39
29
39
59
299
15
129
19
59
39
19
109
99
19
118
59
55
69
65
75
45
49
139
49
65
99
69
14.9
69
109
29
99
39
29
89
79
15
49
69
129
129
59
39
49
11
39
89
49
99
29.9
59.9
149
15
45
19
139
5
49
159
99
49
79
49
109
29
45
15
36
99
69
49.9
39
99
39
95
195
49
149
49
6
19
99
158
285
39
149
75
49
135
15
127
7
29
119
39
19
59
35
39
29.9
49
99
69
79
15
9
23
79
3
59
199
195
19
12
169
39
159
35
89
12
79
39
89
9
49
35
12
69
29.9
30
19
19
139
198
99
3
49
79
129
69
109
2.5
5
29
29
149
55
8.9
69
10
29
49
35
29
19
19
79
99
39
29
79
79
59
99
169
69
29
29
29
239
9
5
29
39
15
19
89
49
23
119
19.899999999999999
19
49
35
199
39
39
15
15
89
89
19
19
179
19
59
13
39
159
16
39
55
65
19
59
129
19.899999999999999
55
29
29
59
49
69
5
199
39.9
69
89
99
39
11
79
59
38
39
149
29
139
119
39
19
19.899999999999999
39
21
69
29
89
65
75
39
69
99
29
29
89
45
69
198
35
29
49
29
38
29
65
65
119
89
29
99
49
59
39
39
59
9
39
49
89
59
29
229
35
75
19
59
65
29
69
99
99
29
19
118
99
69
29
99
89
79
36
29
79
59
145
79
18
89
89
29
29
29
15
15
10
59
49
119
50
39
39
139
45
49
29
79
59
39
75
35
79
95
15
45
65
19
99
9
39
59
39
69
35
59.9
139
59
19
69
19
22
49
19
89
299
99
99
139
119
89
128
99
139
399
55
9
19
25
85
59
149
69
12
30
23
99
195
75
35
20
109
49.9
45
68
6
9
169
17
21
19
8
99
35
21
19
75
19
85
39
39
9
9
25
79
99
49
39
19
55
89
39
30
11
89
19
79
49
29
69
229
59
139
119
99
39
22
20
29
20
29
9
79
59
49
29
5
35
39
79
5
18
49
79
59
33
45
49
5
19
35
49
119
13
99
49
89
29
15
55
39
29
39
29
23
15
49
65
29
92
19
29
89.9
39
49
29
79
200
29.9
9
59
109
89
89
79
85
19
49
65
35
139
70.5
49
9
199
85
39
13
149
69
59
15
19
199
139
59
149
69
79
49
19
19
29
55
19
39
19
65
69
49
49
99
19
19
89
69
29
17
69
31
48
29
59
17
29
19
35
39
69
11
19
45
21
99
219
45
219
69
20
29
59
99
88
99
15
49
19
39
25
59
29
29
59
25
49
65
89
179
49
129
139
59
129
99
39
15
19
39
65
99
45
14
29.9
13
39
59
58
58
289
29
19
39
75
49
95
29
19
39
26
59
35
69
319
69
79
39
79
79
139
159
359
99
19
39
29
79
6
158
23
5
219
198
65
49
35
159
13
29
17
49
49
79
15
59
9
299
179
89
19
29
62
65
29
21
25
22
49
39
55
99
69
19
99
49
19
69
7
29
9
29
12
29
59
55
49
6
246
9
13
39
89
49
69
45
49
69
209
149
69
89
39
59
129
9
49
23
59
169
35
39
63
29
49
35
59
29
39
15
159
86
49
79
5
59
159
129
59
39
49
99
22
30
69
22
15
19
118
19
65
25
35
129
99
169
75
45
139
279
239
39
99
19
139
45
13
149
88
99
22
59
49.9
39
59
79
25
9
79
19
29
79
89
39
29
99
89
29
29
9
69
39
15
29
29
79
15
79
25
65
19
59
59
279
79
89
19
29
59
39
69
35
79
226
21
35
39
39
139
19
49
45
88
29.9
69
9
39
99
69
65
55
89
69
15
285
299
75
19
19
89
45
79
49
69
99
9
11
29
59
159
195
89
88
19
75
1.9
39
19.899999999999999
25
98
49
149
59
39
79
19
99
108
55
79
69
49
109
13
69
99
85
29
9
19
69
45
45
169
89
79
99
39
35
5
39
39
49
49
19
69
79
29
39
29.9
79
65
29
29
25
5
19
23
99
139
9
50
65
59
179
29
99
166
29
24
69
39
29
19
89
258
79
49
168
35
75
49
4
45
39
139
29
19
39
19.899999999999999
69
119
11
13
39
69
99
49
89
89
59
89
39
95
49
79
55
25
158
39
69
39
19
29
49
25
99
29
29
49
48
299
25
79
11
29
48
69
15
13
99
99
79
39
19
139
15
249
49
39
119
109
39
19
99
29
199
19
25
39.9
59
19
99
18
69
29
19
39
158
17
19
29
19.899999999999999
15
79
39
139
268
49
39
39
55
79
19
165
119
19
169
129
39
19
139
79
69
39
5
159
19
49
118
49
25
199
189
69
199
49
99
19
39
169
13
19
15
69
39
79
35
22
59
99
45
29
29
79
69
498
99
15
99
59
99
69
19
19.8
19
45
35
169
49
39
15
29
89
89
15
35
29
59
35
39
59
69
49
9
19
15
85
19
129
399
109
139
39
195
29
39
29
19
15
19
30
165
35
69
39
139
129
59
99
49
29
5
89
49
39
65
69
49
59
39
69
69
25
19
9.9
109
28
79
89
49
49
29
39
398
39
29
149
25
49
49
59
69
139
199
10
49
39
19
79
59
125
59
69
69
89
119
39
35
15
59
169
69
19
139
39.9
69
15
29
35
85
19
99
25
79
13
99
79
85
129
29
35
579
49
9
99
89
138
99
18
15
99
79
49
31
25
189
85
25
69.900000000000006
89
19
3.5
69
55
39
49
29
25
19
99
75
49
69
19
119
139
55
19
29
25
119
15
39
59.9
65
39
12
19
99
69
19
29
119
35
15.9
169
99
39
69
79
89
49
15
199
149
37
99
55
39
69
79
218
99
99.9
49
69
58
19.899999999999999
15
79
19.899999999999999
68
59
69
119
81.5
99
39
9
89
45
239
99
9.9
139
800
99
5
199
199
14
19
159
13.9
29
179
27
99
99
29
19
52
17
39
39
55
39
119
59
32
11
25
69
59
69
69
199
5
59
59
29.9
19
29
29
49
65
99
49
59
17
59
49
105
12
99
79
269
125
199
40
35
99
35
109
55
79
49
279
135
49
99
19
45
8
99
19
79
35
22
29
79
35
35
59
89
139
89
49
249
179
89
1.5
49
79
99
109
19.899999999999999
36
59
59.9
65
69
119
39
220
69
139
39
135
17
29
49
219
69
79
33
99
39
95
29
29
23
99
99
19
139
25
88
49
65
35
6.5
259
195
250
19
79
79
288
89
6
49
29
75
129
199
23
39
55
39
89
69
79
25
39
19
19
79
119
29
59
39
69
17
59
29
59
49.9
29.9
13
59
39
39
49
23
119
55
278
119
69
79
29
19
79
49
69
79
15
79
59
49
79
39
87
19
15
149
29
49
39
19
29
12
59
75
19
49
89
5
105
69
29
15
39
24
49
15
69
199
19
99
179
89
59
19
49
109
35
22
99
3.5
29
99
15
59
29.9
109
19
179
150
39
49
259
19
49
20
89
19
15
13
19
79
79
89
319
15.9
17
59
9
39
45
29
379
5
59
35
29
22
95
29
139
25
5
59
59
39
89
20
20
99
75
49
6
99.9
139
99
19.899999999999999
33
79
49
22
59
35
45
29
59
10
18
99
79
59
69
29
399
39
79
39
69
138
149
139
29
35
99
25
115
89
159
35
75
128
179
59
49
19
13
69
99
59
189
59
15
69
69
79
39
49
69
39
99
39
139
79
29.9
119
96
35
149
49
23
19
39
19
39
98
39
49
29
25
25
39
79
29
39
19
149
99
71
99
129
69
59
35
199
55
65
45
49
69
29
25
129
25
90
39
29
99
29
19
25
69
45
45
11
49
79
25
89
19
49
15
59
139
29
99
99
108
49
5
139
49
29
55
500
119
39
39
49
169
19
29
29
19
99
99
29
16
119
99
75
139
59
29
39
45
89
119
49
177
35
59
35
79
99
69
29.9
19
29
35
35
5
19
29
11
69
89
50
298
9
39
35
49
25
129
7
29
49
129
49
49
55
149
35
119
59
78
15
35
39
69
29
59
119
19
75
79
185
79
59
109
79
30
112
20
129
55
109
39
89
71
45
29
19
75
29.9
99
69
199
7
19.899999999999999
169
11
99
69
13
49
19
59
39
12
22
25
45
79
109
35
19
49
79
65
22
19
22
269
129
99
19
19
49
39
119
79
59
39.9
9
25
119
25
69
129
129
79
35
119
59
35
249
39
149
19
59
29
19
13
169
89
35
159
129
55
460
35
39
199
65
138
19
89
125
29
159
49
19
65
29
35
39
75
29
59
69
109
99
29
20
49
139
3
49
45
41
109
6
29
49
49.9
16
39
89
16
79
29
69
39
79
89
49
35
49
99
89
3.5
35
45
49
39
29
29
139
8.9
29
29
59
21
49
59
79
29
199
35
29
15
59
29
239
29
25
69
199
89
19
49
39
55
199
13.9
49
69
105
199
68
119.9
29
59
99
29
79
49
39
39
15
29
19
6.5
99
79
99
69
6
17
79
139
13
35
30
198
149
29
79
59
39
65
279
29
159
23
59
179
29
17
29
45
15
49
119
359
139
89
99
119
99
49
75
19
15
39
79
88
59
37
40
155
159
49
19
69
39
79
99
89
69
99
79
129
159
79
15
99
19
49
78
69
75
19
15
19
29
59
5
55
59
9
99
55
29
149
119
29
69
499
49
198
29
85
25
49
37
39
75
9.9
69
99
29
39
99
99
75
25
9.9
69
99
17
39
179
45
119
139
149
85
19
49
49
29
159
19
19
35
55
79
99
79
79
83
39
49
69
39
