514000
30009
200031
518110
226403
200125
232100
541002
510245
116011
100025
201702
30001
519060
528000
214061
211153
518117
226000
130021
402463
100012
201208
118000
200443
200042
727000
230036
300021
130000
510760
523412
610081
510360
430000
215000
101500
710061
611130
50000
511495
266071
528319
401147
402560
408000
251109
100007
213004
523000
100020
528455
250014
519000
528248
317600
300193
66004
523330
200233
201507
315700
518040
333000
14030
330002
351100
310003
411100
15200
518031
532200
314050
200941
215008
710065
526200
410007
644400
300400
610016
200331
528402
100011
54000
300162
518021
200042
637800
550001
510725
226001
510235
300221
523861
215002
202150
528315
716000
210004
226600
511300
643000
315201
518052
100075
710065
537000
200065
310008
50091
300010
675700
523651
200083
526500
545600
523750
518040
215636
100094
66000
332000
430022
210016
838204
133300
366300
557300
215636
710075
625000
300010
510010
650500
100018
200434
200129
243100
745600
210001
330046
200336
830000
650031
100102
210048
226017
518048
100020
300450
510380
510530
101101
150001
530007
226007
310000
650001
200941
529458
510075
150081
315000
100102
244000
201414
66000
518028
430024
110036
100041
50011
518103
214003
723000
215151
200120
214000
100016
850600
200441
621000
200065
100037
646000
100076
200070
200083
200025
48000
314300
543002
523850
519020
37038
361005
310028
430072
200137
518104
100035
677500
200233
200082
610000
210036
200023
510075
110041
264200
100026
200030
545107
315192
510000
710048
518048
816000
510620
510170
510545
15000
523850
523705
200136
150010
362200
200126
201209
350002
570206
430071
150018
100027
812200
342500
310039
34000
250021
325000
200080
200439
361000
12000
510610
410001
518000
100025
200940
710075
226403
200083
350005
200233
435400
332000
224300
332900
350500
201500
100037
250031
411105
211101
200233
30006
515041
300381
410000
214500
541006
101300
518000
315020
200336
317523
211100
523320
526100
46031
515800
200333
716000
212132
839000
350011
410205
361009
215200
650011
242300
322000
314503
201400
523530
200083
405200
64000
100075
100050
361001
530001
100080
200122
315000
200240
311241
215200
325100
215000
523172
201711
215128
364102
100028
200011
253008
201609
530022
200122
100089
201507
315600
322200
445300
215004
315100
266001
400060
510180
750001
450000
510665
528315
75100
518115
523590
100088
715200
401147
518131
510240
100007
200124
213003
114004
300300
100044
650034
300192
610300
366300
201101
300457
330038
110141
710032
710075
710054
435002
510000
100190
526238
266061
430051
518000
511518
201612
200127
200444
710128
523630
473000
200092
410081
528231
330096
350012
100080
200086
300250
212002
314200
510006
250014
555111
243000
518101
201100
200124
200003
530021
201314
611731
213022
431800
110031
430212
518020
110013
430014
266000
518036
350016
100021
300052
252000
100076
100062
300041
150000
315157
14030
201103
200432
404300
100088
510660
200050
212211
200126
518000
100037
310020
541100
100070
650000
300203
200333
518172
363000
421800
130000
361000
201906
510620
315192
200240
510168
124000
510800
210036
210038
410005
350025
529700
572000
362700
50031
213000
730010
271000
362216
200071
200052
518103
315000
443000
652300
110004
250002
100088
264000
400020
100088
215500
215326
528500
300300
100020
102209
834008
200032
200136
317000
201102
214181
510168
110013
201702
510180
200132
671000
135000
410001
215600
100851
528403
210046
361006
32700
100024
201812
211102
100048
100089
510165
100085
215007
215400
475100
310053
410000
201314
330046
528463
362801
230066
833600
200124
100088
100176
215003
200125
100007
650011
300112
510663
518116
430073
536000
515800
541002
663400
201306
530021
100872
365500
621000
350001
430056
30600
201306
421001
712099
200003
30002
510230
113006
351111
313000
675000
518055
301702
518054
201900
100176
351100
225107
432100
201202
400084
510000
518109
201615
150028
130012
201908
362000
200435
100080
430063
200129
300250
476000
266023
200062
528051
510100
300457
200060
530001
100040
201102
100140
315313
351100
325000
313009
410008
110005
510288
710100
215217
264000
21008
610065
201506
730046
66102
230022
450044
255400
401122
100020
427000
523071
350026
214000
266000
12200
201114
310022
314002
523757
200940
518083
525000
516083
201619
100089
130000
30027
214000
221003
50027
102218
300211
276000
63000
213011
201103
610067
528143
610045
361004
116011
515031
330000
235000
101300
518000
200072
100039
67000
350001
116600
210016
450001
518000
243021
528000
314200
110025
100011
530022
610031
200032
200436
330006
611830
410001
550001
409800
266000
210038
300384
211500
100102
310017
362200
611937
617063
430080
100089
710002
441105
523230
519000
100097
316000
100024
810000
364000
300300
513300
100027
453000
363000
538001
350002
110000
528400
210043
200127
400023
361000
300450
100026
710032
201901
200093
510235
750002
518108
225400
310005
518234
50000
310016
350003
110021
200061
201300
450008
116310
28000
750002
14500
350000
201103
48000
310009
201719
532400
750001
133000
332000
214400
316100
528313
200129
10010
200040
410016
215228
315800
511356
200120
530001
215347
200131
350001
314205
364408
200335
315040
524000
201100
110004
518028
854500
200232
150080
200042
200020
214441
210028
200439
518038
333002
430223
300202
316100
212018
200121
510623
100071
200439
361101
200540
430080
301500
511458
215341
361000
246001
271100
410100
100028
21000
130032
710100
572000
66000
610041
330003
336000
570125
201202
310011
441400
200233
266000
54000
100176
650000
321000
200090
200431
100062
226000
412300
550005
150010
430074
300400
102206
100096
201206
210007
310018
523130
200093
300451
830000
361000
201203
610041
318000
225500
116021
650011
448000
266109
510425
611844
510660
518028
518038
200065
528231
201316
215009
510100
519001
200137
100071
362300
102100
516001
200032
330096
518003
241007
610017
510300
529000
430050
610031
100191
517000
50600
528000
65007
313008
516086
610021
518110
350000
201100
519015
637000
424500
100044
325804
610072
110016
100190
529941
210061
100070
100190
518172
266001
525400
250002
100070
430000
100006
528313
100089
101300
266003
363000
255000
214200
132011
408000
300380
201700
510575
510380
750001
730000
510240
201208
300151
201602
710072
475100
100039
519030
201822
518117
164200
523400
201908
100021
100020
637000
510642
225002
215300
221116
518054
528041
361000
300461
201805
518028
200120
300122
750001
200435
300130
264001
450008
100176
510410
135200
100026
215000
545007
730050
314200
511496
528313
200434
100055
261205
210044
723000
200030
430072
200023
400060
110001
230601
528248
250100
100062
245000
515041
330077
712000
200137
518029
100013
410011
400013
100028
650051
215131
518108
750021
226300
201210
200437
201203
610051
523863
116000
100088
200000
405400
201316
610072
200333
100097
210019
526238
222023
100040
116031
610041
710086
210006
215155
110002
222042
661600
832000
362000
312367
255144
341100
214073
200435
516257
123456
650200
322000
100011
314001
432805
66000
518057
300100
113001
350007
518001
101121
510800
232300
200441
100871
518034
510050
650011
350009
100101
200063
710071
517000
453003
334600
200032
241200
650032
200333
361003
201804
200240
100037
110006
518055
200040
257000
529000
210037
430032
200333
230601
200123
450003
523048
518001
200025
114200
361100
621000
250001
350200
300381
325000
215001
100024
831500
542500
730070
200126
410011
363000
201103
518103
830026
200235
530003
410005
116001
210018
110023
734118
430012
710016
530022
431400
132500
511457
518048
518112
133200
215562
831100
528437
226671
201202
50031
201108
650000
430040
518128
510623
100088
161000
30002
528000
510610
200433
710313
100027
510180
100700
200233
810012
201100
45000
34000
215143
50300
200090
226006
315400
523000
226300
300250
610041
610500
325405
350119
200125
102621
116033
200245
415600
310014
617063
100142
756003
100040
100069
200031
214000
226000
101101
215000
714206
200335
430035
300170
830000
200062
300121
730010
300012
519000
519000
272000
830089
150010
315500
200063
571127
30006
100871
510240
214073
300141
473013
510545
214000
100101
351100
651709
614000
330000
200135
110043
266000
271018
523393
510120
830000
710065
201208
215633
225200
510620
201112
201102
100083
200233
215021
325604
518114
201600
650214
310016
350001
541004
66311
201204
730000
201101
100102
653100
110016
200431
201202
551800
100024
10050
276000
519015
201601
710100
214222
200126
100818
100025
238000
200052
518026
200051
528329
100102
350002
518000
675000
201204
100022
516083
100053
232001
430080
200003
362200
710000
350000
516007
100027
310007
361006
214400
350012
350009
410600
100040
300070
100028
300110
210017
361100
474500
213011
515800
314500
225500
200051
430080
230061
400060
300450
330046
510006
510660
225000
102488
214000
113004
518053
300142
256600
674100
221003
100081
200245
200001
110001
130000
56003
510000
200940
610041
518009
364000
200040
210012
361004
610067
255100
200444
100040
50061
430000
200125
30001
727100
643030
400020
710021
730060
200336
100031
361100
200120
425000
550022
210019
350200
100027
200080
200127
550004
510070
510655
414000
300040
100085
352300
102200
610021
675000
411100
200940
100044
518067
610041
528303
650051
200062
100021
572000
100053
363000
561200
710061
200231
518002
200137
830063
37006
65700
523290
201413
215001
200135
100101
215300
230000
310016
530028
100143
250101
518056
511300
300160
325000
55650
200137
110044
214437
710089
200240
100600
201111
528000
528463
200122
100006
430063
100070
610041
226006
541100
610000
315020
300450
200240
361000
215011
100071
214714
361004
510060
355200
510800
314200
210036
200949
515041
210031
100085
215500
100022
110002
430010
519100
523265
100018
48205
518000
518125
477164
518055
525000
50000
200126
510623
325600
150000
411100
350007
430015
421002
315000
130012
266000
402160
200050
350005
200011
100025
518112
310007
100016
116309
546300
614000
523595
266555
361006
400061
510830
100081
100088
310006
201620
231400
10059
210014
116021
528000
510630
100068
200135
510800
610407
100068
314031
528305
214122
529341
650222
516001
410002
330025
200090
519050
610041
518101
315202
201112
510800
510900
510700
200433
611730
100123
101300
100043
410005
200070
430022
618400
100012
201100
100072
100020
101101
441104
212000
201206
100025
300210
471000
251907
215021
400010
100045
710016
430000
101300
830022
100084
516131
528437
518111
413500
519100
528000
200237
543001
518000
201101
350004
225002
518101
351200
570125
100000
421001
214400
454000
200092
300387
443000
528422
110043
200072
318015
201101
110200
471000
200127
350011
650031
100037
100067
361000
200050
100101
642350
716103
32700
518049
200438
215011
100039
518105
839000
510440
621010
430080
510500
325000
516006
510630
116023
215164
133400
315600
352100
315701
65201
641500
116021
450000
450003
430030
430058
210024
400025
210002
10010
325000
518003
100166
730070
100010
401147
650031
121000
230001
421001
215006
253000
100080
361101
100089
315010
115001
518081
361012
100083
529200
102218
211400
100028
150080
264500
518057
200438
430015
518007
430079
100021
300110
710043
200083
215004
530022
528000
100043
200434
271000
100027
610031
100070
361004
212300
225300
678300
528400
518002
677500
200439
518053
100011
550001
350001
101300
246500
519070
264112
541004
201102
518052
312300
200122
710032
536100
741020
200123
100006
116029
450000
100076
200129
610042
201615
436030
66000
110015
212200
350001
558000
400030
652800
101100
610041
518000
215121
400015
315300
201500
362200
100101
100089
100086
710048
510388
710077
523631
300200
518118
464300
301900
550001
353300
528041
200444
100038
331700
400010
528300
519125
67000
519000
266041
213115
510623
100074
518101
224200
300222
200072
100061
315040
710010
100022
100045
650011
310003
100079
41000
518049
255000
610021
363000
400041
110042
130011
221003
301900
572000
518040
519000
611800
200051
510620
515832
364400
110168
100085
362000
250200
100020
518000
665600
100039
100085
300190
100020
453002
610052
311228
300070
710075
230011
510310
300410
314205
650051
100193
324400
518034
442000
100078
201201
710032
210001
41000
250100
300150
445000
610081
350602
710068
115007
100061
200237
510530
100067
300131
100097
100081
215000
100025
351200
65201
100022
100872
201202
66000
301800
518081
650216
510405
300074
201900
741020
100037
200051
350300
200237
318020
100022
50061
362000
200240
518020
201804
200001
100055
412008
100143
300112
200441
401123
211800
200002
200436
518102
524002
48000
450053
515600
311700
210024
214000
201900
510640
515041
364000
450007
750004
528000
200435
361022
210046
518067
655800
200040
350001
200433
450001
200002
211100
214424
610041
528531
538001
100048
614000
100022
510030
400700
66200
710043
518000
510663
641400
201500
410137
510110
350001
255300
418300
30600
712000
102600
100081
215228
200002
410205
113000
362241
518103
215004
518000
511300
225300
201901
315321
510730
214400
515144
200001
530022
100061
300102
201702
300050
300060
362100
200129
200444
200232
510540
443000
201700
450003
530400
511400
519000
212003
710105
528000
210042
100026
100029
510420
330001
621000
518023
663300
410000
261500
10010
408200
101305
214437
201111
100016
518131
528000
102101
445000
528000
361006
200129
518054
362000
518068
200129
200122
200333
400030
450041
102487
610041
465150
230031
325035
650011
200093
50051
222002
430040
621000
100009
510600
225817
622659
518031
710043
100125
430015
515833
518049
201203
230041
528200
265600
528400
510400
274000
511442
510000
361000
201315
610500
361100
300211
266023
408000
610016
201613
200021
100835
100025
200081
214111
201203
200129
510620
100015
510515
210016
366000
714000
350004
610041
300304
246525
45000
710068
201812
852300
621000
266071
100079
100088
201800
362000
362000
200051
650101
211102
518102
401147
528437
430080
362000
655200
515000
200444
510520
350003
100125
201318
100101
200040
100052
510280
510010
410004
201300
350018
363300
528300
510730
528305
100086
132011
450046
523460
100730
614004
236000
110014
116000
435500
210002
200061
201518
528400
110034
100121
116206
523850
528400
350004
214028
510700
475001
276600
200030
201103
65200
202157
511400
362000
201201
201800
46502
730030
112700
472500
518103
315010
830002
100022
261041
50011
510800
300250
627550
200435
201100
200235
610200
516001
110000
400030
450008
510240
650221
523330
528000
610017
255000
214445
610500
454150
300170
30800
510045
518100
528000
200030
300110
518000
571100
671000
215600
510030
100088
133000
100021
300070
200092
366000
114200
519015
100020
471003
200023
200435
100021
643000
510623
710043
430015
361000
201900
510700
215004
618000
518110
518038
400010
213002
214072
710000
473000
201800
730060
475000
333000
430060
100086
410007
610051
650100
201206
330000
523000
100023
310014
516003
150316
210015
430079
518109
201400
100176
710000
350007
510700
215300
200040
528000
225000
318017
523128
110041
200232
310003
710086
116600
510640
620500
650031
101303
100093
200011
201600
710065
200233
138000
116600
243000
210004
450003
541900
545001
212000
530032
200093
528225
200237
523000
201200
213126
264209
226000
663400
114042
350005
515041
301700
677000
435006
610000
400715
210037
200127
610031
100024
332500
315011
561300
50000
100024
110016
266555
527229
214000
214183
310012
200126
214156
312000
530003
201100
200021
100031
100015
523400
100140
201100
510288
518033
516000
214125
430000
101113
610051
200032
100036
510630
101100
510610
528300
201615
430000
100040
215161
150020
510290
150010
100022
519000
214000
350009
230041
310006
518104
523900
518101
441003
518057
510630
350007
100025
250012
454650
350025
100011
610043
100081
200233
212000
528000
100088
621000
350009
410075
325000
525000
215500
200031
264204
266071
518081
710082
214071
215301
276826
310015
430070
528415
201308
200333
200137
201906
413207
200050
410005
100193
335000
213000
100083
361000
330003
518109
100083
650032
510170
212001
116001
100027
17000
510430
200041
710077
330000
250014
273500
519000
510630
528000
362700
450000
46000
210044
833200
54000
433000
518048
200233
721006
401324
518108
515041
300451
518026
315300
310012
200003
200433
14030
201206
210008
200333
102208
245061
215128
528329
200438
201908
844804
214516
110003
152000
150080
273522
512529
518104
430074
100015
518108
529100
730000
201804
100015
300073
518067
750411
330024
610054
524000
325000
400050
100021
100866
113121
401147
464000
518102
650221
14000
518109
100080
710082
510600
200438
510000
250000
200431
518032
210088
100028
315200
537000
200444
310013
518049
518109
214200
523111
250002
314500
518000
510250
300270
361021
450003
510260
250000
100013
315500
215300
523852
401147
513200
30021
518048
430000
116001
200060
221000
417000
401322
50051
100040
250101
201101
100013
737100
154023
215222
710019
201600
100028
610031
750004
518104
201611
201108
518057
102100
528402
200052
362000
213200
214104
200030
510660
102208
510300
518110
316107
322000
100062
730030
200335
261041
30002
300112
200120
816000
710068
100055
201108
101300
110034
710065
215128
110004
215200
450053
410007
222004
200129
226500
350001
310016
710043
200050
100098
518103
315400
350001
100071
518102
100089
430061
201208
674100
100000
523008
400010
519000
528400
710600
215006
518103
130012
225300
750015
116000
310007
516001
454650
100055
528300
518104
518126
266071
210019
363000
510630
310020
727400
518102
523960
518000
200092
200435
523445
100050
266101
222003
652800
400709
336105
510470
516001
528300
100050
223001
528300
614800
646200
100024
710061
200336
518109
150080
224400
510110
225009
510000
430079
200437
300042
525100
518108
266071
130011
200127
101500
510170
730030
650200
410318
300171
510075
532100
510620
200081
300450
325615
310004
200070
200235
730046
110005
734000
528308
528000
225500
730000
528318
528303
361006
510300
400038
750100
264000
200011
361001
450003
200010
677000
315040
100073
100853
200070
71000
400050
315010
563000
351254
518000
350001
361012
100071
570203
100022
833200
201906
100084
102609
318020
114000
200435
629200
354300
200333
650200
215600
212200
100091
233000
624000
230051
201311
726200
350025
201103
200233
430056
100029
213000
315500
50051
519000
213000
300074
101300
200233
213011
215021
515638
100068
453002
253000
430033
200072
28000
515800
300111
363900
200127
201411
100010
310006
430050
200237
530007
610041
100095
266071
529000
313000
510330
610041
230001
200001
361008
225200
421007
430022
116021
200092
354200
17000
215300
518048
200083
363401
200092
100070
213000
213014
57150
100144
200231
100029
510060
100022
528400
518054
518112
213022
200125
300100
300381
264309
433121
316021
201512
213000
200011
65201
518002
100069
341000
201800
710065
100036
361001
512400
350015
241000
415000
200333
110006
250100
215434
362000
430071
100083
518133
200431
200040
537231
350016
201824
257200
200065
250014
350002
362000
201702
210014
515021
435400
833421
350004
467000
510700
430000
712000
201101
200003
430012
200434
215128
350014
102603
100078
200122
255300
315040
454000
401326
430064
200120
100076
610023
526060
518031
201318
210017
100070
75000
45300
215141
523376
316000
210048
510250
511483
100020
518001
570203
518000
510642
710065
223731
467000
510145
200129
528234
201200
100096
100024
201208
200003
311400
421400
750066
200940
518102
100097
423000
518131
215000
362000
610031
518020
300384
210094
265500
514021
615602
312352
201803
610021
510450
201323
255400
100016
100142
528400
528000
400050
110142
516400
100005
511400
211600
10010
621907
201318
530022
650051
361006
673400
528303
163453
811700
413500
611730
225009
471023
527245
614000
519000
650021
350013
250002
30001
400084
430079
550002
410007
450006
30001
100021
130011
355017
312000
200080
277100
75000
434000
215611
201323
201802
610100
361006
511515
233700
214001
518131
200127
200125
441300
200125
231500
735000
412000
100083
518002
100000
214437
550001
300161
102100
511495
518049
516133
215121
410205
310013
116023
561000
300041
100083
419300
611230
200213
200335
528325
214131
200122
523690
200093
300190
510663
510100
200443
200082
511430
511400
100055
523940
244000
266000
200443
210000
710075
130000
528248
518115
200438
550002
239000
100024
611830
66004
610000
100021
243000
365501
425600
154600
530007
264000
100083
215021
100079
528200
430030
100061
200122
200240
200438
515346
313000
361001
710021
518124
510080
264000
201800
214437
266071
443005
516006
100029
410007
518001
100080
44300
215011
100070
413000
611731
830044
511450
361000
200031
350009
100091
518004
515041
710014
200062
671000
721001
445000
100024
310052
30012
211800
200070
100027
330002
550004
201823
361021
623400
266000
325000
518057
100176
354402
443100
100600
430074
363400
510000
50000
226300
225300
200092
100101
518103
625000
443000
523850
850000
200941
115100
210009
710061
430074
361000
518125
65900
330002
214400
321300
213002
518110
10020
710065
200032
650100
201101
350005
231400
110004
266023
230061
315040
100166
710061
102200
453700
110004
530011
200129
264006
450052
510663
523400
201301
445300
610066
518030
200434
352100
300163
514200
300381
510380
411100
610051
200120
100089
350025
300102
443002
511447
528421
224300
570206
300456
310014
352113
210037
524005
100028
200042
200433
200335
100082
215341
510260
750200
325612
100621
654100
255000
674100
542700
200122
325400
150100
50011
201901
510160
200090
52160
510240
237010
528300
650032
200441
350200
362341
314104
361000
200434
215006
200122
350001
201805
310004
201108
100024
201100
523120
239000
621000
518029
200090
529000
312000
100012
300061
528300
515000
130000
361004
200431
610016
450000
110000
100031
213011
315040
514031
100041
315300
430000
116011
110031
100052
200072
361012
400060
12000
150000
300121
410007
211100
201700
201900
201208
528231
200093
361005
518020
710014
523220
350003
100140
100023
100124
100101
210022
526600
101300
310012
50011
215007
518129
215300
523699
442000
247000
201306
443001
363000
710054
214013
422000
100045
100190
201804
210009
646000
722400
310018
528000
518102
350001
518026
529000
330025
100026
361006
100085
518000
100045
410079
100086
200083
239300
401326
238200
315821
410007
250200
510800
519000
550003
522000
537121
361100
361000
100028
510080
200235
300160
213011
221200
523771
201708
201812
523520
710075
237006
201502
510250
200050
510630
200126
100027
518102
300142
226000
518036
610300
100029
100055
50000
361100
100052
350001
400010
511490
50031
515700
201102
200240
351001
528200
211500
523070
230001
350014
529159
710061
118000
66004
400021
266071
300071
211100
110021
430056
201400
712000
214031
527300
510800
100044
201100
122000
524023
730030
63000
26000
361008
201210
30021
529700
100044
100102
325055
650031
200439
550004
300141
361100
223001
315010
621000
250000
62550
43300
325000
510660
623301
361000
519015
200135
201708
518033
442000
100190
200439
100191
523073
100085
102500
300456
300210
363000
400015
230065
230027
400002
510655
350001
110001
200433
325000
518000
214011
644002
200025
610016
518109
650118
300052
100007
116023
150090
201203
266113
653100
315016
100875
75000
266071
413000
100034
200136
361100
100080
830026
100036
200135
210039
100080
110001
201205
200125
66004
361021
100037
200093
201206
510620
100081
214023
214011
750001
200062
264000
246000
523240
215021
201203
266072
350003
300221
33000
361009
465315
200092
300000
100088
225009
753200
511400
224500
62552
266000
610061
300451
325000
523000
214200
519015
710043
272100
266071
200135
230088
200060
410079
225003
200235
150020
570204
226006
130012
236800
365500
650021
510115
355000
37000
200093
266400
100084
350001
528429
243000
100022
361012
100866
610031
210001
317300
710119
730030
100089
523079
200063
110006
200011
330029
221000
528421
430070
250031
110041
100872
655000
100176
335000
201400
610041
570105
200434
412007
518057
529300
650203
361009
528211
200020
510407
130021
100084
201206
425804
518003
545005
610066
518052
201700
315040
354300
310020
201700
314500
200233
110044
471000
301709
100077
37004
100020
650031
130021
510600
215214
710100
110179
578101
212300
516100
353100
518116
310022
100024
163453
201100
75000
110036
530022
201824
410005
255200
214411
201206
350001
300070
200331
354300
100079
100081
710004
300121
511340
518172
30001
102600
523406
201108
215600
450000
410005
200444
528000
154423
322000
101100
628000
100007
226001
214433
200210
523960
250022
52260
322100
315040
523560
210042
101312
523000
310009
610072
201906
150001
200062
325024
130000
223800
100026
150036
310053
650032
100083
100120
528400
250101
674800
570125
100036
201100
62350
362000
350001
215024
610002
753000
201107
201308
211500
741000
215500
610036
200001
621000
100190
310012
350400
530000
523305
315040
230001
710016
214021
100000
230088
130021
245000
510180
315300
518000
510700
350001
315600
350001
650200
100035
430064
215008
610031
510410
310018
438300
637700
300020
533000
48000
510520
400039
200237
610016
435000
210011
405900
200025
434000
518057
528300
165450
333000
200434
712021
200336
261041
215021
200032
511400
362000
100070
572200
213011
300350
515041
650217
517000
65201
116001
116011
516840
518131
362200
264000
210018
510440
54200
421001
200434
201602
554300
201412
116033
362700
201900
425605
610213
100021
133000
100026
110025
230088
510420
266555
537000
225009
200336
214239
510100
213135
100043
250012
200072
200438
421002
226316
523000
100061
102206
516500
300143
650041
300381
130061
200086
430000
200137
210037
363000
272000
518031
300457
512023
100102
610043
300050
523087
100101
353400
201306
110003
510665
36800
250013
252000
518028
510140
116021
610041
200335
518048
100010
523710
517000
215000
526060
200240
102200
230011
363806
518116
210004
430070
110001
100078
34000
200120
201600
730030
200127
515041
211100
510280
266003
530031
430040
510006
10070
213115
200120
226000
200122
100055
250001
100029
411100
214001
200333
734000
100084
100102
200439
510507
510120
202153
570206
30021
30012
277300
528248
650031
314422
610016
310012
200083
550003
610021
510000
510060
100037
655600
201203
351100
524001
350001
201210
201612
451191
318020
310009
67000
451191
510240
519055
362000
110034
200237
210001
401121
225009
201400
201108
100872
210037
354300
518117
230041
266000
116001
300340
200081
200123
46102
511515
528000
330012
450006
200233
264000
610059
350007
350001
211100
610066
100621
365300
401147
361004
857200
30002
350002
523710
528000
322000
410007
200135
366117
202153
100061
510000
114007
510240
315020
325105
101100
110003
510640
253600
110040
250002
100062
528333
230011
250014
518010
710054
516353
519000
100078
401122
523690
518055
311118
100192
243033
100022
430042
266000
250002
100068
710077
200065
510145
200086
200435
510030
674300
110136
100020
250001
100036
410000
710075
200336
361001
528222
30024
430000
361000
859600
230001
518116
200442
201424
641500
225200
200030
100045
310014
300270
200331
100123
312000
550002
266021
50091
201100
200123
450052
100037
200051
30006
100028
274000
528000
518116
300240
200941
200025
150001
523270
200122
523119
621000
860000
300300
365000
324200
100011
163714
710003
518048
510620
116600
710061
213011
210008
528315
518020
430030
710054
747500
617000
314300
200050
610041
100039
14010
518108
518109
200011
224001
201107
201100
510405
300451
362200
432100
528237
210006
525300
528251
528247
402263
361006
210093
530000
310012
100062
528251
677400
510310
121200
523711
200040
312000
400032
510800
201204
63103
63000
528200
362000
315016
110031
100013
710061
225500
362000
102208
201611
400035
100070
523000
529400
332001
516367
215345
110014
100080
71051
100045
222042
200030
200129
518000
241000
200240
530022
430064
300350
528303
518001
518048
221000
210016
210002
30008
514526
625000
361021
310007
523220
200333
310004
510260
200083
518001
200040
213000
314000
100004
100176
455000
201100
150001
300457
316000
310004
472000
461000
730913
201600
510620
266035
100025
301900
226005
518105
102218
215002
361006
614106
362200
510250
430022
710068
100101
100080
325000
213000
200126
200041
512026
100088
201501
510630
342600
510630
411100
545300
201717
130041
361100
200040
518031
300222
300270
518104
510507
100102
116021
678400
650031
430070
363105
200240
528000
300142
750001
515000
101300
518000
512000
200333
518036
545005
64000
362000
200010
450003
215128
101400
300072
450002
518172
530028
100048
255000
110025
14010
518115
410300
519015
100027
355000
528467
102200
250101
100022
201202
214196
530031
210015
528000
116020
201108
100850
100084
518048
262100
100035
317500
530001
201114
570100
518048
652103
201205
150080
215555
529100
100070
100043
110000
200042
100073
510010
510610
100024
201901
301700
110032
610225
215300
200070
524004
200093
250002
750011
361021
100045
100195
443003
410015
264000
200941
110044
100085
710300
523875
430070
610000
510180
215552
30600
730000
100084
400051
68250
401520
710001
528429
37000
610015
650500
100012
610091
45000
255300
518067
100016
830000
528400
100048
721008
510280
516001
222003
201108
610000
201102
311825
301830
201900
412004
310012
415000
430030
210036
300130
214400
310020
518000
300191
518060
750001
100176
450002
441000
200082
650000
261061
100010
610103
523390
710016
300161
510170
210010
201316
535000
362000
530200
430081
413000
330031
100055
510600
332000
110164
266000
200002
201620
565100
273300
200135
523127
200333
317327
518118
425000
621000
201103
652800
623402
400060
201101
100027
610000
314200
200092
250014
410012
215300
213000
430061
401520
200063
350800
350001
222200
415000
200949
211198
210029
510160
325605
252000
215101
215300
841000
210037
514400
215200
710075
200062
310012
201600
200135
246003
610200
510730
201800
201100
547500
100031
200940
710062
100025
400054
100021
201200
518052
100045
100035
210007
100020
110043
430034
100049
201611
314408
264400
215300
210012
110001
100061
50004
300222
100006
68450
201105
610063
516545
362100
33300
100018
301830
312000
225300
100021
310011
272000
201615
315040
525237
215002
570204
100193
100021
528200
710061
100022
200021
100026
400035
402560
100038
100086
510730
457506
315016
100040
467400
430000
322100
214400
50035
450016
430056
113123
528000
100071
510095
200333
200335
250014
518107
116001
210016
110003
200233
441400
210006
101400
510095
510663
725200
250014
100015
518020
430063
514021
650200
100102
515041
200063
30031
850700
30051
214187
200331
364000
200050
215300
215006
510260
200021
200235
100081
264200
529535
100022
610041
411100
310012
710500
200137
430000
363000
610000
215300
200061
410004
457000
528234
250014
523695
201105
318020
100176
200011
611130
30027
50021
317200
400060
50051
350004
471002
100021
523000
653100
100098
635223
50030
100027
100011
100026
116013
355100
201814
650033
550001
200083
200237
100061
32300
200438
262400
110200
213111
430072
650217
516600
655400
510107
201202
100028
200124
363000
200333
312000
831100
201300
510160
516085
750306
511400
100022
201505
274000
561000
300122
610091
201600
64200
443000
266000
410007
100096
100085
210008
200002
200052
518034
100089
116021
300102
410001
710075
730060
430070
518105
200001
200051
215129
710054
524000
542500
300450
510000
610100
511400
528000
100083
528300
518031
210009
300451
200122
528400
100085
312000
330002
100076
361006
450004
100043
650043
255049
523000
650224
100028
300122
201612
200032
215009
100102
200436
100024
250100
300110
201615
545005
100161
150086
610041
730913
430014
102200
100083
710043
523112
325200
100022
110002
100076
200231
201602
361101
430015
100069
400020
518045
210037
530012
518108
200051
276200
523850
610036
330001
210012
810100
510260
225000
526300
100161
212300
300161
110013
110005
200433
636150
266510
523123
517300
116013
200442
528248
201100
100124
200126
30006
255000
529231
315012
250012
201612
100025
518131
350000
238000
100122
200435
201105
311102
518057
200240
130061
110016
510160
200433
430056
518001
110000
410006
432100
441021
300021
245000
528000
200090
650051
350012
541002
250012
28400
511400
710061
100027
14010
410002
100089
63000
250000
710054
261031
351100
416000
315400
511495
200234
50000
610000
737100
430070
201300
214028
201900
519000
523709
215123
213200
610000
341100
300193
315032
200436
450003
200063
214028
523160
518040
450052
210039
518001
130000
133000
215600
116001
310002
300192
200127
710075
431924
50021
510080
300204
100044
644012
200001
200241
519060
710061
537400
200092
200041
518048
526200
200333
323000
610000
225300
200065
518048
200333
511400
450000
523118
510080
110042
528244
650000
610000
100088
333300
610041
200120
310000
230000
200336
100005
733009
528305
215008
100088
225200
24000
200093
200122
310013
450000
518015
200126
101416
528061
523871
528476
30009
523000
110021
244000
650000
300192
710061
101100
215300
350005
410003
300220
430040
100084
110023
201400
213000
210024
200072
350001
100048
215200
232007
200126
541001
528251
315040
100083
316103
65000
712001
528400
523071
200436
200232
201824
404600
518000
100007
325401
50060
523000
200241
421001
210017
201101
201507
350001
611830
100085
264200
250011
364000
533700
510630
437300
200129
11517
30600
518117
215300
614000
310004
518000
528403
561000
730050
226200
315334
100078
610041
226000
528226
641000
721013
310004
201204
543002
518055
518033
54000
210000
524027
430022
100020
271100
361009
201200
553400
650216
443003
526040
150076
325100
100025
200435
314300
312000
201315
100192
650021
545600
350202
100083
450000
100001
100054
215557
200137
100048
354500
201800
325101
723000
110015
510990
523627
430056
100176
518040
201203
610081
333300
210048
100033
200030
341400
529300
100027
110011
200032
510170
150076
200000
410006
100012
50000
310002
464000
528100
30600
200123
710061
810003
350001
355100
241000
529300
100011
611830
100075
400084
100176
710061
200233
710002
330046
200092
100025
116037
213014
114300
332500
528318
518111
100123
710032
735300
200023
430070
276600
650302
512100
100023
226300
200041
518052
100020
325615
611630
100039
201901
200435
310051
310021
430030
100045
321000
200333
200072
200086
200333
214001
528425
518081
836500
472200
363600
523792
100005
224300
412000
300193
66001
510310
63004
201210
510280
541002
100055
214000
311422
518114
570203
200120
617000
325011
201818
400031
100029
666100
433000
200444
350002
300161
315336
200021
100052
528412
610303
200331
510250
471000
614200
201906
50071
201204
300131
200051
515159
30200
200060
256600
529200
610051
635100
200233
322006
100050
215164
100143
201805
710119
611830
344000
750001
518115
101105
300250
100020
610041
430064
350119
312000
200336
450002
210044
201111
300161
310058
410011
510450
250100
200023
239000
661000
310029
351100
614000
411100
400050
710075
510000
101300
226007
264000
100071
100021
101300
710075
363900
210019
570208
310012
610225
528000
243000
230001
710043
523820
300000
200001
200021
529200
510140
110003
200072
316100
650201
213017
213011
410000
541004
100031
519001
300000
350001
150080
214200
201501
30024
200031
515041
350001
266000
200008
100076
412300
223002
200126
410014
362300
518000
102218
526109
100045
100062
313000
833000
430010
100076
200041
361005
215004
430062
730070
100044
100053
250100
210042
710077
100061
100142
430010
233000
200333
525000
201824
100022
650034
200120
