14010
730070
516400
253000
311300
412000
200136
100024
100006
200023
314000
102500
650011
361100
860000
430023
71051
511400
201612
650106
215000
529200
710313
100038
365012
215128
210036
710000
741000
310000
427200
200237
100000
100080
525000
100086
200438
310020
519000
200437
100044
315700
410007
510150
343600
361004
100420
100041
430022
351100
519090
315010
100055
226000
315040
100020
621000
518125
400030
528318
710021
250032
114011
321000
101300
510000
300000
100101
154600
510800
510375
63100
200124
510620
511495
201605
710065
519000
435500
857000
100097
114014
213000
116209
201203
201210
310016
523900
521000
710075
250000
212000
528231
226007
200040
510275
30012
200129
518000
43601
528311
414000
110013
610041
610072
226009
100050
510600
430032
650011
433200
310009
100107
226227
100027
50031
210036
330038
201800
510800
66000
528000
200072
350005
100062
550004
450000
510660
430062
350001
636150
201508
744000
71051
650300
571833
710003
325604
325000
518035
236842
200070
200443
753000
330029
300161
224021
68252
410000
515041
210036
510800
201203
710016
257077
200436
215007
635000
610106
810007
550003
730000
215500
201206
341000
100040
201111
215007
450000
610061
614200
200061
523850
201808
201108
200092
210007
629300
28400
322000
518000
642150
325000
200126
116600
215004
100071
46000
315174
518111
310000
451200
401147
525000
610023
518000
710003
110003
543100
510623
518109
523008
710001
116100
221300
313100
200234
266106
351100
200082
651400
100082
363200
213001
200444
442000
523063
154102
215011
523000
271000
450000
646400
410100
430061
210036
100020
264408
721000
530003
310051
300230
571800
215300
518028
201201
110161
365001
100621
261000
611137
200333
723000
100036
63000
266061
351111
516001
363000
100097
518105
518081
751600
725300
710001
553100
518126
100034
101100
433123
350013
101101
450004
518102
235000
200235
150000
201108
710061
210028
313203
411105
101149
100077
210031
537000
130021
300250
201105
401121
200021
458030
264000
350800
200333
661600
510627
518172
518102
100067
271000
50031
56001
250100
510420
300457
100028
200120
112500
511450
100081
200336
519000
518026
14010
421001
710077
511300
408000
400062
365001
276200
850000
201821
200080
100097
430205
361006
210001
161000
301700
201600
300020
518000
30006
300020
710016
330046
100024
211112
200436
510010
300402
215011
750001
710005
518172
710021
201805
410004
712000
518040
610064
523788
610041
264200
300193
515300
150006
250117
518054
266600
201107
514300
201800
710016
451200
313100
102600
100176
132013
210006
710016
710127
200040
101300
154002
355000
230011
200129
511447
510700
315800
30012
518057
250014
50071
300110
518110
300041
100018
350001
300122
65201
110031
471400
528203
510010
241000
130011
510850
71051
518101
110011
528031
121000
410126
343009
518110
610100
523010
314201
300100
200030
523513
100009
366301
215006
215500
362000
200120
350003
110179
438000
350600
350001
201102
362000
653100
418000
518108
255400
510550
300384
350001
244000
450008
455000
201615
350001
518049
257064
528203
24044
430016
210061
510165
200232
710077
528100
230022
510623
518116
310014
538001
816000
523112
10076
710048
362200
214437
510610
100085
611430
518026
300202
100091
510150
518118
710061
710054
257000
315701
400020
300380
215000
130041
528309
215131
430034
410001
710086
523000
523686
201600
300250
516001
75000
214423
156500
54000
523000
710055
239441
300457
529100
410006
200233
100053
100025
200129
710061
618300
100123
71000
215011
361100
430060
400060
621000
242500
33000
30000
350000
344200
850000
201806
518106
271200
531400
610041
510500
610051
545002
201809
430056
215000
310051
201210
110042
653400
200124
215334
100026
675000
430072
110027
318000
528000
211521
300161
518064
518000
200120
710061
400037
116600
457000
315010
215126
200030
655000
430040
523400
330002
710061
100011
214512
723000
364000
100102
225231
666300
100024
710032
710100
21400
515041
350400
518057
518020
50031
610000
516100
674800
100015
430012
710100
201900
200240
510620
201805
266034
252124
610071
200023
201419
537000
625014
322000
100039
730070
311221
410006
130051
310016
410013
528400
434200
350015
156100
250012
266000
32000
102488
46011
100082
510545
210046
430064
210007
313200
710200
650032
430015
430050
200336
100084
411100
225300
226000
50081
650041
710065
850002
361009
610000
570105
100045
100076
450000
221002
201615
350200
523170
450044
441002
430080
430400
336000
200092
511338
116011
353000
201100
430000
310015
271600
300202
100011
515344
100028
200125
510898
365000
200050
312500
100076
210048
355000
200437
657500
518031
215002
646207
430070
100101
300181
626300
510620
100080
712000
350008
212400
523009
225300
518172
610041
300300
200072
230061
325200
100083
200072
312000
200335
651223
255300
250001
276800
100095
100005
430081
710003
41000
721300
100013
515041
301500
712000
210042
529728
214200
201203
200093
200020
511400
362261
225266
512000
100054
200065
100028
523131
430070
130011
315300
510308
511468
400030
528437
100025
300121
311604
523129
430035
100055
200232
100088
518109
523401
510645
437100
110004
200001
547000
518000
265403
300011
528251
266107
850000
214200
214400
325000
710021
361009
214206
511400
241009
213200
518110
710054
15400
125001
713200
536000
201900
200125
530022
410600
235100
212400
528200
211100
712000
226100
518034
528403
430050
100068
400030
710089
101318
516890
523703
528000
310014
430083
528463
100043
201801
314000
712000
100028
310012
226000
450000
214181
528244
200237
310013
201805
365000
625000
37005
100007
361000
200335
361021
265600
518028
210032
641500
211100
610067
130051
110013
201102
225001
213000
674100
215021
810012
274503
350007
725000
410001
201801
430017
325000
519015
710065
157000
730030
401121
514011
100031
523000
529159
626100
71000
450000
310053
518118
100022
100176
225200
650031
100036
201600
256600
510600
210004
314031
518112
200050
200080
831400
325100
201111
200124
300000
361000
510600
200080
300457
671000
230061
72750
100053
201615
201812
518064
200001
158130
14030
241000
325000
311200
200040
516211
300163
523560
710043
201318
650011
834000
100026
361000
450006
650051
201616
200232
834000
721014
100102
130000
430010
510095
210001
100086
518026
528231
277300
213200
214028
215004
519000
528400
100195
200443
473000
551401
523000
300350
422600
221005
243000
250031
110013
516225
100076
110032
543002
430000
511518
300134
215131
100102
518001
457000
412002
100600
528415
311200
518057
311200
510222
350015
518104
200333
400039
230001
519070
350001
130012
50041
430000
528000
710018
518109
201100
400060
510120
528305
100143
510360
163255
363000
214200
519085
362000
100023
215316
255000
200433
110004
510030
350003
300222
201906
610041
210039
315500
300457
361008
150026
351100
650031
200233
541001
830002
610036
300381
300171
212300
518067
300100
314313
100085
201804
200137
214001
132011
852300
200083
256206
710043
519000
75400
100105
511800
610015
200940
650000
100022
201100
225001
230031
454002
410003
100086
201101
300241
362000
610049
518082
610045
201202
518000
100024
37006
622753
400700
116021
518031
265500
528441
314000
201804
510630
528437
200129
257200
519015
541002
116021
515041
523087
100015
266111
200438
250000
710086
361111
730020
316000
213161
250014
100040
510600
518109
523850
530022
100071
250000
214400
524043
255000
570208
200333
200020
510800
250100
201620
66500
366105
310018
200127
510280
341000
100062
221000
226001
200125
224050
10020
100045
510250
644500
200092
526040
710124
510250
201601
100076
166300
435500
430010
201206
200061
214024
510230
266000
716100
530022
63000
211800
523639
550002
361001
200070
63000
361000
430050
163316
200335
300052
314500
510800
510660
528200
519070
100101
300192
400080
450004
350012
362211
223001
100096
100176
201101
250014
125001
110034
515644
201201
750306
241000
313000
100031
100084
63611
100120
215123
841000
361006
510430
200438
511400
518103
200233
467000
213024
510115
100070
271104
310036
315606
330006
464000
110032
364000
315806
100025
518048
100085
100102
213161
210038
730000
100081
366000
132001
364000
510460
611743
325200
100037
201102
102206
362000
550001
226001
215011
201605
523400
430072
201100
430072
100070
200030
200335
100024
157513
64003
610041
518112
450052
518001
215300
201306
476000
201206
528222
50081
201609
266033
510010
116011
518023
414000
250012
201620
100086
300450
525000
54001
200135
201203
201203
200092
100192
523003
100080
471000
255000
100088
400010
315040
710077
518001
100000
100860
200444
528325
463411
200082
213012
410005
325608
510660
518110
510665
201206
100016
518116
325000
510275
510655
301508
666100
528000
30002
200042
315300
100076
201208
650000
330000
528400
100052
364000
610041
442000
415000
100034
200336
710061
528100
100022
300457
652300
266000
363200
830001
543000
100028
361000
100081
518101
201100
418000
232001
510700
30012
100098
210001
300400
200231
315206
510760
212003
100191
266001
510640
710065
330031
400016
515041
201210
510075
100025
213003
518111
471039
518057
401120
650113
243000
430064
710016
351100
410006
518118
363500
110033
519020
510620
213002
200940
200435
610300
201206
110005
510620
432600
733006
200040
201821
63000
100070
201803
511447
523791
314500
277700
730030
200433
310005
200124
523000
200021
214111
110015
517300
100048
518115
310018
100022
321000
100026
110023
132503
430022
30001
200433
214400
315010
830049
100012
413000
100142
363000
518105
201801
200135
611730
100028
410007
443000
712000
200030
201814
450002
710118
430010
215021
315315
511356
215300
211106
100037
221002
63700
610041
271400
515041
100021
518008
215533
201203
200127
311231
410007
250012
650042
610041
241001
201101
528447
515400
200233
161002
710075
100012
201818
10020
511400
362000
100010
67000
100045
530012
510700
315010
510663
225000
300192
518114
261000
200136
530001
201108
450001
528231
550002
245300
30027
102209
310018
266071
200042
200438
321300
315600
350007
610500
310021
201103
430000
150001
650000
361008
100013
150010
525000
528427
200435
210093
261041
213015
518055
210015
200125
430032
530022
315048
530022
523009
615000
201200
30002
315100
400050
610000
650214
100033
67000
200070
200240
250001
100080
467000
510305
100816
110168
610017
610041
100022
300457
526123
510623
510180
730000
50000
33000
310006
710003
545006
110013
402760
523580
210038
100016
10070
712100
200125
200072
528422
212300
30006
710086
100006
100710
430072
66300
528300
215211
450000
518040
100069
211100
527300
100073
528137
100070
518031
224700
211151
753400
610091
200031
214028
350001
528414
623100
564400
810000
510660
410005
300250
230031
200086
255049
511495
810000
253000
100026
200071
510630
610071
100078
214200
518114
226631
300402
215002
325608
646000
10030
214101
528454
362000
334000
17000
710021
211700
100077
213004
200092
528421
201102
257091
241300
650041
100097
510030
200062
214001
163113
400021
361004
510375
518000
200233
100028
510070
434400
200240
100818
200436
363000
100016
201615
100142
50031
100037
200125
366312
331100
100027
315171
644000
211500
510800
523000
541001
334000
550001
510140
201805
266071
730060
310005
400039
100021
75500
361100
100085
201203
110003
518028
226100
100086
510430
200129
100125
610200
300350
14030
101300
201100
350001
236000
210008
312300
201602
215001
467000
201616
300193
530000
210002
510655
741000
215128
611430
201805
455000
100028
621000
200135
528467
201822
362801
66000
361004
650032
710061
361001
300042
100040
519080
100071
201803
325804
710043
325000
246011
201600
430040
710045
518106
528429
215228
100029
550004
430081
650102
518000
401120
100080
30006
523710
361000
528200
614000
612205
200124
524043
300222
201404
100026
100080
24000
523710
710032
200023
100027
528400
210006
215021
518053
211161
255100
226001
200333
400060
523710
315040
523712
121000
315325
200011
611730
350400
100053
518122
400080
518057
510660
213000
526600
516007
518110
150010
621907
341000
730060
214400
450002
552111
412001
300402
512400
450008
610041
10010
212132
201101
857400
100025
100075
215005
63000
518054
100022
361026
215123
330038
510600
529000
201600
430082
430019
201800
523573
226400
201111
300452
50081
316000
266100
400023
430000
518000
300121
353000
523820
430062
529511
654200
44000
610000
518049
430060
310012
272100
523560
518051
100026
100026
400042
518034
721006
430010
523618
300250
710089
414014
212003
245000
350119
513400
528400
200023
201802
310000
519080
250014
510288
400023
102600
401326
300222
255025
201102
751100
710075
424200
100140
130021
410007
100055
344000
200135
510180
250100
450011
518060
102600
215005
200093
21000
300071
130000
430015
677000
214045
201109
239321
130011
300110
100020
215326
215008
610200
736100
510220
200010
518001
201615
518001
150010
830011
523000
300457
571159
250001
30003
545001
510620
551700
610041
110000
102412
518034
528200
410011
272100
365500
54000
110043
511495
300070
710043
350007
250012
110031
200126
514000
10010
450052
518040
30001
663000
710068
400031
726000
350001
100083
201208
100022
730030
315012
310000
100068
100005
200135
543002
215005
300457
510507
100090
518105
650000
650000
510627
350003
201200
30012
610000
261500
510800
300222
100010
727100
100068
201107
232001
100084
510620
650091
201101
101400
430081
116001
315800
300451
100026
430074
610000
542600
350400
550001
410005
102600
312364
100068
510280
415300
510880
200434
510055
215562
214028
518000
30006
510880
100044
210000
650032
518116
524000
132011
528462
200020
830001
100083
518001
116600
352100
211100
518057
516300
523775
430064
400042
518083
351131
510055
674102
550002
518040
201203
200120
528308
450000
510420
312000
523808
430080
518019
518028
277100
312030
214001
133000
300384
100166
466000
710021
518103
100101
213016
510275
325200
518102
200070
222006
100083
610031
310005
200040
201112
518111
200062
300091
100010
362300
318016
361000
201500
266031
100068
100083
710025
657100
200442
528000
200135
362000
430070
457000
422000
100084
266021
150060
213022
361012
116001
518020
75700
210009
215000
650021
510040
650034
213023
201208
100020
519000
44000
200237
462400
350004
201200
273400
150070
201906
510030
518101
430040
361004
100122
515041
315048
710021
433000
510407
14010
110180
100164
201600
116001
518173
100102
200012
350007
430071
641200
200030
362124
300400
100089
528315
200051
226008
467000
322200
100015
200438
510000
361009
56200
430024
215000
400015
210000
266000
472500
250100
350300
400700
515829
850000
856000
300020
100088
100071
251604
528427
310002
710016
17000
401120
200126
528000
110136
200122
300150
215300
515041
110005
637400
314000
413000
201200
100034
201620
63000
510600
200030
100078
100080
366100
300072
201100
550002
201204
518054
610081
570102
100022
515600
300074
250023
201102
516121
325405
350300
100016
116001
100004
510630
537700
213111
430077
710075
412005
200083
100055
355203
518172
510610
215009
710016
250011
528421
401120
412007
100062
610031
510050
300141
341000
350012
212141
400041
200441
100016
100026
666100
300160
730050
518000
100051
361000
737100
350003
100043
100071
450000
519041
200431
523560
471003
410609
214000
323800
201703
230022
430022
510000
200540
510250
200042
430050
350007
226001
518000
225309
226002
200083
10018
518124
430071
408500
221003
201500
620460
400000
250022
410014
221000
518034
200434
610036
510220
266012
100031
213022
100091
110013
30027
201112
212009
100070
266033
100020
100018
528000
462000
710038
563003
362000
225009
200040
200233
200233
300061
100016
201202
200333
344000
200127
300050
463000
100016
110023
541001
510176
412500
518054
244000
511430
323400
100074
425006
100070
835000
100038
200135
210009
441400
100190
200135
43304
200441
518116
550025
515800
300222
671000
330006
150001
201204
200431
450000
650051
300457
100085
201203
722305
200241
350007
100025
529100
201100
432500
471933
454850
850000
200050
214028
50091
510060
101100
570203
570000
755000
45200
518010
200050
100094
518106
530219
338000
834000
400020
200233
225200
528251
516001
350300
430080
518102
730101
325215
116600
100022
515041
518057
211198
300110
130052
110157
810007
621000
510800
610081
200072
523391
523326
330200
100055
653100
830002
257001
200072
355200
511400
200062
471000
223200
315500
200070
513000
362308
110032
610017
100102
21008
201206
201900
518052
230000
710077
150090
100075
200233
316000
213003
510630
210028
100045
65000
730000
110022
266000
710077
450004
571533
510620
210037
200438
610021
100025
610041
350003
361022
321300
710054
528226
300060
214028
102218
121000
215006
361008
201300
102200
201321
37006
710003
300070
163711
404600
300220
200041
430074
130052
116600
510000
201900
528251
516083
200072
201700
75100
300240
313026
450000
200042
200123
75000
816000
511450
100044
518000
200061
354200
528000
100025
100043
361004
510080
519015
510450
201316
430080
100006
523808
570203
519060
266500
100026
100083
215004
510600
528305
300350
537605
100025
710065
350001
710200
643000
710002
510730
361012
362300
100033
213022
845350
450000
310004
710038
300122
421300
226001
523000
300210
310006
310006
410003
435000
510060
200231
200124
200437
21008
100101
710075
300221
430022
200051
54000
150080
510630
200041
518129
200434
430000
200082
37003
100013
130022
450000
318020
430000
150080
361004
526116
30600
125100
100078
200135
100022
522021
200120
443133
518000
610072
300384
610041
362251
300450
511450
110031
364102
650051
528400
100082
443000
257096
422800
201812
201102
300143
430030
714000
310058
611130
300191
272000
324000
510620
30009
841011
200031
518101
355200
611830
310005
651311
510240
100086
810008
518000
515021
528300
718500
330009
210028
610000
519100
330800
122000
610016
221004
350001
361006
843000
730050
200011
100083
518003
350003
365500
201800
675604
650223
200123
100018
315176
241000
102300
200086
432100
75000
100166
102208
363105
516225
331200
316000
250101
50000
45000
518019
200335
510630
200060
710075
401120
213011
511400
314000
200052
361026
436000
250014
157012
450007
200136
362000
354100
530023
510990
200090
518103
518000
210019
213000
361000
514031
350001
226000
518052
200433
810600
212300
215011
710016
200050
215003
610041
312000
100600
310003
241001
201101
210007
310003
510610
100081
545007
518109
100045
519015
510176
510405
266000
405200
541400
515041
213003
310013
200126
350001
730060
100075
515041
523121
350003
110031
753200
352100
350300
200125
610031
615500
215200
100027
215400
610072
100013
100085
510075
528400
215200
100088
518109
110021
201400
810000
37006
835000
226006
310027
250001
518029
200021
737109
215021
102600
215001
215500
100101
471023
100028
201615
350009
201800
200072
100076
53000
200333
100102
411100
571100
655338
215021
510623
510600
63300
650031
200070
528300
100007
530003
215127
511450
518101
200124
200083
550002
215600
201620
610015
860000
528308
350001
200011
300100
100010
545007
611130
110015
519001
300203
110011
100871
725000
530028
516300
100020
450003
723500
312300
201804
510006
201100
100010
361000
225300
210000
100081
213200
201804
200135
570312
518128
255161
610041
510800
264200
518000
529000
200080
350001
554300
523872
266071
638300
710082
242300
134000
100084
200233
710003
250000
528403
10051
430077
455000
100026
450000
200042
430000
100098
215006
116000
518053
100086
537000
510800
201208
528000
510160
430050
610091
300182
14030
510800
437100
100070
510725
100038
464194
363119
116023
518003
330038
100022
518000
300457
510620
201702
410007
710043
100020
100176
646000
618000
110001
10010
101300
710025
518057
210007
100102
200030
250001
300090
100070
550023
200086
310003
222003
300240
100190
100085
510420
400010
201802
443000
315010
225300
201101
523170
230031
361009
241000
215001
224400
430010
610500
200120
122401
200442
100015
100029
528303
201822
421009
250033
100023
518021
100074
443000
310000
614000
200120
100083
361006
213231
200240
450052
314017
201103
100010
100075
510700
325000
610041
430010
200333
215300
334000
72750
100042
510030
518106
200438
110002
515132
336000
200331
100082
650228
100000
226314
363105
570206
510310
201203
325000
511430
510375
510030
210004
266002
523947
511400
730000
238000
430023
445700
200135
401329
235100
545007
201804
100176
200433
510623
528248
332000
63600
10010
362314
430030
300384
430071
212300
100068
653100
200235
563100
300280
650106
214064
265800
350119
200435
301900
200231
250014
65000
200442
518116
300385
523000
524072
215213
250101
350002
100079
510420
201802
545001
30020
241000
443000
200442
325000
650202
250021
614502
410000
200041
510635
510330
528000
570000
518000
350011
212000
322000
50081
529259
510095
530031
518054
101127
325200
300052
201801
510990
116025
510627
239400
310006
453700
528000
243000
315012
523925
450000
200196
315300
454650
201206
610034
200051
264209
442000
200031
300011
354300
64404
671000
410005
641404
200127
710043
300060
75000
200540
351100
210037
300456
710025
411100
200082
511400
362021
201100
134100
100085
41000
201612
350011
100027
201108
200002
100022
315821
200023
215200
663000
261011
364000
528471
215300
315600
361004
201104
410011
519020
518001
410007
519020
362342
200021
200433
116023
415000
225200
364000
100029
154600
430417
730070
332207
510623
410012
100044
430070
528000
200125
200126
225200
150001
710068
110001
250033
518026
250022
510630
510515
116100
100083
510430
215631
433121
201103
100064
524002
201800
255300
637000
518000
110001
230001
100027
100025
300250
528000
570203
325000
362200
610041
100040
150027
100061
529000
517300
50051
116033
200436
529000
362700
614000
102209
100028
215002
50081
250000
417000
350300
250033
430073
310000
200137
570216
610054
100102
530000
611830
30013
215007
437100
448000
224001
512000
511442
721000
361026
528318
530023
311800
100028
510100
400020
315010
200135
250014
214026
650031
528000
102304
100121
523501
523000
518117
100032
100097
201700
650032
663400
200431
713800
271127
518172
226001
301700
523172
518125
350100
710054
610015
571700
100193
454000
100026
202150
100089
100043
300101
264006
528000
510100
211500
10050
201114
710048
511400
364000
510310
66100
210012
510160
650011
719000
22150
224005
200032
200023
330003
110042
113015
210014
100068
300457
200090
518053
215200
430060
200090
215600
733009
201600
200001
710054
450004
201901
101305
215100
200063
100025
313000
200237
610000
132013
443000
68350
310000
210028
100084
515041
528421
200041
437400
516121
710038
48006
510601
662400
201901
526040
201203
523530
314200
315193
200070
518000
150301
830002
523620
201503
200443
625000
510665
100045
245200
201103
200065
300074
644104
710008
201706
442600
710021
528400
50000
37006
13250
510070
210046
510665
353000
201700
236000
361012
300457
100871
110021
200093
100023
200072
201612
315036
301800
200433
250002
810007
710054
454150
311719
200233
121000
519050
100037
718000
100026
400050
30006
312030
230061
400000
100805
610021
314502
101500
37009
530028
550058
100073
442000
511400
100036
100102
150040
210003
443005
643000
150010
100041
710003
644012
100006
200023
710068
450007
529030
100062
300121
325000
518000
200235
261031
200442
200050
810007
518109
511340
100082
363000
550000
423000
257071
200431
100033
315100
518117
200122
300000
330029
457001
325600
226001
710064
450000
430074
523078
200126
300191
232001
271000
523700
510900
100041
215163
518104
200136
751300
517000
266071
264200
650000
362200
200092
100010
610041
230031
518028
214151
224004
230088
101300
201200
518103
519000
350001
510000
510665
300203
324000
300457
410083
518112
361012
361004
300202
100074
671000
528300
317000
110016
214500
201614
71000
518110
661000
100020
430071
54000
136200
400054
361005
530005
315192
100022
511700
201520
637002
230601
756000
650011
201814
410006
100730
201805
10300
63000
10020
210036
300042
200336
100011
518048
250001
300181
210009
200125
621008
712000
250101
629200
34000
200241
519080
710119
401524
118000
100078
315000
225442
100022
201612
510630
110006
100016
511700
518054
130021
314500
200436
201200
30001
100020
364000
110411
350300
712000
201203
215011
215021
201111
519001
518001
523958
528322
430075
100000
215631
350011
433008
100032
150076
100085
322000
201812
518116
410014
124000
410004
450000
350025
201100
200082
510850
315010
200050
200240
405900
528315
510500
215007
100043
350500
362200
511500
150026
223300
157000
202450
100016
215151
361004
421001
570001
215004
63001
475000
364000
523460
100091
266001
250200
716000
225009
710043
523820
466000
214200
315012
37006
201100
315100
100022
563000
211500
100073
255400
510080
273512
239000
518048
353000
200442
677000
515825
510630
211100
721008
100176
610051
511495
221004
363105
654100
510300
300387
30012
300140
215500
100001
553000
225654
100027
528200
201105
201102
710061
50021
510600
433123
214023
453000
100020
110031
132002
264000
310000
200235
830000
201318
410013
529500
361000
332000
110003
315800
17300
400015
518067
138006
200540
518031
350007
430064
610016
100050
272000
718500
530022
201505
46000
430015
510010
710061
118006
528000
100053
100085
110043
511800
201318
361000
200001
454002
510800
401320
518031
314051
570105
300131
300192
331200
350001
364000
510360
200135
100055
214037
410011
100081
518020
857000
571100
214111
316131
200124
435000
67000
629213
100023
350004
351100
201201
510440
50019
410126
454003
518111
338000
30002
100037
412003
362000
53600
321300
30006
50061
100085
100085
210037
200090
350008
361000
210046
300457
62552
113009
450000
471012
518118
331100
100015
214043
210038
200031
41000
54000
210001
100067
518000
564100
110001
430030
30304
510800
430074
201321
110011
750200
66004
402260
215002
550001
510140
610045
650000
102208
350003
350000
100101
110031
400060
523860
311201
330046
266071
361009
100015
518054
224212
221300
100041
351100
62350
100010
50061
100094
315103
100071
200082
511400
210028
100040
528329
523710
518102
30024
610100
618000
201103
100036
222003
450000
110043
610000
313000
212001
200438
411104
530028
234000
100043
430000
530022
312500
535400
300070
116011
511542
510800
310012
310053
100101
201708
100071
100031
528000
510310
30006
50200
200940
100027
550003
14300
414003
518101
14030
100022
518026
201824
424300
300072
523560
443000
238000
266300
317500
710072
528000
213161
710068
201712
362000
114031
518128
450008
233300
100097
100191
200025
200432
362200
213022
435500
100026
200444
321000
435000
315040
518055
430021
214037
519000
410007
300400
624000
519015
250013
316000
516001
215009
233000
200042
100097
100098
150001
201206
100101
214000
100023
50000
201206
400016
110014
410005
236800
200092
221300
200336
361000
200061
200125
100076
201107
200082
402460
201101
100192
350003
526040
214000
200092
150036
523900
214028
401122
54001
650301
200093
650021
200442
300131
510300
214200
514035
300051
314300
313000
611330
201400
200435
201615
100085
214206
518104
253000
116100
100191
214187
545007
200126
200122
528306
430050
100190
362801
510288
550002
830002
102600
276000
201906
200126
200060
63000
721000
114001
350001
750001
100086
571149
100025
100026
510030
100093
210022
200001
430064
100070
210007
533000
256400
510000
100037
100070
543002
510000
100089
150010
300050
518106
200124
201708
518057
733000
617066
541800
650021
102218
100089
200433
354301
510730
313000
250000
310014
50011
100192
650031
510405
114000
401520
530022
530012
30008
201100
441500
350001
511450
100123
361012
510660
200435
200940
430073
200040
215300
201101
317000
201805
213022
201100
615000
300300
100023
361000
66100
121000
200240
516221
100080
350007
200041
225000
210038
250104
200439
214000
256603
201206
310005
410002
710003
200241
116021
100033
810006
250011
650215
621000
361009
100036
510623
34100
528403
110014
511356
400020
654100
213131
528400
200041
712000
528200
100080
210008
610031
117000
650033
300141
201101
710049
250200
210007
261021
215021
201200
518034
450006
528500
641200
100052
201103
100124
315020
300457
453003
315020
215006
215300
518000
300074
510100
230009
518083
330001
437300
210029
102600
528400
215347
200023
413000
225007
518109
300204
511457
100070
100029
300161
250022
30204
536000
201103
200042
201314
110043
321400
100009
351100
256400
201100
100006
610016
528251
450000
225000
325000
518049
317609
450008
113006
353602
710003
350000
30001
530022
650031
200240
454650
100022
352100
110011
511325
518036
518000
200435
253049
710002
100006
362000
201611
523579
361004
250000
523770
261061
830002
215300
201103
550001
300020
200040
226000
518048
830002
518116
200093
230001
610000
215001
424100
200433
100029
200435
518119
325000
200233
239002
361000
200030
518057
523138
518002
100022
71054
350003
510660
610081
518057
200070
518057
712000
100067
710071
519000
414500
102500
515041
100080
232053
730030
528402
212000
300210
523408
510700
100025
450000
226001
610041
50011
100872
100195
100032
110042
100078
361009
201106
100077
46031
200940
201103
710075
215633
250014
518000
410005
450000
523000
530022
400020
200335
830000
215129
430000
541002
100054
518111
610081
200051
570000
102609
410128
100043
30001
510300
830000
201202
415003
518001
570000
841000
430022
201800
412007
571100
510370
300074
650033
200032
158100
411400
528313
100053
400080
215127
213022
200040
225300
102208
710061
300452
315191
200443
212000
71056
200434
200051
100050
201101
510145
311100
200431
264210
201109
515548
300457
710054
415000
100025
518107
350009
351100
510700
210008
150090
523500
201900
110014
100044
215531
201802
163453
530000
201812
276000
430081
226007
714000
30006
442042
201400
351100
523000
361021
510640
110025
100012
401254
201100
515152
214431
530022
200433
518129
250033
518038
511442
300040
710038
50021
226001
200438
325600
102249
510665
215213
315208
30032
410016
366000
572000
200439
518035
615000
361001
300380
518052
231600
100073
63000
710118
615000
710075
350015
511100
511430
510000
450008
200231
246001
100044
750001
525300
710054
100080
518101
212013
361021
541004
518100
510060
710038
518020
523005
210019
200023
550300
264005
400050
250000
350009
678400
200083
315040
30000
201615
201700
100191
430022
450008
222500
510405
430080
325000
100089
100102
266012
14010
610081
273500
350000
201101
730030
102600
237400
430030
610021
264000
201102
322000
518029
213001
338000
650500
210012
528200
201401
528100
528414
572000
50011
201101
239000
537000
315040
510260
430015
201504
50091
635000
411100
100081
315040
200071
257237
221116
510320
400051
518115
250014
528226
432111
300010
425000
453000
834000
21200
200123
200434
200120
510300
512500
318000
300201
430063
523452
202179
363000
317600
518106
200122
518000
201108
300010
350001
100081
300190
518029
437201
830014
362800
100081
257237
37006
679200
100120
510700
312500
361004
100142
223800
510460
510410
100091
518026
100102
100039
510040
50021
523039
210012
200021
201700
510075
518052
215600
300050
530003
366000
300456
450046
250014
100022
315010
654300
510660
130051
362000
450048
523076
10020
350013
154002
550081
410008
210044
100016
37000
462000
310009
100714
215331
362200
529700
200233
100085
650000
711711
518019
276715
400074
523960
200335
200438
100088
226010
300142
710000
223001
417500
200030
361005
234200
650221
100020
130061
510260
852000
100022
313009
710065
510630
610041
200011
100080
410011
674100
255000
350001
100086
529500
100043
550001
200434
30012
510405
530028
401147
350003
610043
300220
857000
212003
215212
100101
450000
430061
100871
511800
529000
610301
528415
200434
264002
100040
541001
430034
474151
101400
430000
225009
230022
200124
100016
200011
247000
200001
300131
350001
518000
201208
226500
511442
41000
272000
201300
518053
310003
523326
225001
430000
510220
523000
272000
314200
528421
215228
100086
201202
201206
250033
201102
430070
610051
510260
300101
550002
100025
201802
200437
411221
310030
518107
510220
100102
210008
201400
523106
511340
530000
201802
200434
430015
510440
518001
471003
100021
730900
518026
551700
610081
100080
610051
400060
300232
100068
100084
550002
854000
100061
50011
361005
100161
101107
518101
100195
226006
100101
225605
518031
250100
315040
200131
100088
510660
529100
300113
200438
300072
430022
518048
201206
523320
325000
816000
454000
200125
200442
100025
215316
610023
150090
529700
200439
528000
430051
243000
710065
200237
215107
200940
226006
201702
519070
201502
100010
271400
210028
130021
400067
523590
400052
435000
200434
201500
430030
547000
518111
100062
210029
210008
518000
650051
528333
300141
201803
200438
221000
528200
361100
100053
30001
100083
200050
100005
516211
100048
277518
541100
100005
650000
71000
214400
350007
100101
519015
467092
300112
615000
518105
100069
100083
510310
516000
214062
200081
224000
110034
201700
361005
235000
430024
201100
200433
523460
100048
350700
201502
514031
430080
100069
200092
350003
318000
723000
610051
518052
523702
400067
65000
100006
511495
241009
610043
30000
518052
450000
215314
523560
200431
215111
510220
66000
361003
200336
116033
110044
310011
430012
315806
430012
230031
510660
518053
200240
528311
110032
528244
214145
100052
355002
430074
201108
266034
50091
400014
100025
450002
529000
100043
361009
350000
113008
310011
100076
100022
200240
315010
528000
200025
527100
610213
364000
528303
516001
50081
214405
510260
324000
710075
311112
510000
250001
100021
241003
100037
364100
515041
300180
644007
100007
712000
430065
710100
610031
100085
100026
213012
330001
510105
200120
100068
710075
63000
510009
610021
430030
210028
430080
201603
518031
200439
100027
28200
517100
523000
510600
750400
210000
100068
730000
543100
212219
528000
518116
100097
515063
518020
215300
572000
215123
455000
10020
215500
528300
730030
214153
200435
523900
100086
30002
100020
213000
214021
100034
425000
417000
310002
250100
100053
570102
234200
518057
530400
116023
350003
100006
430071
523620
300040
300301
10050
314400
518053
518109
515000
24500
518040
100020
100025
67000
366000
523326
510515
310008
150010
453100
518118
213000
300200
518000
550018
617022
721000
200435
518103
528226
237143
100080
518048
650215
529300
362200
430015
510515
615000
430015
210001
100101
410005
523947
100089
236000
100176
200241
52260
201101
430073
674100
200122
475004
362000
300073
510230
214061
200125
130033
100876
641200
530003
510630
200436
124000
511495
410008
671600
557500
200441
510310
518000
300451
110027
314001
200092
451150
201805
201805
710061
110032
650051
233400
361101
202183
364000
710038
518026
200441
710065
100089
350000
300211
400060
300250
515152
100102
215500
430023
519100
838202
351100
230061
214107
528010
100076
201824
410008
213371
100037
276400
100080
200333
350001
842100
310012
100872
300012
100101
221002
257091
518111
710021
214000
214400
510620
312030
332000
200061
350001
578101
744100
610500
200233
528425
618200
361022
100075
100083
417009
100071
201204
200232
100035
155900
200031
364000
325800
213032
518029
400000
710068
400020
410004
528313
210008
100044
201613
200433
221004
200003
100191
511400
310007
516229
130000
100005
237000
518048
100020
528000
518057
56003
214000
523050
524038
510080
518057
453000
215500
200082
362700
400021
257200
215600
610051
300191
200071
100029
653100
210002
100022
200052
100032
100096
200433
351100
300450
201100
215300
361100
330003
100079
201317
100011
214063
201900
100007
201600
300204
17000
226001
510507
100176
200010
