214200
350001
200444
300400
300100
100195
710002
200444
214037
518040
56200
210009
201314
515031
100027
518116
641402
523425
362123
250012
350600
200070
200072
162663
250000
300385
310018
215004
527300
610066
300040
116011
200092
100085
322100
450008
225200
710082
200125
255000
563003
450052
226200
710077
710122
362000
200336
400000
434023
100026
529000
530003
430000
215126
266002
100800
200042
510160
315502
335000
200120
102100
200082
200436
350108
353200
518048
310015
300122
510150
530100
100102
726000
400065
361012
201611
528300
511442
330001
100075
518001
350200
835000
710043
201824
750011
330031
215500
643000
410500
63000
264200
518112
310004
561018
710061
716000
528300
653305
710065
100054
21400
511400
610015
200051
200232
100026
100085
200031
117205
100079
100142
518103
210038
400060
518004
453000
201600
200030
321300
201615
650051
412007
300170
451150
210017
100076
213000
200090
100025
201600
510095
122000
518034
430040
400010
650032
200435
100044
527300
414012
518057
213016
201109
400060
210008
250013
361100
200052
47500
37008
100088
610081
200040
430080
314112
310004
210036
100191
50090
200011
310014
212002
100025
710016
110001
518000
100029
232007
350003
350200
510665
610091
200434
200080
330002
529200
710105
518129
215151
123000
528427
529200
50000
210012
457000
200235
330001
100164
430000
511400
610106
200336
200086
650000
510300
100029
100076
519100
110013
134001
430074
200336
310023
226011
163513
317100
200090
100053
510170
300270
335000
62552
830001
210095
400039
200032
100088
362200
130033
518067
410100
330046
310002
200442
201615
102206
511455
361000
100005
528000
201103
618000
361012
250014
710075
528400
350003
200052
528425
300123
213017
11300
511495
200083
350700
200233
200123
200131
200023
100020
410000
518055
300130
210012
222006
410075
414000
242361
100083
110032
100097
550003
610213
200030
430056
366200
277100
510475
315300
750200
100022
315700
541002
100029
562400
523770
212132
730050
257061
510100
315040
330002
463600
250100
510290
400084
100024
430050
361004
222000
354200
322000
10020
150090
272400
518000
130021
518001
200245
100176
264500
518026
200126
200062
610002
100026
350003
572000
533400
200080
361000
325200
430050
201400
200061
201111
550002
226400
264000
200092
201203
550005
201107
158100
201203
214200
410000
610100
710061
523200
100101
518001
530021
510407
100038
102600
300452
200129
536000
300450
200336
200062
200023
430062
515135
511518
430030
712001
510665
201414
353000
201805
610213
215006
610041
200135
202156
100067
300193
510620
100028
628000
350211
200030
201100
200124
250022
404600
150001
430081
110021
110004
523859
518045
125027
523000
444100
215006
511400
65001
200122
250022
529700
312036
523138
200010
226004
618000
405800
210012
435000
210007
210028
710075
510160
710021
110031
810000
200940
215008
200439
30032
200092
100018
350009
528308
214028
116012
400013
430022
510500
529300
200235
200441
415000
250101
430070
430050
650233
529100
116001
230051
450000
523660
312000
518112
524000
241000
710068
100020
650228
255049
225500
150080
650118
350007
300163
201103
519020
312000
364000
310013
210044
100191
528471
402560
523943
410100
100077
110001
311600
518031
610036
535000
528500
528300
510140
66000
518109
518028
310006
610021
35100
200030
200060
610225
361015
857400
523181
511483
201108
201901
518053
361000
350000
337000
335400
430000
250100
350001
201611
100033
200122
518002
17000
317500
100085
116021
523290
200072
315300
510655
523285
401326
200336
361001
510030
518026
272003
201702
610036
200231
114001
200070
361012
30001
523712
100069
300400
300402
111111
310012
210000
523077
116023
210003
271000
710086
510030
230066
350001
46000
300171
350009
515041
362000
200129
325000
611830
100101
510140
201100
117000
361004
529500
130062
510280
201615
100086
201424
361012
712000
526040
450000
325200
200431
200135
100053
150076
300170
515041
510130
430000
362000
511500
750001
300450
215011
102218
528000
213000
100101
200126
541001
325800
110041
300170
274000
100195
241000
518172
230061
650051
430012
201708
830002
200231
30006
66000
610041
100023
510075
518004
215214
519085
518052
210008
361009
100195
361100
430032
315490
475001
412500
528211
250031
253023
250031
210014
300000
518055
430022
100013
100123
100027
200080
210016
230001
363000
523129
116001
410000
100080
130011
363000
710077
300050
100876
100044
638000
523627
200431
528400
300110
523871
364012
341000
527400
519000
30600
364000
325000
200062
518126
510641
200442
210031
100070
255000
441500
725000
100013
650502
518043
617067
210005
454003
361100
650051
201815
523000
210049
528421
523870
201900
350003
315326
528000
100080
432200
311122
432700
100024
200124
610021
530022
200011
352200
519085
200122
350007
463000
210036
518001
200031
100089
200023
430050
510405
300060
100027
116013
310008
30006
100004
518111
201103
458030
315010
201705
610017
200135
62550
430071
710071
200433
225007
361009
215022
518100
467001
610043
213011
432000
100078
200131
30027
730020
461000
325000
201702
230051
430015
450000
510300
200031
123000
363000
239400
529738
200092
519020
330029
310017
550006
100070
411100
100022
201615
150010
450000
221005
200041
750001
130011
528500
528000
510555
677704
226001
710065
215500
401520
550002
210013
50011
510630
200080
100102
730000
432000
200120
523788
511400
201411
300451
661100
402263
411300
618400
510430
210009
212002
422917
200123
610041
400039
518129
300171
100084
116600
321017
511495
363107
277100
710100
200442
362000
322000
401147
61001
215100
213017
150060
710018
200125
100081
100021
100082
430000
100076
30001
100089
518106
310004
350001
523403
412000
519000
350001
250011
624000
519085
132011
510050
716000
71800
325200
725011
226003
314200
710122
100102
200125
100016
524043
563000
515041
30012
353001
361008
400010
230001
212132
325000
100013
200122
750001
100031
523079
510600
314500
277500
226532
572000
646000
100125
400020
518000
353000
201100
315191
615031
100061
430022
518049
610066
200063
201803
330045
201325
276826
361022
410016
200940
201901
300190
210002
810007
100191
710077
529000
450006
518048
400020
200060
610041
200023
250022
430062
201306
518055
321200
116021
201802
430056
350007
201100
450003
50000
271000
430000
710200
245000
200433
200062
214403
410300
510630
518033
110032
214044
201322
430064
200001
214191
519000
570311
221300
710054
361012
116023
100029
361001
271400
213000
730000
100871
350400
63000
201824
361009
214063
266700
528132
300061
100176
200051
100039
102628
100052
730046
250011
201100
518033
223400
100016
201315
200333
833200
211100
200127
200135
215600
200333
65402
300201
410006
100028
30006
50801
100028
313000
518001
30000
200331
100044
215300
100083
200031
400060
430022
314000
100027
201100
516259
100024
200233
201906
110032
255300
256600
710082
300161
411400
572000
528000
510655
750001
214037
201203
200062
201800
310027
264001
528216
200941
100068
30200
523960
450001
310006
325800
430060
518000
361004
518055
36700
430079
214000
350035
138000
650032
200233
200060
322000
610066
200233
816000
710075
230001
518000
518000
325202
300020
201713
300193
256800
200070
100028
200040
453000
430030
200333
101111
518029
100011
610041
315033
100027
200123
277500
266000
200237
441600
528305
100031
100075
515144
530001
100022
201805
115003
610016
257000
100052
300211
523960
471000
200941
350200
273500
510730
510610
100101
310000
201108
110043
518112
610017
114010
410007
710021
510150
200093
430034
710002
545005
361022
100068
250001
201101
100039
416800
100085
200127
213300
211400
518112
610041
529000
610091
200136
201204
452370
14100
300201
200061
100025
513047
350001
110136
266071
714000
629200
100091
100123
201103
250022
430030
510165
527300
323000
215220
510990
215300
101312
710054
511450
200123
528000
100095
215554
355200
100077
523455
100871
473000
518172
14010
524012
310006
450007
300381
63000
100089
323400
528411
610072
100123
745000
100089
528322
100069
200065
510070
361022
644000
100024
200444
530001
225200
410003
30002
518040
214193
201800
201100
401147
510300
215000
100031
200123
100007
255000
410013
116023
100020
215101
100027
61000
430071
710082
226001
610051
510660
430081
110044
68456
200092
200122
528226
200237
843000
518052
201100
317022
201101
230011
200434
100053
518060
230000
102600
650000
527300
530001
317519
215300
518029
201200
300250
201203
210000
412004
250100
100037
201908
510030
350026
364000
537000
530022
100062
100016
430080
300231
518101
401520
264000
361004
518029
310000
211100
300450
100101
314500
430014
532100
400013
201615
610041
100037
332020
264006
710025
150081
200126
201101
650224
528000
201204
315010
300070
528000
245000
250061
410000
450052
511470
200120
214523
528000
830011
200063
215101
255032
315145
210038
266001
350100
572001
100080
529454
361004
200063
201102
527200
266700
518023
100872
518111
100071
316218
201300
246200
100740
36000
300060
211101
110001
200090
400060
418000
611230
637000
301501
100081
225300
530022
200233
26000
200120
210007
430080
364000
257000
361009
350001
50000
250000
264200
529300
130021
310012
201100
122400
200240
710001
30012
725700
430019
528251
461700
510006
523945
536100
430010
201702
200092
200129
200086
110003
528231
311201
511547
200127
610041
211100
350407
510620
710082
100028
100026
610000
256600
528463
200240
710054
100044
530001
250001
510610
230031
214187
200135
100083
810600
410100
450000
719300
75000
523857
215518
350001
210008
514300
130021
50011
130021
510010
572021
675000
201300
266071
518105
330006
510260
430022
363402
100053
201103
570125
528251
100022
450000
325024
510045
201206
10020
233000
325200
528325
361000
215500
100050
401147
67000
471000
200090
100029
225300
510620
223700
518106
272000
63000
100028
518038
100085
221009
610061
318020
350600
310012
56107
523000
211101
200081
215300
528415
523071
201702
523220
65201
528322
201600
61001
201800
200050
518000
100010
810001
528000
200031
451191
200123
273500
830002
350009
610101
235000
100035
529000
277217
518000
200090
215009
14010
264000
214072
100080
361000
545001
530012
518118
518048
137400
362000
100028
100024
710100
200237
201204
362000
200235
100054
518003
50021
214200
730020
410007
335000
100021
650041
528000
300221
463000
75000
423000
210018
50000
518119
200233
272100
264209
530001
536005
201100
200123
350007
100049
200233
201315
315322
510370
315460
100043
100024
201206
610512
628017
525027
314000
474500
100009
110032
226007
100029
450008
361021
100040
518112
50091
201611
430063
450003
466200
250002
100164
201708
350300
301600
200120
610091
528300
115007
510095
510600
50071
200231
150008
201508
200431
130061
130052
242000
210018
362200
430050
211100
201416
300402
750011
264000
100010
450008
71000
211100
300050
100080
528000
200092
400021
100190
830001
510310
100009
570311
300451
523448
201620
350300
530012
100621
50031
315303
471002
201210
518040
710086
516400
510000
215128
201208
200062
110000
515152
200331
529800
200120
17200
200120
622651
529070
528000
510641
430040
200436
518104
100035
200437
100083
361100
725400
201103
200433
325204
110031
272100
363000
130021
100037
529000
100049
518055
250061
300000
300385
100039
650011
712000
519000
215500
530028
361012
315300
518100
563000
529700
200041
136000
150090
201601
200333
200438
75000
362700
623000
556000
525000
516000
200070
518040
422200
201203
518118
245000
523900
266071
100101
528000
215123
116023
37006
200031
100020
215600
550004
100035
330002
200051
528415
222003
16000
100037
30024
230011
214071
529300
510620
200060
366000
541004
118000
100084
325005
66000
510080
810000
201108
116011
528421
430072
411105
330029
430040
100025
100007
100192
264309
518111
102300
511480
201201
433124
518116
572500
528437
200127
200437
528061
610066
361009
511431
750002
30032
515000
310021
200233
201620
200125
410076
523862
214400
200231
315600
100068
361022
350011
100041
519000
650041
230011
310005
325003
301800
211500
400054
200436
518028
250021
455000
100071
435000
100016
450000
523577
510000
110011
200333
650200
201209
63000
215129
450000
518001
314416
518067
510160
362700
523651
518001
841000
710054
12400
30206
100086
523460
10020
100071
200233
210038
510300
610041
330002
214400
350700
518129
410000
200042
621000
528000
200120
150036
201702
430015
213017
514000
201612
201800
266071
100034
100872
200083
201900
211100
421800
300250
213001
50031
201206
400010
30031
110014
528305
312300
730000
100011
201812
272000
200125
310013
17100
528000
201100
860300
100076
528303
114014
516221
100048
350001
400053
210012
266071
230001
650216
364000
100025
523050
214031
410000
200136
201103
215000
351200
300456
361009
210009
334000
133300
100161
350003
363000
213022
400030
467200
300141
230011
430015
215021
518048
101317
673400
100191
215131
201711
100107
510120
200062
410008
524000
100069
115000
100871
841600
521000
30012
518020
200137
518008
510630
511450
361100
519000
710061
518103
518040
830052
570125
523900
523618
100038
511340
554300
636350
65903
230031
476000
200050
675300
617000
100085
528226
650021
50000
621000
100045
364200
430022
610031
350001
410000
100088
300020
200235
518112
529080
100007
150026
353000
516700
200233
200237
441021
210007
200000
250033
350004
100039
201602
200240
110034
314000
50031
518028
721000
100144
714000
365000
361006
215500
215200
510520
201108
518000
436000
116021
400050
201323
116000
200122
523460
610036
276600
536100
316000
200092
210004
751603
276311
510630
515300
110004
30001
529700
404600
200433
200235
36600
518106
344000
215153
100029
730050
41000
430023
200237
200436
100070
230000
161001
102602
262100
100044
300193
201801
100025
200237
202150
810007
214125
211219
430040
100600
710054
100016
261000
100027
300100
528421
400047
471800
523928
116013
200002
214500
300150
317605
518049
201108
859600
200122
430010
201114
230001
611830
201204
433124
200021
528000
200232
210088
518129
315315
310058
100081
200040
300122
610213
211198
365004
361008
135200
400013
415004
312030
518053
410000
430010
510220
100020
210016
300011
610043
266071
100084
241000
519070
100029
100021
200090
200010
200030
100006
528478
300457
515041
201204
200030
45300
266022
100871
100070
100600
300381
221231
201100
362342
210012
200336
310052
410005
225300
201306
400021
200125
512123
100043
300121
14030
723000
110005
201800
443005
512123
475000
101512
116001
518040
201204
710061
236020
300350
300113
362000
610017
418500
56003
215300
113008
361012
201700
363000
518052
200086
10300
200011
222042
210008
100098
200052
100088
100085
510500
510800
712000
102200
841600
201205
250100
410200
100048
362000
410001
201208
315201
266000
310012
518109
528306
523000
250014
100088
100055
50041
710100
117000
201822
528225
511300
212132
362011
363107
201204
430062
100080
215128
666401
355000
572818
214028
510425
510420
430070
100083
233000
225200
830000
100020
430050
100009
450000
610031
200041
610041
214008
550004
518057
100036
750004
310030
116001
325100
351100
201404
200042
200070
830011
100070
300280
200434
515031
201203
312400
350011
712000
364000
201208
401220
63004
427000
115007
523230
110001
200090
518102
650000
301811
102488
351100
100022
510520
226006
519000
210042
300385
361000
266000
710068
100081
354000
200072
100080
250101
518107
650021
408500
450000
17000
250011
200435
511450
651214
200052
276000
212000
618300
518115
362700
100083
266012
100080
100176
273100
226200
200080
257097
519000
710001
411100
201206
200010
510500
300122
710075
225500
100040
10050
330701
272000
430022
15100
100085
610081
511475
100176
250022
300051
100025
362000
516120
811500
518132
518111
523000
300250
221008
300190
201206
271000
215200
161005
200040
611830
100067
518103
200065
352100
110164
201700
266001
247000
325101
100041
30009
710077
101100
100080
300102
201612
642366
518111
334100
200435
610041
226005
100031
450000
210022
210006
362700
100074
524000
710302
518106
214422
62552
65201
200439
100074
516600
518106
674500
361021
350001
443000
623002
315040
102600
100085
215008
518000
523000
510000
230000
316100
518105
200436
150070
210001
315400
102446
572000
214400
350001
100084
300270
215003
650031
100123
430082
300070
361002
200333
230001
510897
529100
300191
410082
201612
200434
366014
210006
313000
200040
510150
421851
201206
545006
563000
130021
241000
200040
330029
415000
261300
101500
210000
257061
617000
510407
526040
201800
100006
201906
515700
200010
300451
325400
400062
100097
230036
528061
610041
730060
315010
212002
666100
230088
528200
130033
200122
100102
115000
710021
200442
313100
466000
100004
430064
430064
338000
516400
418000
100004
110011
102413
610041
100085
200126
201620
200061
100176
453000
361012
610072
515000
215500
830000
510650
350007
200231
518001
200030
522000
516001
330038
100875
116000
523888
421500
200444
400031
511100
511434
510220
510290
264006
400012
200010
100081
50002
401320
475500
518104
510665
518052
650000
710023
519090
650031
361027
362000
650034
100076
570206
350012
201101
311422
550003
310011
710065
610031
314400
100004
110034
510405
710032
330006
276000
65000
100192
518040
350014
665000
515073
214500
100044
100016
114200
200433
200011
350003
226000
362400
100020
611830
100081
710021
322100
214072
511495
650215
518117
315010
201600
362018
726200
518026
351111
510900
315010
30800
100086
425100
200333
511515
530012
100020
518057
518172
471000
411100
710065
117000
523143
315010
110006
572000
510420
300384
211200
100023
210001
310018
721700
570216
518081
130051
523391
641000
215123
335000
523130
528402
310013
336000
710061
310014
215006
529500
100055
710021
215001
400026
400039
511400
321000
300457
300457
750006
710126
518115
300480
200092
261200
100730
226001
50031
213003
251000
100075
201202
653100
150001
200438
410003
418000
250001
100039
550003
214028
453000
325000
255300
362000
518001
430067
200237
610072
37004
510170
200042
325200
530022
300180
100036
100091
315040
325000
355000
101400
201100
515159
200080
523000
157000
467001
416100
277000
225006
529000
315200
650051
225300
650223
47500
510055
528437
510600
523000
545100
414400
430070
741018
518100
100021
100036
201705
200443
100044
650000
511453
620860
215431
66100
528447
201812
350313
200092
200011
150010
430072
830011
211100
100023
246005
277100
450000
401241
511495
519000
710038
200042
214000
100055
201108
518110
200010
315000
200431
200041
201108
300190
100082
450000
510300
30024
210002
200042
215300
650000
250013
510091
300101
350001
200439
100176
510800
518034
350001
30601
523000
542800
650000
300091
471000
350017
210019
100097
518129
410300
300450
65600
430050
210042
300221
110025
111000
300170
300191
201613
355400
200135
200127
300040
200136
200124
264300
523000
100045
200120
210005
102218
215600
529000
450002
201318
201600
710075
200083
200030
100192
200435
215200
535000
100076
130117
315000
650000
100038
100031
313000
710065
518055
528000
341400
430205
300060
730913
563000
523400
200021
100085
264100
226531
236600
511495
215332
350001
100044
300387
300171
528415
714000
510620
114042
518054
354300
300131
201700
201702
410008
410001
250014
10020
100080
100081
200126
316000
150010
200331
56001
225009
201814
511400
316200
430051
200136
201204
200043
518001
361004
200083
365000
400020
330088
116001
100013
314031
530001
201321
50011
200023
510500
810000
201100
300203
330000
130000
510310
201700
100039
201605
530001
525000
245061
200433
100020
535000
215008
224000
201206
323000
311500
200335
311100
200032
130051
523000
300161
200030
100022
674800
412007
100084
265701
157200
510515
201514
523863
510000
518000
310007
200435
300457
200030
100161
300300
510515
200336
550001
222042
736100
300203
366300
518109
75000
201612
421001
330088
556000
350209
200070
311101
150001
510613
255000
201708
50051
300270
610071
518101
529600
201316
510730
201611
30600
735018
678400
730030
200443
330005
30001
400080
201907
300091
510420
300074
102600
215000
712000
110013
570125
713100
518020
510655
210037
116000
100076
257061
100045
256400
100016
628000
518020
529100
810008
519015
528000
510000
400031
200438
100025
210002
515900
213019
316000
200032
100000
810008
410007
530021
30001
528303
241000
510730
150066
100042
100740
212001
830026
110016
330001
510623
130033
510160
310015
300171
300070
515800
110035
430015
213002
430108
230041
510700
450000
529300
201093
233008
100007
430015
300222
310006
150080
710004
315000
324000
525200
310007
730086
230001
430072
133000
314200
310027
362100
100022
130012
425600
30600
528318
518000
100075
100028
518118
200434
100036
100061
30600
421001
521000
518001
214043
310013
225300
200120
519015
611830
523000
450000
518027
510627
364000
100048
245000
110036
650051
100082
215300
572000
100033
113004
710032
14010
716000
150040
265407
510640
528100
100043
100022
300450
570000
467100
100007
200333
201100
116026
264000
512000
300221
215000
100020
710006
518033
201401
312000
132011
528100
100041
518057
528208
510400
510610
650051
215021
350001
201715
255200
45000
400002
246002
856900
710038
210008
314200
100026
100027
100070
650031
110164
518024
450052
100089
300090
528211
510630
201401
200090
650031
100820
200122
362000
430074
332000
30006
350206
362700
400032
315614
750100
611230
100091
471000
361003
100082
401320
100089
518081
100016
710048
310000
523129
210024
132013
200052
528306
200335
200062
266000
215600
100081
518000
200233
362000
214177
400021
529500
350011
300384
215500
430030
750002
528415
200023
523941
310007
312000
110035
100038
233008
214035
116038
201806
525400
201200
510440
30012
214181
650000
537200
550018
100027
417629
200240
514021
510260
518112
100161
100026
250000
300130
210036
310012
471039
518118
200120
201319
100032
750021
529500
530031
528000
36800
100070
200335
100032
210002
210018
430071
32310
300130
523308
473132
414000
230011
361004
200433
200060
214002
474450
200124
314000
235000
363000
255400
710075
315200
400700
510335
214400
300451
617000
325200
435006
430063
636400
215000
100015
201100
115007
200081
350015
200122
511450
437100
650228
710004
430205
100038
730000
510030
435000
710048
663000
36032
523147
200126
450002
518001
624600
362200
402760
321300
110025
516001
524000
100102
100024
528471
21400
550003
100011
530219
815000
516083
200431
210005
101111
300012
518126
350001
200127
200235
200123
201101
100048
350001
210028
316000
532500
201316
362000
277600
515633
341000
100027
362000
350200
200232
570203
100062
710016
400711
300300
201615
201300
200031
201812
100027
510520
314300
310016
100022
100022
538100
211400
650400
333300
210031
518055
63200
430070
511400
300222
511442
710100
570100
201103
200438
450052
300070
215332
200122
430000
215300
266041
330096
361000
300384
671003
410005
570208
10010
116001
133000
617061
657100
570216
350000
528231
100006
401520
210042
518129
215634
611756
100028
100082
325000
200336
200032
511500
225000
610041
523560
518004
410011
710077
225300
523070
350001
400021
225506
116021
518052
450003
510430
523000
365500
100069
510300
116021
510235
200124
200126
362500
100009
200135
665000
221003
430080
511400
675000
350011
528000
650225
442000
518035
100095
200083
510095
315192
300250
215301
413000
524048
30002
300180
250013
214000
300201
572018
111000
200001
518000
29400
524006
511400
300051
300457
300052
510400
116001
200435
100022
610041
300451
833300
100007
100050
163000
215127
201202
250117
514700
300200
300134
266071
272100
100052
610000
264205
311300
528403
362300
100022
200434
541004
300182
100004
215001
528200
100040
264006
200072
416700
201203
200233
100010
200940
201801
730070
519000
214035
300180
311203
342200
318020
200434
528000
200122
343115
110032
130031
814200
201111
848000
300300
518002
510250
400039
200136
650102
261031
30024
100022
100022
100081
518000
300191
110002
523000
430070
510507
430000
405200
710068
201620
310012
443000
610100
273100
523050
310012
610041
158322
430030
201203
315200
100025
361024
563000
201300
215021
510430
300353
116021
215331
642359
400022
226403
610031
330024
221003
116600
311203
100007
443000
200040
200032
110043
200135
100043
410007
300381
213000
250022
325000
430081
200331
255200
201204
30600
510130
41000
100071
266071
461000
201200
200126
318000
710064
241000
332000
214011
110042
518115
201315
510620
100031
430062
125105
200126
610015
100026
518020
100005
110011
315000
100085
300270
250012
67000
201103
215006
100068
10010
312000
400060
200050
518045
100025
100027
110004
200333
518029
318000
511458
212300
201812
215009
411100
518132
400060
230031
518108
300121
654204
510220
322000
250100
734000
410003
14010
201906
201102
325000
100102
528437
710069
100028
200093
101300
510640
201300
200433
410000
730030
611430
410007
362029
100700
467000
570000
100081
726000
300170
200135
455000
110168
214000
641300
510000
518129
530003
400053
450000
116021
518110
350700
100044
860000
400060
518111
250022
314001
300456
200060
312000
400014
730030
610015
201210
100096
100070
510070
411100
100124
200083
63010
510315
610107
511431
200135
100081
150001
350003
215300
450053
154002
316000
518033
200051
110032
230041
28000
300191
523562
330013
116041
400020
200040
150020
100073
530021
362000
710065
110080
110021
200235
313200
250031
210028
510500
310053
678600
530003
730050
710043
325004
100076
200122
201800
362000
610041
14010
200040
518109
411100
233000
518019
200135
518033
100073
571400
510407
361000
100036
150060
271100
200061
100020
300070
252000
610041
430060
350001
150016
61026
100009
201302
510900
214011
100027
200050
342300
453000
100044
201103
325200
310012
401120
215021
250000
816000
61000
526040
518000
255000
200070
523000
410006
610016
201814
100016
214028
523560
610066
519040
200080
510730
230601
315800
523298
54001
528248
210018
437200
210006
411432
230009
200333
100021
515041
710068
510623
610065
518124
350112
200335
300112
436031
100035
325000
310012
528000
350000
200062
266033
610000
200060
362000
10030
315400
200070
100738
516023
100054
100036
300130
200060
300385
710068
416000
300000
510620
226001
310000
200333
200030
100098
350003
350800
200444
272100
200030
100053
200072
510600
510630
100077
336000
730060
52260
518005
511495
400065
510080
510310
316000
350001
553537
510000
200050
200433
325800
200232
518112
201318
200092
361012
200003
518000
272100
100080
200031
518055
610502
110300
201802
518119
518031
330029
523787
115001
510250
310014
510630
138000
621000
46011
315205
200063
351115
311400
528247
100043
510440
410011
137000
311800
200241
50021
730000
518166
355200
300308
618400
444300
200050
201805
201323
528400
300203
361012
528427
330025
266033
325027
200231
213300
518054
351100
300060
65400
750306
100062
300121
750002
432000
100083
100013
315040
100053
550001
515000
213000
710077
210013
515041
350003
851600
72750
362100
430040
362011
716000
430000
519080
610021
100079
215011
50011
730070
312000
321000
528441
450006
215600
518103
570206
350001
117000
523958
210014
610000
100070
350001
312000
200092
210004
300070
712000
100023
361004
350003
121001
200443
200011
206601
100190
362302
650118
100022
200233
100061
465150
100070
353100
201500
200233
510260
528211
200438
215008
313301
100125
200333
610041
350001
510520
523948
510050
514031
50000
215128
572200
250001
850800
100192
530031
200062
150006
330001
100002
400036
437000
518000
61100
221200
100120
200051
250000
250400
510180
215021
629200
100036
210601
511450
200335
412005
510101
517000
430074
200436
410205
550000
528313
200234
100061
473001
430050
710089
710075
300000
325604
410005
318050
510175
100730
350005
200333
363000
315300
213023
518103
200063
215000
300270
300102
100044
200439
528251
200126
215004
100098
100078
518106
110015
730000
154000
618300
856000
110006
265713
201600
101121
250002
163311
529000
518115
650024
314422
200061
200241
518105
523000
313200
211112
200063
714000
430051
101011
30006
100026
30024
200233
17000
510370
100048
310053
200032
510375
100091
100045
200092
201908
310012
350001
243000
710012
100091
710038
200433
710065
13800
650118
350300
530001
361009
215021
646000
523163
710065
530021
100078
16000
710089
510403
410005
37008
518103
210024
515041
510450
224000
518049
361003
710086
264209
530011
400051
716000
611530
100070
300041
200433
530021
215300
471000
510635
200042
266000
518110
528100
710065
523460
100020
201913
361022
401147
610041
710061
350001
315020
528000
511447
212016
43500
200124
245000
528311
30032
53000
541007
300122
200092
214181
311400
433200
30600
110015
201700
571200
100016
528100
242600
310012
200135
214415
650031
510660
266100
361011
200023
610000
201806
455000
100741
201101
201906
214063
570000
200540
201613
110112
200434
550014
266100
214000
100054
214400
124000
201500
200061
41000
366300
201300
201206
353000
301700
130021
710016
860000
110004
266100
301700
300400
362000
100176
510635
100016
510180
510288
230001
610041
100738
100029
511462
225700
102100
215005
215534
100035
215000
362200
201205
510175
130011
110001
200126
50051
255300
215000
200072
361006
518111
526040
211600
200020
518026
746000
524300
528415
200061
710068
100038
710075
325000
712038
100022
100082
110043
330046
237000
410005
518040
36400
212125
200092
518000
200940
101100
150028
200041
100101
211100
71000
529500
512123
518114
200433
351200
510627
201108
316100
528318
100022
510507
524000
271601
710032
200331
215341
130031
410001
526020
521000
215127
300133
201822
300230
200237
570102
215600
570203
515041
750000
110013
530023
735300
66004
201306
361000
100029
350107
510545
50031
200126
710061
430070
434200
610041
100038
650034
410001
300074
523650
100016
210019
518040
523002
300072
100024
300450
161300
519070
100075
471000
10010
361021
210002
110023
518114
336400
361026
266034
362000
727404
518020
100075
150001
200050
200080
453003
528463
110001
730000
528449
510800
100015
200441
523121
422000
430079
510630
300221
214045
678000
361000
518001
526200
362200
517000
100120
45233
510220
414200
215151
510170
100022
100048
430060
215021
511400
300132
150001
471003
610016
100013
710061
628316
710049
210016
652100
230001
201708
510100
50051
315812
526040
511475
361009
201700
528441
523147
215300
528000
354000
300070
510230
30600
100069
100028
214001
730050
313100
266000
116001
201306
410005
276826
200233
730030
523000
200940
510091
151800
610052
66004
510630
28000
100085
226400
65709
518055
100029
325804
350111
100076
518117
200431
650224
318020
833990
200023
150080
200023
264205
133300
361006
30006
110042
132027
37004
210002
510310
361000
364000
430070
654211
522000
430023
214063
511431
200060
810000
200435
450012
200135
311300
325000
100044
277400
511375
130011
230601
510100
325200
200030
200331
561102
528447
464200
301700
100068
212002
201209
710032
201210
430080
116023
518117
100091
15200
518110
650012
350001
617000
200438
133000
101500
50001
312000
510665
30006
50091
14030
300457
210017
350001
528000
264200
100068
300010
271202
350001
130031
523850
650106
201901
253100
130061
408000
362700
536000
201802
610016
255100
518028
102200
448000
100043
210015
200333
528000
210002
110023
30006
350118
201401
350008
350007
472400
839000
536100
116001
430072
314100
110043
410000
210008
200090
200135
201206
152000
200435
361004
266022
412007
100073
200042
226100
350304
200092
100037
200438
200120
210003
61300
350001
510220
650106
201800
214011
518000
351111
164300
300161
362200
114229
528415
314400
130062
300071
518000
100081
200129
100024
242000
244000
750004
266032
310053
518048
518000
516300
63300
710119
530012
100031
100025
150033
610021
330006
510515
350001
100022
615000
200042
430080
313000
430074
361006
100144
100026
110014
410002
100720
266109
518111
200241
545005
101101
810008
200011
317200
650217
250200
511470
350000
116650
210011
102101
210006
200072
212002
674100
400032
519085
362200
361000
710065
100005
300201
710068
311400
637600
563000
610012
400060
130012
510630
150016
518114
523930
261200
66100
512000
226152
242200
624400
130011
225300
100089
410008
629000
200438
523525
100010
528429
200137
350009
650021
310000
130062
528437
225700
300100
201803
317312
519015
116011
523320
610021
400015
475000
100080
230088
100012
325200
100091
101312
412000
434000
200444
610041
100068
214183
201102
214177
37038
201108
210038
230061
214073
510180
300380
116102
136200
201402
317100
410001
610064
541002
523878
116000
130051
437000
519085
311800
545007
415000
200435
300385
200093
510240
518026
317605
300400
467000
200333
200940
570125
510660
100020
200127
201206
200435
53000
443005
226006
211100
510230
430015
200231
437100
310000
523000
526020
515041
510120
362700
100037
354000
210001
442049
100005
519015
266071
201615
361009
212008
200051
524000
518020
510440
510660
510700
201824
54001
310018
201512
66600
528463
529100
200011
100029
518028
516006
163458
724307
315502
233011
362271
350011
210004
730900
710077
511356
100088
100071
100123
550014
100055
362000
100022
710048
528226
410076
102206
515031
312030
200540
529300
524500
710053
200011
710086
572000
45000
215106
100009
510665
100089
523000
610213
350001
200010
530221
214122
37001
200040
212002
276000
30012
830022
528463
214023
200438
650000
610017
200041
266071
241000
200070
350106
550002
730000
321306
150080
510360
200032
201900
210007
201103
45000
200235
201103
215151
362200
213164
110025
741000
510280
550002
518118
273500
201800
50000
400060
435200
210005
325604
629000
24000
16000
610211
350001
437300
300112
674100
350001
201110
515041
215200
361000
213022
301700
710068
610051
310014
400020
102300
200032
361022
410000
510800
300122
300122
510430
430070
350313
361000
215127
100142
430080
362100
55250
528400
518000
610031
361004
519000
100089
518082
163311
315803
200237
610066
200126
518102
215000
310012
150010
556000
523800
518055
200436
362200
65001
750001
730000
611730
610041
450000
200136
150076
563000
735400
421200
225400
150000
300456
510310
711711
523620
650223
200023
400016
344201
75000
201100
212200
310000
201102
610051
201202
210001
710082
350000
116021
512023
510630
361001
150090
215300
32000
200031
100124
450000
610036
114000
325500
100037
100082
311221
550000
213001
300151
315000
246300
430050
361009
510440
110014
424117
523128
331700
528500
200435
241000
200083
610041
512000
415200
528000
200131
511500
471002
210014
610041
200002
518000
158300
518119
350002
214112
730030
201800
519041
510260
201107
510080
201201
431702
236800
315010
215021
621700
450000
300020
225300
410002
16000
528000
723000
200080
523308
201204
518133
200129
653100
100101
430015
362000
332700
201203
316100
200233
541004
523853
510665
233000
510663
325000
523206
510833
366300
100039
518049
510360
150036
211153
510641
518048
100024
510725
721300
361004
523568
100076
519000
201901
225300
250011
353000
210035
200091
100020
361009
222046
311100
252800
431700
150000
410001
300162
224555
518103
401579
74100
650032
730010
200137
528000
325206
314001
200032
528125
201660
410001
201200
362000
110041
410000
17000
122000
201508
529090
518115
362601
100085
110014
100078
200435
650041
100084
654400
102300
100088
710077
410000
515100
519000
100102
430074
610031
130000
518038
200127
100007
353000
100051
310004
528318
201901
201700
330041
457001
66311
350017
201210
730000
100096
201703
300113
226232
100041
710032
523586
201314
412011
519000
650011
214432
400020
311400
430023
100037
315206
416100
734000
430015
529300
164300
100012
518000
41000
230001
210001
100032
