232001
210018
322100
443000
101200
310007
315731
200333
412200
30025
518107
100082
201315
518000
510063
650032
200092
528100
200030
314024
215006
200042
110870
430060
212007
528100
350100
100053
214028
511356
514300
52360
830011
518103
215000
362100
300111
50000
516870
100027
100022
515041
528300
430023
200231
364000
523710
201414
200023
518040
71000
50000
200003
361000
226300
30600
100041
300040
361100
570208
221008
551801
100022
225700
551400
510150
300121
225300
215011
200126
610023
528000
211800
518119
526109
100085
200240
200120
245000
617023
350500
511700
528200
810001
510000
226007
110021
510080
518105
300280
450052
100004
511300
364000
38300
201307
528000
710016
110031
518115
529500
300070
350323
430056
210009
100055
322100
200436
226001
266033
528400
526200
100081
325035
247000
116031
201202
510515
214061
518101
210007
650021
518117
471000
100166
201100
312000
518106
510000
311500
350007
350001
510630
201204
200136
679315
200231
201501
200003
266033
610042
350008
529000
201112
524005
545800
100053
456550
200333
152061
310003
116021
315502
100070
550001
810000
250022
510000
430000
518129
213011
325024
362200
510600
110016
100022
746412
518109
314300
230601
200333
213013
100073
272000
523011
100039
100085
518100
336000
273100
100162
300060
528200
517000
511430
212003
516008
361001
200333
410000
150090
518020
200336
310012
100015
201611
572000
364000
529500
225600
545001
610041
201315
510080
213011
529500
215628
150026
362700
200435
510623
400015
152000
400030
750011
310022
850000
710065
350001
443000
516007
63000
610036
350001
100176
430070
518067
523689
523900
710077
830011
100000
201900
50035
561017
710032
528311
100101
271000
362246
527200
200010
200443
221002
325000
201805
350000
230022
100016
223000
314500
510000
651400
102600
100007
541003
201200
524400
361000
100123
510060
100006
300350
521031
330046
163316
430080
130041
214400
528425
150010
215000
516221
300000
100192
215005
526200
650051
350005
730070
341000
410008
410000
201100
238000
230001
528429
310030
300061
300051
610000
350001
430071
510315
100024
200237
510220
200031
257000
333403
276000
730060
511495
214028
515200
41004
200127
610045
330029
518116
101100
315400
856200
214028
30006
210017
350002
450002
200129
200030
200333
300170
100076
130021
100054
110031
300113
50060
200120
510240
201612
510403
524300
518103
430050
30024
550014
528244
350013
363700
101101
300074
110023
650000
710068
430070
200941
24020
455000
200093
264205
473000
200041
210000
225500
100023
200041
243000
200120
511442
100020
200442
110004
311232
201201
277500
201100
201900
510006
201714
463010
100070
518040
518108
723000
361004
100011
150001
200434
266001
200949
100024
130061
116044
213300
222023
510500
400010
200082
610017
100872
75100
518001
350001
723000
13750
510800
350001
350018
250316
529200
361006
730332
100125
200001
518000
100070
201308
200086
400084
232038
315400
666311
253000
518019
210008
200433
710038
857400
201103
361024
441003
550004
214045
266101
100025
521011
200335
530012
570125
200331
215006
353100
831100
102488
332900
100717
528225
450000
529300
510450
518057
510045
100007
510095
110024
330100
410114
214001
30012
100102
100080
525011
42100
312300
364000
528441
271219
330000
518112
214071
531400
272617
212400
100055
200120
66004
264317
518057
523528
511483
101100
413000
361024
200941
741000
617068
435100
710004
510800
528000
518057
200065
412000
100083
265400
361026
315010
515041
230022
451200
266071
537200
614100
510663
519020
110004
212300
650021
300074
225300
200431
200041
523997
246502
100029
545006
100142
266071
200443
201803
45000
200129
100040
215321
519000
222002
241000
201806
311408
830011
411400
448000
201108
100086
450002
221600
850000
325000
362801
200122
510260
315800
200129
510405
430030
200127
410006
226631
511450
312300
361026
100055
857000
200331
528476
518000
100069
730020
261100
200438
100078
650051
362200
510620
150090
200126
200072
201100
510610
541001
100101
110014
110014
201804
100161
830000
212013
200083
621000
43500
100016
100097
200083
361006
401320
510500
315200
212001
250101
201824
250063
726300
14030
722405
325000
214116
518173
510610
251100
526200
710001
610041
37000
325055
233600
443000
100110
102208
543002
310016
529500
528000
100029
132011
311300
201808
100081
510110
65400
528000
200032
518026
511430
510006
300456
213002
110031
100029
100075
362100
400010
311121
250100
621000
250014
324100
100022
201206
13750
526000
116011
510507
200120
514000
400064
154002
300092
528451
150001
276000
150001
100110
134400
400039
430030
523119
571700
450046
100010
30012
214002
730030
100730
519015
50031
201602
300000
523833
457001
510630
518126
518111
300384
614800
100041
510450
636250
300250
100021
200023
100071
214000
510620
200063
100073
200433
134001
226000
525000
528400
450008
350003
114051
518040
215300
514071
212002
130021
355100
350313
518116
71000
518128
230001
518035
200061
518053
523770
361008
710032
100730
518083
510370
211100
200072
528000
130021
410007
110013
100027
430000
201900
400050
610041
518052
518081
210003
301700
317523
610300
325000
100069
264000
510310
518103
201100
200040
30006
510635
264200
430070
266033
132013
300221
516001
215151
528427
610081
414000
201900
244000
518103
416400
200233
512500
210005
523778
116000
200335
201100
330022
523499
510800
312300
100011
100081
400014
564100
214177
523381
511400
471100
300170
350025
201203
215600
325000
201114
48026
400050
325000
510656
200040
753200
200040
361005
100061
110035
200335
300457
221008
261109
710065
516221
250000
550001
100093
310002
315300
511400
200050
518131
200040
130061
200540
100176
200233
528311
518101
201708
110041
210061
101312
350200
361012
213011
316000
100101
101300
710075
201100
361006
61000
523000
50051
315301
100853
215127
317500
526400
516003
315172
200335
710086
450000
510300
315040
241001
361003
221003
311122
300150
450004
100071
510660
316100
528203
713105
100085
32000
200030
523620
362300
410005
201204
100081
200235
200438
510288
433100
300381
315012
523837
710071
300112
215300
221004
201202
215631
63030
441000
315609
201600
100080
519085
200030
430060
200082
710061
200442
100028
400060
110006
100076
417000
200441
523330
331118
221300
300162
518049
100086
710065
518104
410000
528300
114001
50094
200137
110013
510240
150046
226112
511495
528061
361005
430070
400039
200030
200010
211167
100120
400032
113003
201319
523560
255400
665100
315806
215101
611330
610041
201100
311700
511480
529500
114000
365000
361101
518103
518053
430023
523118
200136
510080
671000
200124
200438
325200
215600
510030
200062
361009
315204
214037
518052
510620
100035
354000
430000
200021
430035
610000
215326
430074
215007
528000
215004
150036
523400
675803
650000
610041
518109
100081
350001
210007
518054
150078
46012
330045
300240
200241
225300
300010
200438
610041
362000
556000
510430
361000
266000
448124
451100
860400
467000
510800
528434
110041
201102
400020
430070
361009
200240
226114
100068
201615
100023
361002
710043
610066
200435
100011
200333
300112
450004
67000
210008
100088
411101
610021
400010
310006
344900
250014
716001
300110
528061
529000
100022
250021
201206
226007
570208
510220
314400
215007
710054
215600
100082
100022
528315
315450
523000
510660
264000
510405
430063
530416
528226
210037
518000
200442
223001
300111
210044
110006
516600
214000
200071
100044
250014
100055
518002
565100
518020
430000
71002
214061
510250
523770
100025
523125
100085
511466
300190
352200
650000
518000
352100
529152
610072
225261
842000
430072
537000
241100
256600
100020
726000
100102
100083
361006
300210
200030
56400
435000
510230
528306
100021
300451
312030
201300
430014
10011
810000
201805
16000
541002
200436
100013
523900
528211
545200
353000
211100
528322
30027
210015
443002
210009
100079
450000
200233
100025
67300
471003
610041
435003
100055
510250
650214
523560
430030
528000
366300
300456
530001
200127
221611
100176
110021
364000
232001
210000
315040
100747
200241
212013
200941
730030
100071
115007
510800
66100
200433
100084
201908
518021
430070
300300
300250
315000
515646
528211
401121
523520
100004
200123
212000
350009
264003
102401
510150
200050
457000
200333
200438
214048
414000
201700
310012
200135
201620
200436
430074
528225
30012
518000
350001
414400
353000
430023
226400
215300
510230
210008
430030
350001
511495
300070
510220
230031
100120
510100
300201
401420
400082
213000
510545
213169
750001
528308
361026
519110
100012
200040
518052
200231
233000
215300
200333
100029
410005
518054
30024
312000
529600
214151
100009
210012
153035
210012
330046
550002
63000
201603
523520
518103
201801
201824
102218
200122
274000
200002
100034
467001
100021
523459
211100
116000
710075
519165
518067
510240
201818
472000
100037
510623
250002
100024
528231
430014
362256
100020
518026
201206
226001
213011
100038
518000
518115
300150
315040
510050
510288
214091
100044
430000
130033
518100
364000
214154
450041
530008
450000
710077
200333
361005
628312
100011
100026
330800
362300
215300
400060
363205
650000
201103
653100
200333
430000
425000
100013
518118
201800
201907
201318
200065
15000
200127
255201
276000
214021
300020
215001
215011
310024
201600
200072
200070
523400
300134
533000
223200
430030
528400
264300
530021
214104
310029
414000
528200
523660
350600
200050
201700
410003
516123
710068
322000
100070
215300
315000
100055
830000
100076
518120
550003
523076
300092
264000
100023
210017
200072
310006
657900
201601
201202
526238
350004
519015
210012
351100
742500
200120
414014
215300
528400
410008
570000
110001
300350
512000
325000
362400
730030
450000
525000
71000
350317
572700
332000
100088
523754
201318
236200
310000
510075
415700
710304
100038
52260
300072
334000
200124
457001
710075
110031
572600
210028
518053
100021
300180
518126
461000
325006
300211
100016
354300
100085
201112
473000
210012
130022
518001
436000
725000
100080
123000
112000
311400
330013
230088
100021
536000
317000
116023
201615
510410
215000
528306
201204
200042
650032
215011
518030
710061
226001
100044
450000
110141
130012
416000
518111
517000
100007
232001
201620
330700
523711
622654
101400
510100
510407
202150
518102
215500
315302
545116
200125
200070
200237
362300
215200
510045
620020
335300
310003
110044
215000
130011
72761
510500
200070
300011
650600
200051
528318
200940
610041
243000
850000
563000
201208
519001
442708
100031
200030
410219
200030
325000
511400
430040
200124
518105
243000
215634
110013
528000
410005
30012
362200
200092
150036
518109
100085
430000
211169
515063
100073
510080
510630
251907
726000
710109
525011
230000
30600
833200
510440
643212
430080
226600
300457
261000
362200
117000
300111
201108
471003
200093
246000
100035
523081
100101
62350
511300
200082
528000
710309
72150
529400
350001
200333
518040
211101
405211
215011
122000
200333
231600
528231
650106
56900
210015
300457
100055
363100
511473
518048
408000
264317
50011
410153
201512
361003
362100
202163
463200
116001
100123
361000
116021
621700
528314
471000
300150
519015
523752
150090
737100
710016
510520
200003
461700
100044
201800
330003
266071
211153
200042
526200
518000
322009
214000
200441
300193
200126
610041
300204
213022
255100
410007
310018
325000
100061
100045
150008
343400
230088
300381
425700
518111
510800
518116
116001
362000
100016
528471
518000
230000
300400
511400
200333
200092
201814
266555
201615
524000
110024
200062
247000
523119
404611
300192
118000
712021
266100
311800
100027
311215
100086
50031
201801
519000
453000
264002
525000
214431
467000
310008
100043
100000
310012
411201
100015
361000
442048
410000
201315
300402
201203
528402
230022
30002
518028
233000
200070
510004
100068
361000
100071
510623
316021
710003
100029
650000
201907
835304
243000
110011
230000
30600
471000
510220
201702
410137
523112
200002
545616
100027
650236
100052
201620
113004
523000
100081
528425
300450
518048
516083
100015
102600
523400
810003
214073
272600
100026
750021
100006
100044
200335
321300
400054
200051
650224
710018
553001
733000
511356
410005
510663
200092
515041
523536
545100
730000
250011
118000
518122
471000
710082
410000
529400
515065
450100
510700
50004
300450
610031
313300
210017
28000
201207
312000
528300
710075
100027
524001
250011
510610
510000
100012
300143
530021
523560
519000
518067
230022
230041
710200
610021
677000
300162
201318
646000
541508
200081
214432
723500
200041
100048
511300
215128
722400
408601
100070
572000
610017
200233
210028
650118
550004
519002
350001
450001
519090
100020
100010
650091
265500
100010
215300
528400
510520
201804
350001
312000
210006
222500
830002
523660
244161
300061
310016
100062
100022
243000
325000
100016
200125
30006
100160
610002
213016
110000
215006
100088
100102
510630
200061
100123
523997
100004
201102
210016
100101
116023
410081
241300
450000
430064
523079
201700
200122
116033
200434
226533
32000
101312
510140
518033
100022
315031
510610
526200
528305
200129
410002
100085
443002
30027
102300
100075
511430
110043
201100
215004
210006
735100
34000
516035
510800
557700
250031
816000
322100
530001
518057
710077
16200
518102
542600
213176
661000
462000
100071
510000
201908
510235
100022
253100
200051
528241
518000
214000
511450
721000
30206
214023
116000
317606
362100
471000
300050
14010
516006
200436
100621
210005
102213
330029
518129
571100
100125
366000
650041
14010
215500
110015
510075
518102
810000
325028
322100
200120
312000
201322
523416
201100
201800
528303
210002
62552
610017
650201
529500
532315
315040
450003
516600
310007
650021
201805
201203
30001
361006
272100
533000
214191
535400
250100
100020
100022
310006
730000
518003
610213
63000
100007
215600
100050
100022
351100
215000
323900
200434
362000
14030
518048
300203
510260
200237
222003
213000
528400
201800
519000
523779
201108
518112
300203
230031
201900
200120
518100
100021
201620
201700
472000
510375
118002
201812
510620
201300
201107
529728
200093
350011
100141
100018
510623
30006
650041
519085
300251
518034
100045
518112
210002
200235
510110
213003
210028
210015
300072
71051
215500
518055
201602
230001
830014
518074
264006
212132
215155
350012
101101
200021
314500
400030
135000
511515
50091
570000
201417
300052
514000
100120
518020
816200
311100
310007
200042
154244
100022
200237
214001
510515
201613
350000
100195
463000
713700
200131
100025
45200
200023
100871
225300
200433
350013
518055
30001
528414
350008
570206
134300
200331
528000
510150
311407
211800
430030
443002
110023
364000
200083
215011
361026
721006
100085
511600
362001
200431
100048
266000
315221
200335
30002
100089
222144
215123
710021
721000
710025
650033
256600
317000
74000
322100
518067
200081
524400
450000
210044
210000
730060
200030
400060
518028
325600
201208
330039
201400
515078
246001
255032
266400
528000
530022
100083
201307
100176
200240
226500
100142
116600
100037
100022
226200
510655
212400
400074
519000
311202
810000
200436
200433
523946
100080
200122
200240
230031
266000
611731
510095
400080
100079
519088
610100
350108
663300
519000
400023
48000
110001
564707
655000
712000
528400
250013
110025
101318
100010
215221
100124
300150
300452
100096
526040
528467
214035
261500
845150
710061
315040
518172
417000
262200
510260
100102
212001
629000
310020
200051
523701
556000
201805
116001
410011
247000
150016
332000
116100
523000
210009
528329
510000
210028
201600
322000
201815
513200
50022
430010
300270
100097
261041
710068
30600
200436
100038
101121
410135
528414
201615
100084
215144
235000
100026
550002
550002
100101
528000
523648
353000
321000
200030
100083
528000
100023
537000
214028
210006
200031
50000
519040
100075
518003
730000
511500
210018
710065
510627
215006
266113
350308
518115
430070
350001
535400
851300
550025
430000
523460
30002
100191
441000
100007
150001
312000
530003
550003
200030
361012
518000
410016
213015
250033
510800
710108
264508
211100
401331
266000
637300
116001
100005
100120
330002
226001
652200
211100
361004
332000
200092
262500
100071
213003
610041
213003
100012
434000
211500
241000
518029
421800
316000
350001
200051
515525
30013
510310
518108
410005
518108
518067
100081
311300
362271
430015
721006
210001
518103
644000
266071
200072
510080
50011
100011
200433
471000
230071
100089
110003
322100
110005
300192
72750
430083
200127
250031
410007
110003
321100
215005
100096
116001
430051
210000
200436
200136
510240
272141
100176
200011
100084
266100
30006
523710
556500
850000
300222
643200
300050
710038
10070
518067
201400
528415
361021
528222
545006
200135
210095
100022
430071
252000
201615
471003
100062
362000
102100
212211
150080
350001
100041
201204
100013
65400
100015
201111
570125
63000
200070
510440
528000
510080
100123
431800
650031
210012
210015
200122
201600
610041
100055
311612
200941
430070
350025
100027
100053
422700
200331
750001
210009
515041
614000
315012
570208
443000
731100
461000
271600
46500
200120
528416
610036
518107
361000
200073
213141
266034
201100
30012
100730
610021
100020
523850
530022
200240
710082
400037
510095
523107
200439
523500
100007
100073
523710
362700
430000
518034
510010
210007
332000
572000
510280
550002
510360
570208
200940
310005
300171
526070
300163
215434
712000
200023
30021
110044
430080
200437
523618
113006
610015
224003
518033
100192
100026
963265
210009
550002
516133
571700
400050
153000
53000
518124
525200
528403
48000
525200
200433
100029
528231
214028
100080
300121
523560
510660
518108
245000
201718
362000
410002
100028
116024
518019
518001
100033
310012
317500
100071
221006
362600
654100
201101
201209
201306
201700
266071
200062
48400
100010
314000
100055
454000
516600
311300
100013
100075
114000
266400
212003
274000
65001
610051
518132
450000
264000
100085
200124
514600
100021
100022
611930
200331
200540
138000
100088
400053
116001
215000
650034
526200
322000
100191
510288
350307
201300
200336
116001
130031
266042
518040
210028
257500
714102
200042
64400
518001
250001
438300
438207
200137
510170
212001
100001
200042
350001
528000
314000
518111
101312
610000
516800
411104
610041
710065
261011
215341
361009
400012
610072
710082
610071
626000
201822
300221
362200
110003
300222
430023
528200
833400
100069
65000
465435
519000
350001
554400
210000
30009
419500
563000
518128
215200
300102
712082
710065
200126
215231
556000
518104
214028
226011
364000
314000
150026
519000
525000
214122
710075
100010
100085
518003
50010
570000
650214
266074
200083
362261
528437
100195
200011
510250
200002
852400
361006
10020
212132
361006
350011
601174
100022
401120
100191
200940
453003
350600
646200
200232
510240
518040
30012
243000
300221
350001
110014
201601
239000
810600
350003
510220
830002
401332
332000
201209
523520
72750
610031
100020
322100
214011
518105
100022
830000
410125
200000
271100
311300
611830
100029
100021
213111
529080
125001
100022
830000
100076
723000
528300
515041
528303
100006
518115
730000
518005
110200
545006
518054
200060
215200
266071
363900
202150
250300
550002
731300
361100
215000
653100
530000
610041
618400
300191
523000
834000
215300
250022
350001
100020
200135
610072
100043
430064
100875
430071
50011
214007
221009
650202
200041
518057
100013
650034
850032
200120
100085
518110
200333
261400
361000
213016
214192
400060
518132
730913
323000
271200
110000
100016
201209
650032
518000
655200
528000
50000
214406
510800
116021
274700
523686
201805
100097
30001
450000
617000
201600
400060
100068
844000
100043
650202
570311
300384
528000
650021
529500
232038
100824
730050
100073
200237
510600
750021
201203
510310
300010
200127
362000
350300
100022
610041
100025
276826
310009
518000
353000
271100
325000
518029
116021
350002
651217
430071
751100
100700
201103
610225
325005
430015
361003
364200
350001
314000
201708
311200
325200
433000
857400
561200
511495
510010
100020
518118
300221
246003
226001
201500
200082
100062
200235
530023
224400
100018
100021
215011
510430
100009
310000
200070
238100
271100
50000
200235
710119
410004
213000
650032
200136
410007
200433
200031
450007
200070
441000
710024
661600
130051
443000
201822
110034
266044
200082
272100
850200
353000
316100
413000
101200
325600
510405
518000
102208
430022
200235
215331
102488
650031
276826
350400
255000
215227
678016
300402
471000
100029
610041
214001
518116
200050
412003
250013
224021
516227
200093
300210
300457
233000
519070
311825
300134
100020
363000
411100
266600
528137
610072
200086
201400
300201
65000
510317
215234
523000
251600
530031
110015
710043
545007
100097
115007
430077
200011
300221
525100
450008
721008
300111
200042
510620
350014
830006
300301
518057
201102
610016
528200
650000
225300
132011
511453
50031
710021
200335
214028
518034
430010
671500
100022
361000
210044
200051
100083
300150
201207
750001
200540
529800
100078
264200
100005
230031
230001
511330
212300
528300
130012
100142
100083
401121
518031
201103
361006
215127
435500
100078
71000
113008
511400
310009
400033
63000
200123
710075
400000
526200
528225
200041
530023
200129
100050
650032
201111
100043
110025
430070
650000
124010
201209
100016
100025
510160
300200
300387
325000
266071
100035
510620
210002
100010
521021
362700
61000
200082
473000
518115
510310
410100
518002
467001
213016
335000
200942
310005
100176
224005
528100
515833
643100
404000
365000
515041
441000
250100
610045
250011
214074
350000
100040
100024
200233
300457
430030
610081
650224
830011
300134
110021
201700
511442
528000
518000
100050
300451
650031
810000
341500
200083
830026
30027
201106
100022
230031
301700
116300
365000
350003
225321
529500
535000
100044
521011
200240
310013
400038
523419
452470
611630
523750
30006
401147
230011
621000
102413
364000
201615
100125
100010
661600
300457
730046
315303
518028
650032
100034
405400
30001
523710
211815
100085
518003
100011
266000
200127
243000
213104
528203
300190
110015
200050
400012
510540
300400
400015
242800
325011
100070
200431
710065
655000
102209
100031
518048
361009
46000
100078
518031
300000
215021
210001
510800
614000
430000
523999
100120
200002
200233
100068
325028
528402
350009
212005
830011
200233
510095
518172
215137
213161
46011
116001
150001
30012
116601
518048
100871
213000
100016
710200
100071
300222
400060
350003
100005
102200
530001
130012
750001
315301
102208
350007
100142
512122
528000
200443
610015
710075
241002
528300
210008
200062
201600
100096
518054
214200
404000
518106
311256
100050
610041
510375
518005
110042
201314
221008
110003
200120
250013
425000
110013
315800
214400
430000
530000
518000
430070
100094
523125
300061
200435
443001
678600
523850
200433
201300
200092
230601
510620
201203
201824
102218
856000
626002
110021
10070
300121
230601
215001
652103
610036
201204
518172
213161
518026
110041
362000
350001
226006
118000
200438
130011
27200
441000
529040
100036
361000
317000
201408
200070
363800
100039
430040
850000
650224
430071
322100
200063
100088
361021
510310
100814
200435
361006
514600
518003
201204
518028
400038
100096
730000
361000
528415
353200
841000
361006
200093
710075
214101
750021
66001
511400
50002
100067
215003
300051
400050
518003
518000
570203
518040
100176
518029
650201
200051
200003
200129
100875
430070
528213
213000
717502
650000
413000
310019
650220
710077
310009
441316
100044
518052
519000
366000
164300
530021
215341
725000
200435
521000
518110
528251
314000
710002
414000
201240
201900
350007
210002
213015
100871
313000
48000
201102
730046
100016
350007
210016
410005
426100
210001
563000
201102
100012
515041
513400
510800
523127
14030
450002
528061
510600
675000
518031
21400
100081
110005
33000
510380
271000
350001
300130
529200
510000
400060
100088
213000
430000
30027
438300
222002
21400
210007
529000
710068
350001
530028
361101
130042
610041
215021
266071
710001
266101
430072
157000
443000
201204
230041
516005
730020
50000
100029
200231
200126
510310
610031
330046
710600
337000
214156
416000
215312
450000
518000
523326
361006
230041
266400
321017
100039
350001
215006
37008
510735
410001
400030
518001
730000
314000
272100
200336
214028
100095
54001
201200
550002
710065
430051
523380
100011
241000
518110
201206
300457
710062
362021
136100
200233
621700
650002
519020
523780
100021
110400
100084
523808
400039
510300
100024
523330
361000
201109
519180
100085
325007
300150
50091
200122
412000
354302
150010
100022
110025
325011
201105
450004
515141
210003
515041
201311
100083
353500
213000
100009
214024
314000
523900
201500
523278
315040
518102
100044
510663
510290
519070
611138
300251
529100
150001
100022
558000
43100
37043
330038
510665
300161
518172
627350
325000
401147
518103
50031
100068
116035
412007
361001
341905
215300
523292
400010
511495
215004
64404
519000
430074
30012
472400
361100
225008
650000
166300
200025
300130
550001
400060
201612
405800
430000
214002
650302
512627
400084
200436
250031
510500
50021
350003
100053
510800
435000
511431
250100
710061
557200
215021
200335
641400
300450
100176
214011
663000
430023
430057
610021
518108
266071
530003
430022
225009
100004
300352
315000
200235
212003
710001
215004
214072
100025
615000
110143
230031
610021
10100
624200
519101
518111
475001
100083
362000
610000
710001
610016
136000
710032
410019
150001
525300
130021
510060
510630
350001
100036
266000
363105
510641
430074
610041
100070
200040
421001
200120
510663
430030
230088
330006
201102
215341
225000
610213
473535
200333
343000
310014
100876
314400
201202
433100
315000
518081
519000
315100
610017
515725
430074
210037
541004
100005
300161
215212
410008
430081
100097
100192
100077
425000
523073
427000
510110
363000
100022
200127
310016
214045
100043
315042
315000
200331
518048
100022
266520
225000
53500
518033
200052
225009
510900
201208
201208
200335
310052
518111
200240
518057
510800
425507
201101
201204
362100
528300
737300
400046
110013
300143
201801
435000
518114
352300
100045
163000
661100
266071
100176
310014
351100
314051
201800
200438
266000
201101
200072
300060
510010
510655
510030
213000
100070
528226
100011
518057
610212
200439
810000
362000
100140
100044
200051
523823
571101
516083
518028
362216
518000
56002
100048
200941
610015
100027
100020
614200
518000
311243
546100
226007
201204
200129
200050
733000
100192
214199
215300
518104
731100
530031
26000
610036
530004
250014
558400
200233
518120
518048
200333
464136
213002
12000
201103
610072
518040
471000
712044
366300
518004
215001
215005
450000
528403
221008
310015
315010
200041
655000
300110
300450
410007
430079
362700
100011
100024
200023
456171
362018
530022
511500
410018
315040
201713
300052
277500
215021
100069
312000
332145
519180
730000
510620
528251
200002
332000
523652
300162
361004
200231
200135
100028
215021
361009
610000
37004
266700
529500
351152
200061
200051
101100
510220
610074
200233
316100
266041
518110
110407
353000
47100
352200
719300
323000
250014
734000
215008
48006
100078
53000
100070
665607
623104
400020
201400
100071
210004
643001
100038
158100
100192
610021
276600
528000
100027
116011
214000
201615
226009
233010
100086
100020
610504
75700
200065
518000
529300
100091
271000
210007
210002
200444
510665
30001
666100
322000
518118
100161
200241
100621
214400
330300
315000
233000
710002
519000
215200
530012
200135
710065
661000
300070
515041
455000
100020
530006
830011
200431
666214
201112
523400
215500
100020
100007
523960
215011
518055
518020
523881
215600
750001
300180
116023
200050
200030
510160
215006
100041
150001
250002
330001
100041
325000
300211
510280
610016
150001
200086
710119
100022
412007
214000
100095
464200
201206
200129
210016
646000
210012
226300
200438
250000
650051
225200
350001
511430
200040
66100
730000
430051
362000
366300
200120
230000
528100
300010
518172
518048
100025
427000
529000
100071
50011
157013
200433
50031
570203
201615
300161
621900
510240
215004
225300
300160
100010
518048
350001
511430
610016
200050
353000
201101
510240
530000
361000
300222
361000
214200
200436
100029
563000
314407
410002
611430
313000
230041
315800
313300
266002
453000
200233
200136
523200
518055
523129
361021
528200
215300
200433
318020
250014
300142
212403
530022
315040
518000
200021
100045
211189
300100
430070
618000
300070
541001
243100
510000
610041
300130
510300
666300
230088
312000
201600
325000
200135
610041
421001
518115
636150
519082
100101
362300
212400
430050
200040
200030
511400
201615
518057
100011
610100
266000
100038
830092
66000
110006
100091
516266
257091
610056
519100
200060
519070
201800
526600
100050
201615
528437
354300
200231
530022
200023
210018
536000
214400
201404
432900
363000
201613
230061
510100
200241
201100
610061
528208
100022
110005
100083
541004
214224
710014
518033
430050
200030
637000
510515
110011
523808
100085
462500
457000
710032
200435
201107
710100
423400
430084
100029
350002
710082
510623
510066
518000
210001
315722
100165
510507
650031
518105
250002
310024
215002
250031
255300
410014
830000
710086
313000
521000
678400
363000
30021
201700
625500
361004
350012
33000
230088
663000
528305
200336
201208
710038
237010
510630
414012
200120
441300
523560
301701
225300
100051
641100
310012
100176
726000
200240
518067
15000
300131
710021
310009
101200
430070
312300
213000
230009
223100
212300
415000
50051
510800
100045
430060
210003
430019
150080
316000
321100
410006
311122
100013
741020
510820
200031
322000
528400
361012
350108
710021
430070
510220
14010
10010
515135
130033
277000
265700
255200
100012
100028
730030
448000
14010
400053
363102
361021
518110
528222
200335
350300
215000
100038
225000
100000
710016
266000
710075
528455
266108
361004
250000
610041
100062
518116
201611
66000
518026
518055
30006
300382
100011
116001
100022
201319
201100
710077
110013
510055
200131
650051
150008
300070
230001
518116
621000
100037
518048
45000
425600
200030
518054
210017
214026
200025
215021
550004
510081
422000
50000
570203
314000
430063
541400
361100
241001
361100
310015
435005
100176
510660
102208
518001
661000
514700
610016
350003
241000
116023
200333
518111
430061
511300
313100
241009
510300
200024
400010
518081
201824
300192
311241
411100
610021
100085
518108
510300
314100
361026
100027
200233
322002
110015
650000
516002
510080
519060
741020
100040
100082
300450
201906
201206
37044
610066
411100
361000
855500
300270
46500
212300
30051
430056
310014
661600
430072
518115
202153
100010
300230
519020
50031
361026
430079
200063
200129
315303
334700
413064
528000
450003
201201
621000
530011
516221
214031
100730
226100
342400
310030
430300
213016
101200
441002
430050
110032
210019
650118
528403
46011
300387
200001
100021
310007
100020
201323
361021
157400
361000
519085
201315
100036
215009
362018
723111
31100
201103
361004
200232
300050
312500
550025
215021
510360
528417
200436
200336
510380
200438
214028
610015
430070
62452
266736
526040
100078
510260
110004
201405
650233
250012
312000
200021
10020
510405
201206
527300
215028
100043
313000
100730
157000
30012
210095
226200
266023
300381
521000
361009
110036
201613
100010
100076
453100
210000
400014
730000
523000
400023
214151
201111
100081
712000
541003
350011
100027
215004
850000
518103
250100
410000
100041
100024
330006
300457
215600
200129
310016
510150
28200
443000
518057
710014
200030
110006
221000
201206
350313
214426
200030
528400
200335
361000
210007
300073
110002
518105
518117
341000
450000
100081
50051
300404
100081
223001
210017
570203
545002
224100
37006
201415
150300
510000
518000
311112
102300
100083
100080
63300
200090
518117
530100
511431
710003
401123
300022
511442
124219
200438
515000
430074
246004
16100
430021
300110
519060
610000
315010
430070
312085
300353
430074
246000
418000
213300
110005
214002
518125
528471
100005
400084
221000
73000
201506
201319
100120
246004
510800
250001
362200
200072
518172
215225
330000
610031
400084
117002
100085
155100
100005
300350
200093
201200
201615
610036
362000
362000
313000
211189
200240
201101
545600
363000
402560
510440
310018
313000
102452
528400
250014
300250
310011
201615
363000
310000
510006
201104
518048
510665
214028
201400
610074
322118
511400
330100
200072
537100
100050
100020
610072
264200
201317
510635
523012
201900
200025
110014
200021
100097
551700
100054
50000
458030
300100
519090
362200
116000
510900
210012
154107
230031
362000
100039
210046
510070
362200
401120
510500
430074
750001
330002
200021
523459
100010
45000
100080
730000
100176
154600
200231
636164
225129
50056
201600
21000
519000
362261
467000
100049
510120
528415
362000
200030
518048
650000
529700
610017
214044
201601
523660
212002
410000
610071
510405
518100
222042
443101
550007
210004
518000
100081
350003
200063
215006
100740
200336
510640
335000
100022
100053
518103
215001
201906
133000
100018
541004
200232

116024
201518
100123
100070
200232
400020
510275
317022
100029
100010
311121
510230
528403
100191
200002
518034
100081
102602
200124
200051
200123
463600
200233
100142
214071
213014
450008
215624
650034
650021
323800
350001
100039
111003
510700
350000
410014
543001
201800
510120
210041
550001
201518
200083
300161
637200
510655
100023
201900
150016
361000
511430
312000
650221
150001
266108
265200
215008
350003
518019
677506
200331
550009
214407
712000
201203
200120
344000
300071
100075
215002
523121
450000
200125
100070
710061
510660
100871
50041
516860
100028
364000
518019
528000
201112
712000
510180
266200
200231
437100
516600
510370
350119
102206
211101
650051
261200
518101
510660
415300
352100
518028
201600
110000
239000
610000
361000
355000
116011
50050
538001
266002
230027
518040
100061
325000
110016
201702
315300
65201
100048
65000
337000
610213
518001
315800
518116
516211
518104
510006
541004
100040
200235
276100
201319
200431
300071
250117
37100
200335
518067
300134
210001
365000
518103
100080
547117
641000
315040
200439
517000
471003
421001
570006
215600
210012
30024
321000
710016
637000
41000
714000
200041
100044
725300
361004
222500
250100
201615
215021
100102
523560
101300
650011
730000
518026
450000
214023
52360
266500
238066
570028
100080
100006
300191
350007
350001
200126
351131
215300
511300
710003
257237
50016
301500
200433
100045
230041
401147
210044
200444
510700
210042
65201
200443
212400
350008
100043
409602
710016
316100
100010
710130
130022
515041
201812
518101
201613
629000
200336
523871
210000
241000
200032
215200
210013
224200
722305
528300
201114
116023
510470
226500
610041
230001
100036
518055
471003
350323
611843
201803
550098
510115
210016
510620
102218
516226
110001
100081
523000
137400
400021
730060
519015
425505
300250
530021
201613
410100
224700
611756
510620
750001
100016
200438
215129
524099
100025
443000
100010
311305
200433
200065
510800
200086
463000
510375
315300
646000
66000
210006
46000
510640
751100
201400
464000
570125
528400
214500
102600
518112
618000
325000
300451
315000
226007
528445
410000
100069
652100
100081
710075
215500
100711
443000
610041
350001
100027
101301
100070
210004
466200
111000
300020
400021
101118
400030
315041
310007
511450
710300
350019
122100
200030
510360
354000
511533
200136
430051
310022
679200
201101
518103
350018
210042
528425
518002
361022
201901
201615
100039
201313
200010
542800
710003
100080
230601
201103
361000
201103
361007
410011
519001
200122
362211
610041
528425
200441
201906
523820
215000
510100
362200
214045
223300
528000
750001
264000
250100
471012
518048
361009
100102
201100
322000
