410205
100123
163813
226200
100097
516001
350205
430000
201112
50031
100121
410011
523121
200010
511400
730046
201802
130012
646318
200080
100085
528455
50000
362000
214045
311600
200092
201600
215008
850000
364000
215151
545001
610081
215021
710075
30300
100031
201209
677401
200063
430015
261300
311112
515152
300151
523391
300222
400015
102627
528427
518002
516600
100020
230031
110014
400020
100071
510403
350008
610207
525000
200436
518108
511495
678000
525100
528100
115001
518104
518109
215000
415600
212001
341000
215300
226006
100029
100015
100871
510620
510280
362102
529700
650021
362000
241000
200011
100010
525200
215300
200433
300100
215001
100072
100039
250400
310012
200072
100025
200042
215122
510105
100072
730030
310000
300070
214000
210001
200060
30006
10051
312000
523707
215004
201507
210003
300022
200070
215300
110013
200237
412002
410007
528300
517000
570208
201100
215007
251700
518031
518000
100012
201204
102600
201300
518052
650031
310009
264006
200051
570203
150030
201100
300161
523700
201500
200433
200030
610041
200433
67000
243000
518067
266300
100020
100036
310012
100120
114001
518106
100050
200131
100125
250101
110044
518110
200233
210029
315016
214161
100872
100123
200042
341000
313008
528325
611330
225003
250101
510655
710008
116026
510055
710003
201102
230022
331200
215021
518067
450052
361012
100062
523850
315000
100088
510610
100120
200136
200081
200092
300011
518128
100007
201400
200436
200092
163453
355200
300010
510080
511470
518112
214062
252000
215341
410004
245100
510640
215000
350007
401147
545007
300140
518108
54026
431800
518055
200083
400080
215500
212000
562400
200441
100071
200438
100064
610041
746000
71000
462000
510470
243001
321017
102600
510410
610061
200443
36000
810000
650031
201900
200435
710001
210004
100085
710003
100027
201801
201202
100026
100123
225314
200237
528300
200052
110035
226001
475000
250000
427100
570105
312400
461100
201803
100039
434025
100011
150090
361003
518020
466200
350000
200031
201700
300451
51430
244031
473000
322200
750021
200093
214200
516400
344900
518057
310016
110001
200335
100024
100028
350001
214001
518172
361000
315000
100021
710038
100088
572000
311201
610106
711600
201103
100007
100012
242000
200051
350001
110000
310012
315040
518110
100042
518129
100088
362000
250001
255300
10050
200050
100002
100080
714000
200051
610031
810001
400030
365000
210003
100013
44000
100050
510660
213144
510000
200240
300201
712023
100086
430056
512400
213002
525000
100053
364000
417600
518101
510640
200436
102488
215011
201108
100062
102600
200233
215005
362000
200941
518040
201300
214101
100021
215500
201100
200443
10010
200060
100006
350309
201600
250002
361012
518000
300380
726000
221003
30012
200331
517000
753402
533400
110014
121000
510410
214206
201100
100101
200129
200080
200031
325000
611734
472200
450003
200023
362000
433300
510150
213031
201512
100071
311200
201804
266000
200086
230061
150080
215001
510100
362000
653100
610072
314400
163311
363000
100062
510240
300221
621000
53100
200437
528300
570206
518110
410006
200336
511300
100096
200000
538100
65400
523285
100089
518108
610000
162750
654300
610015
430040
541004
523476
550001
213004
315133
200083
250031
750001
833400
230022
710100
210007
710065
518106
200126
110003
430070
110031
100070
200333
300221
66000
361008
200434
300070
230031
430040
471039
363000
100098
214200
518048
150086
511675
710054
321313
200438
50001
410002
510080
200023
236000
311100
316000
523000
201100
100026
611830
322000
510000
458030
745100
315300
100020
310052
200002
201913
430073
518103
510600
315010
201103
100851
430023
610021
115100
221003
100102
721000
111003
271200
300170
350200
510070
101121
201807
518116
100073
215004
610041
545006
710075
201418
523750
225321
201100
453000
334200
214174
200135
300381
214037
215000
201103
200082
100166
510630
200092
515041
541002
300190
510375
314015
361000
562400
414000
100871
450003
215200
350014
200031
243000
515041
100081
518108
201800
543002
551600
300270
315803
201114
201801
361012
510620
110000
517000
30002
325014
110002
350005
510623
310012
523775
350300
524043
100013
101302
830006
200032
364000
266035
200042
102249
750001
200333
714100
313000
570105
430015
628000
310013
210011
516007
725018
402167
100011
510100
725000
200081
210007
467001
201721
200127
610071
528203
350003
313113
100022
510630
100071
100050
250023
365001
710075
115000
430081
450000
523710
100010
100089
412007
450000
100036
310013
523070
512023
250001
310011
310016
266031
250101
313000
300456
570102
226156
100076
610072
100067
100015
350001
510660
100031
301608
410011
100020
516001
201703
102488
450003
116021
518055
26200
100053
210017
311121
252000
467044
650021
463000
510000
350002
518105
415000
452470
530022
518000
215300
411216
610041
71000
200126
50011
430015
518002
266000
300141
518172
510660
100016
529500
200030
213004
710001
430070
529200
518081
528415
100045
100071
230051
511356
518029
200065
810000
100022
533000
750004
518083
518116
201203
650041
100040
210012
518053
638507
361000
610041
321300
550300
471300
361012
361000
401147
212003
30031
410219
461300
100024
223001
310014
315154
300073
510405
571431
510220
748500
315040
361004
361022
430040
315400
350001
518067
201100
518109
637000
610091
620860
650000
250013
133000
201600
116021
230031
30001
201108
100048
510260
528414
100048
100016
528135
450000
511400
313306
100083
510240
110004
301700
211100
528300
271000
200080
537100
511300
200235
138000
215144
610057
201800
100075
214026
200021
210002
226009
100020
201100
713107
221006
100069
644200
300021
518117
48026
362000
730050
610031
400020
100022
361009
355000
553004
233000
300200
518115
621100
241000
510610
570102
201101
362000
710032
510400
100044
467500
730060
518000
101301
518109
100022
710016
30002
523820
355200
250012
100022
518102
201120
300143
276000
510240
528000
201107
300052
714302
100176
300050
200070
528300
101416
515041
200011
201700
518038
810500
510400
100102
511356
312000
322000
410004
100020
230001
116001
110043
200540
255011
215011
570102
361000
200122
550001
362000
210011
650224
200438
614202
100101
528403
610041
50800
200011
430000
71000
350013
650000
810000
747000
110015
157000
519002
430023
110021
710061
200122
735100
100022
100143
101300
300051
201824
200120
158100
610072
362000
214177
200071
214400
100043
550002
650051
363000
510970
471000
310014
210038
300350
100071
518040
210003
430074
100039
200025
110168
100872
526020
300450
201206
510710
710065
518043
100010
315010
510250
100006
130300
518101
110179
250033
150060
213004
518107
510420
200335
750011
201210
441600
350014
528400
610036
523642
517000
518172
710048
433000
200025
300381
364000
100095
210029
519000
200063
351100
710001
361009
410000
311700
215341
266555
16100
201600
266071
100020
200336
671000
100021
528462
215500
271400
311100
215011
415000
523799
300222
124000
243000
24000
210012
400060
404020
201804
518110
100055
526020
156100
241000
102200
528208
431734
200240
528467
710048
518118
661000
210011
518000
674203
518125
200042
116023
624600
611830
530031
528400
262100
450000
413000
100004
75000
210009
315472
239000
510630
30001
511370
215151
543002
100191
201500
110161
313009
210011
30012
710077
618300
67400
561000
523755
201311
200126
200120
511400
455000
100024
200129
100024
201300
300210
210001
226100
124114
100084
100871
201512
510630
65000
100142
200070
432000
200093
351111
710068
201611
510500
222001
200092
200030
315012
210014
430070
215500
518001
615000
730919
510452
721000
330201
311210
200241
201103
100027
310022
200443
736200
510120
361000
510530
710075
450003
110032
200129
200043
361001
430071
518000
61300
441104
100020
416000
830041
214062
332000
135000
710054
510635
201600
154102
350001
113006
200071
430030
455000
213151
715200
525000
50030
443000
200030
200023
528421
100738
200941
430077
363105
214400
100011
211800
400020
100161
528216
215600
200062
210007
214263
200120
510080
528400
518106
510288
511340
442000
610041
710600
210061
450000
110013
513000
200041
518001
445400
312367
523129
100191
341000
250011
201612
321000
510170
150080
100176
325011
518104
430072
523710
65400
46000
514649
315040
362200
257400
401324
100083
200123
210017
247000
518000
116001
350007
200435
200072
510310
200333
523221
430010
515300
10010
518110
100093
519070
361009
314300
518109

430063
450002
214000
201821
315000
200232
435002
510515
100124
232007
100025
518131
400039
523408
610017
200030
523181
528100
550000
44000
30006
300074
518000
201102
325206
529100
310023
200940
100069
200072
350001
46000
315206
518020
325608
201208
110141
300071
510630
200431
315101
116000
510015
215300
364000
100061
300130
100101
200020
201102
362700
221000
410205
519060
200041
215314
710032
154002
364000
545005
201702
215531
300300
510100
100022
350001
523126
510000
516211
300232
610225
350001
570206
200333
300111
35500
242000
200135
518034
100027
100006
510000
518023
300380
200442
235300
350015
430010
316000
250033
717500
510665
250031
528427
710065
312300
510890
201805
528000
250100
350001
611934
518034
100020
515011
201108
100123
314000
430015
200011
530011
400010
710005
276000
312300
200237
264313
300200
311247
215011
100080
410016
409900
410003
200436
610041
200031
712000
510600
650228
363000
445000
325006
100004
201201
477150
200231
100097
150001
102200
200237
410005
528400
510665
201104
201804
10020
529090
610041
677000
32000
200123
315041
430024
518172
210005
315010
510640
102218
276000
110044
100081
430080
102202
710003
100084
200126
200082
200135
528237
201612
250101
610081
100075
200237
100088
332000
650031
528000
710077
250001
100166
710061
515041
215200
523840
200431
361021
523460
325000
518054
430056
510640
433121
215300
831100
200020
511340
210036
200240
718600
201816
200080
200042
734000
300450
235100
330038
441000
200040
710021
361004
200125
723000
364000
355114
100080
10010
414300
226671
100080
201100
100011
110035
510620
363100
528313
124010
330003
100022
528237
247200
400011
401147
225009
315812
201600
571300
528305
100050
201900
211100
266001
515800
100078
528305
422600
102200
100037
100029
215316
200233
528315
710043
361001
710054
200051
562400
519050
410001
350003
200940
519000
300220
518116
843600
313000
430080
17000
100076
110044
350001
200436
100081
710054
224700
201209
830011
201105
261041
550005
273512
214031
510260
200434
50000
200093
330002
225741
311200
230088
300204
519040
100011
100022
300400
650100
200041
361006
361022
546703
200438
201506
72750
27200
430081
10050
100020
510620
201206
100036
215001
323406
713300
66311
430050
100039
210017
510120
132001
225000
200010
510420
518060
100027
210037
528400
450000
750001
510600
518034
213161
610066
151400
22150
200235
201601
650041
110015
710043
410000
650031
100107
201103
611830
650031
523662
518112
400015
200030
201208
100192
264300
430012
361100
100010
110136
528500
518129
528000
214406
543300
200124
518001
200126
200241
350300
200129
201206
565100
450000
637000
201200
238001
401147
463000
255049
430000
325200
421001
102300
102208
215128
510060
518048
454171
710100
201908
201600
400050
430035
528000
730050
518110
400064
350001
110035
201600
100039
471003
100015
362804
215234
116001
239500
516144
325204
750004
330000
200002
266071
350400
115007
350003
310001
264000
518057
114021
353000
330013
201108
200439
100176
100176
510630
30043
364400
510630
518115
514400
361021
518083
300221
523405
315040
215121
610041
413000
200431
100842
610023
50000
637612
610031
710003
430000
611731
200124
116023
225800
200335
100875
266109
201802
710043
100022
528300
300190
518054
362200
300134
441021
518173
523000
200336
100000
266011
30001
511483
430074
610000
210044
556200
100033
618000
400030
223600
526500
200433
100013
224225
710032
571600
100085
66000
261031
515300
274000
273100
100027
200011
510000
200336
510642
110003
221005
201400
333000
237400
518029
610041
110013
361006
510000
510280
200040
300193
528414
430022
200235
572000
362000
214400
430058
515735
252000
523660
200080
150001
200025
400060
510055
100005
523460
510030
511466
130021
200042
200041
201204
473000
111003
300000
50010
130022
360000
100029
430033
710048
241007
300250
528300
201700
350007
266011
210001
250021
225300
519000
710077
550002
712000
34000
50000
519040
570204
528000
710061
572000
510110
250014
541002
200127
253034
271100
116041
201615
202150
48000
100007
311201
543002
200040
200065
510620
150001
515000
211200
130000
100085
529300
225300
350009
102200
523869
100076
250014
361009
528231
523000
637000
610064
102300
113122
200333
332200
100083
152000
610017
110013
100024
650224
523560
541004
430077
510080
315010
400080
650118
527400
200941
134500
230061
518108
518052
200030
550002
750004
361005
264003
100020
528500
310001
201101
523792
330096
300161
510620
310000
721001
201315
541004
518109
114046
250014
450003
545600
201314
430077
200437
443002
710032
519000
453000
116000
30013
233600
100101
200237
200032
430072
200240
200031
215332
265500
366000
10030
354000
750002
510800
301500
610041
300150
442001
443003
200062
570204
114000
410008
226336
400050
30027
201620
30001
511400
523000
361004
100079
100068
66000
261100
226001
102208
100085
100036
364000
201100
200127
450000
621000
710075
215300
201106
314500
300250
200442
201821
529500
710075
518002
230000
50011
475300
523625
266000
300122
528100
215005
454000
100078
519100
224002
518172
350001
210003
518067
100101
200092
523960
266001
200040
361022
100084
200093
362802
518081
250100
361009
350004
100061
325000
450008
511400
350001
154631
510115
400060
300350
518104
750006
213000
241000
300222
311122
200331
54001
116600
443002
621000
456550
100027
510515
100079
100029
511300
361000
200336
213161
300170
430205
201800
200441
430035
215021
50000
657000
200070
157011
200062
512000
511400
214122
365000
435411
361000
510407
100027
201400
100101
200052
200080
200052
515400
100101
200052
550001
523845
712000
200436
315043
214023
430056
516211
430022
210001
517000
277500
314001
210004
211100
100039
201109
516085
200082
201201
200023
518114
562400
210016
200235
201204
50011
515344
46200
400020
100028
528303
110015
100022
241000
364000
523000
653100
518172
100076
337000
100036
221011
37001
362020
410004
200041
242300
350004
410011
110001
200439
510500
200137
215300
215002
430022
266000
350005
726400
211816
200001
510620
110136
200021
610300
110025
100054
201701
433200
201100
262500
541004
361006
741000
714000
317600
100028
524000
215300
523825
518128
410005
310013
215400
523710
30006
610082
100091
100083
300021
213017
655500
404600
528400
528000
210008
430062
200040
529020
528135
510620
510045
100086
325200
211400
100020
100081
200438
750011
410300
100730
530021
201805
528400
411100
841000
510110
300141
610065
441000
100062
530003
610041
200092
528471
519070
213300
513400
276034
215635
100850
511300
14040
200233
200023
63000
266000
312000
300381
200050
528231
514500
300190
50000
311100
511500
225800
102200
457000
510800
610041
200241
64000
100053
100025
200120
201906
311300
200433
200433
511434
362100
100098
430074
710016
528237
570203
830000
530031
200137
16000
201208
336400
430022
100095
516029
518105
350025
300457
118000
624500
361004
414000
610017
300384
100070
201204
830002
350001
450000
300130
511400
200442
200331
518107
226006
257000
100040
110168
100068
516411
400013
350001
201612
50056
50000
50031
529300
637300
450000
100872
315000
677000
315105
530021
215128
529700
100084
510630
435200
430080
66000
615500
266071
438000
32200
350200
201319
100044
300052
330800
102218
300300
100011
518116
410004
350001
221000
100037
230061
100055
201812
200092
201906
133000
623100
523560
300170
710100
518035
519000
250001
321300
201100
518067
130052
510630
10010
213022
529080
610031
214001
314200
100034
100054
100068
666100
266000
316000
210002
100054
511442
430023
130000
65400
10020
201100
200083
723000
526105
514100
523620
200431
325604
201107
200438
100070
200030
400030
710007
300193
200062
200240
250000
300240
210017
211200
215300
130012
510050
200231
10030
100020
215300
744000
257500
361003
100025
550002
201300
710018
723000
116011
200125
201713
400084
100871
200433
350108
201108
710068
510635
266032
201900
610015
710201
300131
618000
310000
519000
310012
644000
200083
201611
100024
200233
528415
50001
14030
300060
37008
528437
311800
710061
200050
361021
365416
610061
325000
200336
510260
401147
100020
526500
528208
350004
730070
453002
214122
201318
200237
527300
518018
201901
100093
214104
317600
710082
201107
100009
100037
400084
537100
350002
150080
510140
325611
300181
473000
510360
201803
100076
215000
200000
550001
710068
510010
313002
201204
312000
211156
414200
323900
350300
150078
200051
214073
518112
200041
321300
530031
518172
10020
200442
100025
250001
731500
410011
430019
300350
221000
353000
264001
362000
518126
518000
528500
210042
325000
530003
100871
214213
350001
200331
24000
610041
409000
354000
610041
528000
510760
14040
518081
300193
310012
511515
525200
400021
250100
257086
100855
430074
710065
213000
300450
511600
200031
410011
528100
523879
529200
100102
510430
200435
310018
674400
163453
512026
300072
528437
529143
361006
644000
529000
200436
433000
610000
300456
100101
75000
512200
116023
361008
264000
100083
266000
100083
610041
150010
213200
238000
523750
750002
100084
541004
510410
201101
518000
100007
414000
50051
30032
200123
315611
350208
225001
230001
201200
200131
351100
224001
350101
210093
100076
518000
317600
518129
201620
510405
150001
530413
315100
410005
523000
510660
550004
516081
30012
362000
441400
100176
215021
201102
518116
100031
310005
230036
71000
518000
300201
527100
678300
201101
201100
361009
200123
200030
330001
510300
430030
543000
201101
100016
116012
536000
615500
518053
225117
471002
518040
430079
201608
730030
528300
201805
200136
37006
610225
425600
158100
100081
211400
331700
529500
215007
430022
410016
315300
510515
310012
551600
100085
518172
361001
518054
528462
100027
230011
710043
71000
410000
300201
200434
151400
200127
528415
510030
200439
655001
100101
300454
300456
200070
201300
214061
134300
100075
100045
200030
226300
430040
200051
351100
518000
230061
100872
365000
266316
434020
510800
110042
510630
200083
264209
215300
518101
200070
110013
666100
230000
100068
362200
528200
100176
528200
61000
610017
30601
210011
210002
264000
34000
200431
300450
300170
400700
518110
110031
225300
300204
518132
116021
200436
100069
530021
210008
530004
322000
200135
300300
510045
314300
110001
50000
510665
200072
471000
100028
300461
518031
523710
730030
430000
650051
214200
210042
100022
710038
518052
200086
226100
100176
100020
438000
710075
310004
201507
211900
300142
666100
100022
710201
100062
201824
212300
450000
510070
200180
300381
200010
650031
518057
230006
201803
211700
510250
10020
448000
650224
361000
654600
518109
710054
100011
200439
524057
100084
312000
515561
342600
200010
116100
510000
114000
518106
610061
330031
350001
511470
441002
200433
63000
200129
225300
63300
529223
526200
201901
100024
215124
201200
755100
300270
201612
730030
312400
110001
400700
528308
510000
200092
430072
511440
430079
310052
100062
210005
121209
421800
10070
325000
643000
100097
411101
333001
850000
300384
450004
133000
523750
21410
250013
450000
210009
611830
518057
350007
300080
300090
741000
530022
116032
300192
100081
210007
518033
430071
518118
528300
472000
116034
655500
201103
300191
237300
100054
518052
362200
214000
518001
100010
311200
200135
201103
570203
250014
511455
14500
615100
518029
510250
300457
361004
300041
158100
400082
636350
100022
528437
400074
100025
100083
810001
361100
300193
300204
410000
323000
350400
523695
350003
100101
333000
215300
450002
215600
200082
519000
10030
200135
201821
450000
200126
744100
522031
110042
528400
211514
201400
100002
430014
528427
100190
215300
100005
14030
610000
100070
528226
201100
611633
510080
710061
100053
517000
100089
200233
350001
518048
833200
511440
441003
350007
300211
150090
510080
201901
150001
650041
200438
102208
511500
721000
100089
100045
362000
510410
528425
750001
415107
100011
100038
510300
201300
511800
266071
610021
100036
110025
201100
310004
214045
210018
811603
241000
230001
201700
14040
30012
528226
300385
215152
510620
311500
101101
421001
315100
100010
510110
200120
514031
519000
300010
200093
528000
518110
450002
316000
215535
454000
525300
518115
516369
424300
210002
62350
415101
300203
528031
201103
443000
110043
65400
518003
716000
530003
161000
265400
511400
201906
274000
252000
409100
201203
215300
310052
100022
857000
325000
730030
510095
212002
572000
30024
100045
300141
362000
454174
201306
200030
523750
200235
400013
518048
276000
200120
510095
512026
210017
250100
100037
201323
550002
215217
50011
201203
100102
200438
150018
510091
66500
330009
222200
100120
213004
471002
100088
30001
200126
400044
245000
422001
610023
510250
201405
130022
425006
518000
100031
570203
200137
510410
201703
466000
350001
330000
518000
528000
100044
528400
201611
650224
310004
200070
201203
201906
100728
710077
325106
100872
518052
523900
350002
200126
200233
518049
200333
63003
214011
215004
215131
200065
510060
100007
330098
545001
408000
518048
511340
200233
201409
100101
225000
310012
100024
100190
100022
518020
300131
710054
30031
710043
100032
100053
110043
510380
100081
536000
518101
201901
250001
44000
136300
50000
200042
528200
300301
200092
100005
110032
210018
510623
523533
200335
262305
66004
100022
200030
100012
523286
510260
529000
451200
510730
10050
528415
400023
518033
66001
710100
71051
200124
510140
528000
545007
101100
750001
102200
401120
528100
264003
430023
100040
365001
610021
101112
100020
325600
314000
210012
215006
310001
210036
200126
215008
200433
710063
528300
277300
350002
200435
201906
621000
610017
561000
200431
150100
201107
448000
518108
30027
200072
450000
100028
510100
100089
400015
213140
614000
528100
201107
201620
511300
200331
54000
100075
325500
100055
510180
201615
510700
518101
466700
210044
300211
510260
519015
516001
523000
719300
250001
117000
523000
250100
102413
644400
322100
427200
200120
610091
519090
215300
471000
215300
364000
362300
100193
410005
361004
201901
430060
518083
271000
300350
310006
518031
550001
230092
200060
50000
710089
315100
518052
325200
518172
529826
528400
214000
510515
610021
311100
100049
244000
210009
511442
100088
200135
362305
311201
215021
200083
211200
213003
710077
200135
201106
410000
430070
115007
100089
215021
313200
450000
430022
201101
215006
200216
400010
200240
200030
200060
200092
226003
617000
361012
201501
529200
611130
350002
100195
201108
225009
361009
201702
621000
30012
201803
200125
350004
518001
50081
201800
430051
200093
200331
511453
518053
518109
200336
532600
210012
221000
430072
330400
200042
32000
257000
430056
116021
214086
100027
200136
430080
515041
100083
200434
300061
311501
518052
200434
100089
723000
100084
215001
530021
115007
430074
200441
464000
215126
264200
212222
611130
201111
523000
223801
200086
215008
661000
413000
610036
100022
430010
300381
730050
610051
200093
200050
528000
310000
350001
214500
361009
201601
528403
530021
166400
133700
100140
110011
350011
361009
316100
137000
200331
201501
200240
650118
325000
215009
201101
215300
666100
71000
201102
158400
510800
538021
100011
200241
100036
300450
325100
266071
610041
100026
355100
201901
100028
637000
518101
300011
529634
510600
116011
610041
100044
300061
200335
30003
210009
710068
650216
310006
200433
214406
200123
100013
210036
100041
201114
215500
518028
610031
100074
310009
518053
528305
322000
710119
200331
100022
610041
200235
201620
201703
450000
137600
315010
201206
100052
315400
210037
33200
200120
101300
200032
363602
518019
66200
736202
225500
519070
400010
50051
518000
315100
518173
518111
100044
116021
510000
200129
67000
200333
201423
165450
410013
430030
200080
102500
528300
276000
410011
457324
518048
201619
518000
518000
430071
510700
100022
102208
213014
518000
529500
430010
710043
261021
232001
721013
100071
652600
518067
510410
242500
223800
510630
163000
210000
200233
300200
564500
625000
201208
50307
300160
450000
200083
250000
100082
210036
222002
200052
511400
834000
734000
250031
245400
646500
210005
100121
510000
518055
200231
410007
570228
450000
325000
116021
710065
710016
300222
611130
213000
350001
545005
518031
610043
650011
266071
315010
550002
100091
430060
250000
810000
361009
510600
510400
300151
201607
364000
422000
361009
315812
315020
622550
518000
100067
650021
100016
100010
100031
510730
362000
610016
200093
528300
510095
523000
100025
201206
410004
61000
570102
528403
350011
234000
200020
314001
362212
200431
100102
165456
200090
400700
100022
528000
200137
201203
523945
510440
200442
100080
266000
541004
430014
214183
350002
400020
200136
100025
213000
201602
330200
100013
215600
610071
100050
222006
100000
610081
528400
100029
201112
213161
727000
511400
430062
330025
571158
215124
510600
623000
361006
400050
530031
330096
510100
201812
214028
457000
530022
610063
215001
200441
154600
200433
412000
518111
511500
510006
510430
316200
100102
221611
200071
116001
448000
410003
315611
430000
510450
538001
431900
116021
430040
264001
215104
100029
313009
730010
430070
430074
213245
461000
331500
610066
330025
748212
610004
200122
710075
101300
510800
310027
100037
200232
100049
610041
736200
719315
300134
750001
325604
518132
300221
110024
300221
341400
215300
410007
523027
362200
201615
100006
716000
514021
834000
201108
266071
315207
361000
338001
410005
257300
100011
637700
100068
100022
610000
529000
200086
214500
253000
750411
200241
226006
350011
200072
100027
834009
100076
650051
100053
410000
200120
310012
116001
201209
311231
519000
14500
114001
430072
516001
430030
510170
410001
250101
100025
518000
150080
365400
730050
518172
201114
710004
517000
410011
201323
110000
651703
30053
100010
510630
518081
200063
250100
201105
150078
200135
350317
311400
201202
200442
100101
350007
223800
472000
201814
430012
214536
610036
570102
200336
100035
226006
200233
100024
414000
316107
300182
518038
523705
453000
56200
210001
201319
34401
362806
511100
510160
518116
441300
751100
200131
200437
362000
200072
476300
200021
213003
261041
210008
65201
255051
528211
210003
262700
215004
300121
100029
310000
518129
12000
102500
810007
510180
56106
116023
100029
100074
450000
430081
202150
201204
255000
100029
518052
535400
518081
730900
629100
250000
610041
523529
102300
514437
211700
110024
266071
14030
514011
200082
300420
215600
717111
518118
214000
315100
315314
400060
425000
541002
518049
528400
201608
362212
510095
223700
475000
100871
200125
210008
325055
523850
110001
223002
528000
200030
522000
617000
230088
100080
30024
450005
610051
518003
710043
158421
46000
510660
110000
412005
131104
213000
834000
118000
100028
255400
266032
610041
210004
100191
200442
244000
100144
100089
516100
201824
100026
100081
831100
300102
130000
200032
471001
30006
100038
510280
225000
528300
225000
100022
543002
410100
100069
200129
528000
510075
301700
519000
430050
528315
466200
246300
300220
523000
510160
100161
100020
310000
518104
225001
30012
201615
201100
100029
201404
430000
100191
200062
100019
230061
212300
210065
528100
201707
250014
361100
210008
201206
611731
362014
450002
570203
201101
528305
518057
100022
113006
361100
200123
361012
510610
100024
430022
510170
200438
550001
528248
75300
430022
100191
723102
736202
430010
312000
523006
215123
363200
214400
550005
200093
200439
650000
311200
100009
210002
316000
610042
362000
310018
530021
528000
200333
641400
150001
230051
102433
300402
100871
300457
450002
450003
226006
101300
441200
341000
201615
518001
410000
350001
43604
101312
315207
215021
150056
350002
315012
510000
110034
100164
650031
215011
250100
430020
363107
510660
322000
157100
400050
100007
610000
214412
300133
518115
519020
200062
415000
330024
200135
314000
230000
212327
200127
528225
545007
130011
300074
350001
528143
350001
312000
250000
100027
435000
100855
200335
661600
230001
200042
323900
400020
430079
213023
518121
110300
510000
643221
110025
518020
518048
621000
264000
132001
450003
510140
518108
213011
310017
710065
200129
201210
214005
410007
300381
510630
523580
637612
100036
201416
255000
130021
365000
201900
266071
350001
529400
315731
310018
518052
528231
650202
67000
518029
201203
415000
211100
300131
225600
116023
312300
528000
200040
100025
200086
201114
365000
341000
510260
121000
400020
71000
400030
200011
200052
450052
325000
110036
452481
310007
100013
510665
313000
430074
200120
610051
513000
430051
200940
325206
100075
411100
212001
200438
271000
510507
201400
201411
300134
200331
510160
214121
48006
215228
100054
350119
300162
100012
313000
410016
362000
200435
443003
21410
515800
200436
110316
450000
155100
242312
200051
528234
210042
101411
831100
200333
30001
241000
210003
200333
130052
214400
650300
110031
400038
514500
810000
215300
210028
471000
100043
528437
130117
310000
201210
215101
100023
523600
100052
610066
811800
100195
213100
515041
519000
225525
350011
519000
430000
311200
24001
100038
361009
511495
201300
215163
511885
110016
519000
200060
528463
518036
300246
100050
244000
510665
110013
100022
100076
528437
550001
100007
510510
315202
113000
610017
200129
677606
528400
610500
350001
310012
272100
210004
200333
111000
710075
212211
100029
271000
200051
300160
276000
214000
100140
450000
430070
410008
225500
510635
361000
650034
111000
516139
266000
400013
621000
510610
350101
400020
628000
36500
230001
222002
201620
519015
200030
300222
518055
102100
650032
523402
100028
518110
266071
300131
215500
300151
450000
528000
650102
100089
510620
215628
150066
515041
350001
100007
201611
200065
100076
519080
511447
200432
200120
518034
518053
300074
201802
300102
529731
201108
136200
730500
451200
200120
200200
100079
510725
350007
215001
201620
226001
50031
200235
330001
100025
528000
610000
528467
110002
710075
730919
200021
315000
266071
123200
400067
201613
200051
518049
272000
529100
414000
201805
545001
310012
100016
130000
44000
528300
214195
300222
518104
225002
350015
200438
231400
310006
400030
100082
221008
511400
518000
610302
750001
314300
200443
518001
101400
315613
116021
650031
363105
75000
100029
325035
515638
300102
710065
241200
510240
50000
255200
250001
312000
610081
430060
200063
361006
210012
442012
462400
518001
518057
510100
364200
200023
471000
518052
710077
232007
150060
200100
610500
323000
266071
201620
523000
10071
150001
75000
726000
859000
530022
200434
100051
161005
214194
727406
850000
515000
113001
528000
525000
300171
110034
610041
510160
201800
325000
312400
312500
411101
545006
100045
710048
110023
116001
430011
750001
200129
310013
518057
110033
523871
510800
100080
528427
41000
100091
100024
66000
713100
100141
100193
523000
225200
215515
361000
325000
214174
250200
570203
300073
330008
221007
200065
100083
215004
100029
200023
133000
201700
225800
200137
100039
300402
14080
215002
350018
510410
518035
100043
200233
226352
201840
100091
362000
473200
518000
100055
528200
528303
215321
415700
100012
350000
510660
512026
721000
528000
315010
712000
315430
201100
528225
450014
201103
100015
610036
310003
350019
201103
310020
226001
530022
276001
510640
215000
100080
518101
710003
300204
100013
201615
230071
50031
46000
116023
410006
510080
530007
361008
100020
200040
650214
361000
528401
518017
523980
225300
201100
214431
646006
524013
510610
519000
30600
100029
510440
361100
201100
572603
610041
200040
361026
200439
100621
210017
132001
361000
100029
518103
510180
201203
300071
201906
547600
226371
200237
310018
841000
201415
361004
430022
132022
363000
350012
202183
100050
100055
28000
675000
300201
100020
201408
830000
44000
300100
101500
430012
563000
201620
210019
201316
200062
528313
710048
550500
200444
100004
410000
516321
518111
201100
361027
510100
314000
323600
730010
610072
210028
518000
210003
251200
400043
417000
125001
510000
273400
410001
510260
100070
100875
30031
528000
201206
56700
100102
528400
202150
200050
210002
100034
466000
100025
335101
450052
529300
100034
215331
510170
262200
510650
408200
50000
200232
100077
215131
572000
650502
200032
100068
830002
150001
519090
350011
621000
511450
201209
430000
311100
300170
300193
525000
511400
100120
201108
336400
363000
100044
710015
610000
266000
200436
100070
110015
200438
610016
363000
226100
210009
528329
210093
200072
421001
530001
200231
325200
264400
529000
100097
529000
215128
30001
100086
332000
510320
471000
610041
402764
746000
230001
350004
200442
510388
200439
476100
518032
860600
47400
215101
210003
361012
310015
674213
236000
510030
225800
401123
215337
100070
315731
214400
325604
450003
650000
410411
201301
310003
116044
610041
100031
361000
362700
100024
528400
364000
201603
362000
550002
300240
200072
550004
100029
523048
200431
530000
100040
14010
510250
518172
414000
201400
350001
212000
730079
518008
24001
201300
510030
719000
210019
430080
528437
611830
201100
201203
210029
518034
231636
250014
215600
102208
252033
361000
100020
523000
513200
100062
201914
410001
362200
100016
518040
317000
510620
215000
200126
200031
519001
312365
66000
100029
366000
100069
110024
721000
100083
410001
100730
250014
510515
100010
463000
210061
276826
310004
519015
264006
410002
200070
750001
200940
518013
312400
310012
200240
201112
524023
200031
48000
71000
362700
510288
54000
100097
733000
100022
266003
350001
63500
610067
100005
100052
214194
100061
213011
100041
100029
430022
50091
215300
528322
528200
200011
408400
100050
401120
212003
200235
610001
201100
200435
71000
100071
100082
541002
250001
201300
518105
511330
611830
610021
200061
200436
710075
431600
510315
528000
102600
472300
415200
200233
100096
201202
519080
300040
264200
232052
518000
310023
330098
528000
200940
14010
350001
518110
850000
361012
528244
100080
311700
472200
213000
450002
201906
543100
100107
100075
200122
100068
100025
255200
515100
46000
116001
200438
523000
201702
350001
30009
266000
523170
239500
518105
200052
100043
430061
527300
234000
200335
510600
710021
350007
413000
214122
100031
510630
510260
518120
101100
111200
230001
100083
314000
510120
276000
200233
361012
611731
200030
710119
100054
610042
100013
214000
221004
200126
200060
300100
110141
361022
100022
361005
200231
435400
471000
273200
523952
518040
200051
26000
200021
511431
510030
518131
230000
102488
230061
200120
250200
710075
250001
518048
610031
511434
410000
571100
100176
300191
610036
462600
361009
518052
200070
518029
100082
510425
519000
650500
116044
451191
200052
514000
241000
301721
610072
100176
350003
241000
200031
519020
101100
401120
523000
200438
110015
410013
402760
272000
310018
300250
136100
300160
215300
438000
510010
417000
116000
100086
419638
353000
421514
330077
311200
201800
518048
511495
100070
215211
201804
215011
201206
730030
350000
523460
511400
430073
201315
266100
201600
200080
515726
110016
511495
33300
611230
200122
200136
201101
564700
450000
150060
201800
510520
355200
528000
200080
528421
528000
100020
200235
213101
100083
530001
200062
100190
230031
361008
401120
14032
201700
63030
723000
