830011
518106
213023
401147
310023
215200
100025
511430
112000
541600
225500
650213
200092
100083
510730
610101
363000
266100
215228
528414
528400
550200
200233
266071
226000
330046
610017
830000
30001
314000
300070
467000
230001
213022
518004
200062
510635
300271
410004
200082
213200
563000
564100
510380
100020
102200
300170
430019
201204
100094
518001
361006
200050
201204
518103
116100
201103
522000
116018
463000
518110
450000
201600
50081
100083
315020
342800
361006
100176
626000
250010
537100
226600
201108
710100
450002
255075
523770
214199
330002
215331
200435
201300
361022
310003
100012
200120
528225
314100
300221
350001
350001
325000
518055
518002
66000
100088
201103
100073
523000
528303
750002
350003
100140
621000
433124
211401
518102
518067
361009
250032
100081
528000
362000
201208
210001
130000
230000
100068
311100
225012
100025
201203
411110
655000
46011
710054
200444
64400
323300
310001
519000
63020
510375
362000
201416
730070
310012
650032
312000
200129
621100
201713
625000
513200
164300
200434
353100
817000
211100
100025
276400
30051
324000
511430
518172
710075
200093
300271
201514
201206
310030
200434
352100
50031
570206
330032
518115
200092
225003
751100
518118
101100
200435
710001
524057
430070
653100
712100
315010
314031
110200
264000
210001
100023
200438
225316
352100
201108
518054
618000
325000
201100
610000
315191
710025
230001
200051
50000
361100
30021
430014
215300
617000
210000
317300
719000
400039
400054
457000
210046
518110
50021
315036
201600
438021
310003
312300
510075
100037
100043
650000
215600
610045
201315
255400
201103
362700
510405
650011
330029
201613
830002
100195
300193
350001
50300
100021
200030
75100
223002
246000
361005
322000
518048
201100
510700
364000
518031
471003
518034
102445
202156
300204
250355
257061
100054
646003
66000
650011
100012
10051
100078
214062
214028
661400
215153
310002
571800
201103
63000
400042
610051
100026
100023
523946
511100
510440
200080
100016
100029
650031
361009
510730
722405
510000
71000
251700
314200
100820
524022
71054
528311
100123
100070
100005
362200
437100
519000
518131
363000
430071
100027
710038
100045
530028
528231
560022
100039
710068
100025
510530
410001
510730
526020
529000
100086
362000
400060
26200
400060
201209
230011
830000
710043
610041
362000
510091
723000
519170
300380
362200
810001
518115
201600
310006
528300
525025
310016
201713
230601
528000
201105
200050
650307
317200
518172
225600
211113
201103
266600
430074
518057
570105
665000
201900
200120
511495
100067
317600
410600
300181
361009
322118
100061
725100
410006
310002
529085
321300
430030
201901
650000
529500
430023
528300
650011
122500
361009
518116
100037
215000
610031
810001
200131
250002
526040
100023
610091
415001
510000
200042
523460
324002
545001
250100
712000
363500
300222
201900
430000
475000
200240
200072
551700
518119
100041
753000
150040
100080
46000
430022
100062
518000
430074
300222
362302
421001
730070
531500
100085
351119
528300
361002
315490
716000
100040
315012
410005
571700
214000
510040
100011
541004
518173
310004
710062
450052
515300
300112
400050
100022
510710
300121
215313
610000
100081
350002
100068
514000
50035
361006
200122
236600
100081
450000
510110
810001
201103
650021
100081
528322
215005
510170
545006
467000
310012
430072
610041
330002
100029
100029
330003
201600
200439
30032
210046
201615
570125
201811
45000
623002
201112
362200
310012
472231
518040
100067
110003
312500
225115
200129
325000
350001
361001
200063
250011
110001
719000
362000
510360
518003
730030
570102
66004
100067
111003
518000
536000
100081
610041
400055
528308
655000
201620
100005
116023
650236
100029
523712
510120
325600
100073
510425
314001
201109
200235
100176
212300
611731
833600
333000
850000
201202
400060
301600
610041
200070
200032
523290
100044
242500
611731
200041
201206
100086
310018
530021
354300
400030
110013
518000
351200
466000
661000
430050
450052
100038
510663
433200
74000
16100
710054
100041
430074
572000
361006
541002
201200
200126
102308
201512
727000
528211
523000
100006
67000
570102
571500
351100
132001
337000
528302
610041
400038
226500
152000
518112
200002
621000
610022
100027
510440
200437
350200
100070
518054
746000
300450
100004
200434
300211
510520
200051
519000
223002
316000
528200
215004
100176
100094
210036
430000
200433
138000
201201
200120
361021
100101
450003
519040
810007
510030
100026
215000
256600
201812
312000
210005
271104
310015
710065
200063
710068
400030
733003
710048
518111
100700
233000
42108
265200
361003
610066
100050
350002
100061
201700
610041
528311
212003
200437
330029
530001
200443
150001
100098
215127
116001
213023
110000
102488
450008
201801
430200
515000
710061
362251
253000
100027
201812
511400
518172
523227
519000
100021
516005
201204
510635
200438
430071
528322
61100
351100
610041
266100
231200
201821
237010
100018
215000
310003
330013
201100
330006
210048
510630
610051
200439
518081
530700
518000
300402
100069
65000
650000
300040
215200
518031
518000
50000
201103
450000
100028
215006
517300
100005
518034
201209
610041
100026
363000
136100
610041
511495
710048
471003
510430
354300
101106
750001
100085
100052
421800
100068
256600
54600
330000
100089
518126
526200
200237
100096
430074
528200
210039
518000
361009
100022
300452
210006
100016
518048
526060
100011
272000
201105
518040
226500
110500
100102
300455
116001
537400
215006
210007
353000
518102
200072
100098
272000
413000
30600
325800
473008
530022
523850
100081
515638
213022
350001
300171
730000
518101
342400
102211
100062
450003
450000
315600
344200
523717
364000
430012
266000
332200
315021
528211
200233
222006
537000
201600
100069
132001
550200
100020
202163
510050
523000
100080
100022
450000
215537
459000
201108
214223
610300
363000
311112
72550
518109
410007
201110
200131
245200
100086
430000
550001
100055
230066
400030
610066
200135
510725
100088
408200
250000
226300
361100
361022
471000
730000
710100
518049
100076
250031
410011
523820
200003
110043
401147
100075
100021
528200
712000
225000
100080
200131
523380
524044
236015
510000
200232
100097
410007
200040
200124
30021
224000
300100
200333
100029
200436
362000
528471
361000
100029
200086
511400
510220
100191
363500
518000
510700
210024
362000
201703
100124
528222
200031
710054
41000
215400
200940
100083
330100
316100
518040
200335
101100
442500
200122
230051
730046
300161
528329
710100
430074
150001
210017
528211
400023
410005
510006
450008
523000
315104
200439
200136
150001
638000
350102
410007
214026
344000
300071
201101
233600
33300
210036
30006
518105
471000
215000
430072
100025
350000
300122
300161
510507
100041
213153
100022
253500
518052
621000
362343
510630
610051
529321
655000
400010
66000
361009
226300
10030
200011
650000
210042
201105
100102
276826
523710
325000
100192
300232
130021
213105
48000
515041
201411
400032
300010
530031
201800
215004
110415
311100
200031
518048
412000
650203
200126
300074
200120
264000
409600
674100
66004
515653
450000
116021
363000
110168
200032
650041
528306
215332
510120
518034
615000
100097
100020
362200
100051
200126
312400
246001
361000
116023
201711
100020
201201
100028
361022
266000
200092
201700
300052
610500
519055
100076
201323
830002
300400
310003
523800
300240
430062
214028
300020
312000
100000
201413
250000
515041
200135
225009
610072
353000
710048
361009
518111
225009
100020
300074
201206
10030
100069
100068
230061
100101
523727
361008
253000
400020
300060
462000
264001
523649
110042
222001
610200
201206
215200
312300
430070
300060
100176
519085
510100
100026
510900
226561
510520
110003
200434
200233
10051
110041
201100
523648
361012
611731
519180
518111
655000
201900
100062
110000
510620
830000
710075
362332
65201
100022
300102
350004
100083
723002
627750
201101
350000
201620
100062
421001
100089
523298
410007
610041
214001
300131
430030
200439
335000
300074
528000
225009
525300
30001
201103
100044
430100
100161
726000
200433
30001
116001
361005
274300
200062
310004
201501
710064
200444
200092
266042
400053
215021
201315
100089
410000
201702
519000
410006
100075
100025
201103
50051
10010
100190
361024
100600
516002
523290
201101
354000
163453
516006
201411
311600
50041
355200
215143
726000
518049
545600
110001
330012
430062
200231
264209
528325
510260
528031
61001
100195
200001
300457
200093
253012
266100
300070
200031
361009
518067
518101
101303
100037
650031
210016
300200
530028
100086
215003
315040
310022
510730
650000
519070
510450
362000
719000
215200
214421
510760
405800
100125
421800
610051
226001
210024
527200
411100
100034
671000
230088
201600
610000
200245
610064
810700
516003
610041
50031
553001
401120
650000
300051
200135
100078
325011
570206
215005
62654
100044
211815
30001
100020
430015
310006
421001
430030
210032
315020
361021
65500
201803
322000
152500
404000
365000
514700
361009
250011
710032
474150
100021
250021
530022
519060
510623
325000
100035
100025
570000
430081
410004
525000
510600
510120
100025
610031
350100
511500
315010
416000
30006
200439
150036
313000
350001
266000
215021
125001
518000
518031
455000
200137
200433
510130
14010
443000
124010
400060
100036
510275
100191
200001
114051
404000
201809
361012
250101
221003
201401
410006
200060
100091
300102
100016
200000
433100
325000
514500
528000
650051
272206
518034
515500
100024
344600
416000
215131
361000
116001
215133
100012
250022
200433
511500
36504
100020
100088
350309
410128
201101
710100
100192
710075
510030
252000
261021
241001
300051
361008
523913
510260
201901
610016
100706
561018
512100
100032
300450
518000
226006
516129
264025
410003
215500
361000
66000
518103
201700
200442
201806
72650
201102
363000
518029
550004
200040
530001
518033
211161
200443
215021
100078
50031
415700
323800
200052
653106
100078
300162
110003
515041
511400
200122
732750
325200
526071
100080
100192
201105
510000
313000
100044
201203
510660
723100
350001
116021
650031
730050
710075
200093
523690
528451
710065
510640
353100
202152
675000
100061
201400
536100
266035
518000
313205
730900
100043
215000
650011
48000
514089
401147
50011
200231
650041
475000
450000
528000
100020
250001
226000
110003
215129
515800
200062
314200
130000
518101
100027
30500
315010
30006
200093
510030
250001
310012
362700
510655
246700
528300
200011
100023
510655
523126
443000
511300
100738
200040
210003
410003
663000
533500
100070
63000
110004
528000
200070
210036
200433
310012
524039
418000
300457
300134
100004
730030
510613
21000
518028
201901
201318
215000
100055
230001
100089
528403
100125
300010
610017
100191
361000
100024
341100
101200
650201
100022
354000
133100
110031
100025
201607
570206
110032
300280
510220
100005
300221
511400
510660
410008
510507
450000
411100
510440
350002
226100
518048
610061
250031
100102
100004
200043
200030
610212
510300
472501
100031
210018
200086
200233
100738
262200
100143
510260
213118
110031
855600
528000
250001
200122
510006
200120
518054
410128
510075
542505
110044
201210
611730
256200
213161
200020
473000
150001
102617
618000
213002
363000
200001
200240
510140
73200
200122
710000
300171
350209
518083
30006
510931
242000
250001
201700
518000
415000
411100
361006
100101
341000
215126
615000
350001
516001
230031
550003
528000
518029
518105
266071
610015
150016
100102
510120
400067
312368
710025
50400
200540
210019
200333
100022
210005
518118
410128
523000
518000
430079
300101
316000
857000
201411
201800
100023
350015
114009
200002
610059
325400
222300
519000
200331
225600
100025
430074
100045
100075
300400
214026
100176
363200
541900
100016
441800
210006
650302
523771
200001
300122
730050
215326
200063
110011
417000
276800
523556
457000
463400
350011
325000
215007
100081
75000
518000
315600
510235
666100
528041
716000
450011
210028
714000
116011
730046
518101
200940
100091
100031
528200
314000
510630
266071
519080
200030
200082
200093
510140
350301
314412
710600
100075
100010
410001
100016
454350
100101
200135
200003
110179
730030
200331
364011
363000
610041
519000
312300
124000
453000
255000
100061
100028
518110
310000
300170
315336
100035
100075
200233
519082
215000
200043
518116
453000
310012
201613
200021
210011
518128
514000
110004
317600
100061
300222
264006
100049
113015
528211
250100
33000
438300
300131
511515
454000
650041
150090
830091
510627
100075
435000
518101
570000
510300
528208
100039
361012
200240
570203
213003
243000
710032
200051
556000
610072
100000
510800
266700
257055
211300
310014
410001
200136
110011
213011
116013
201713
212002
200137
430060
100005
200127
300457
530023
510800
201800
150020
100044
100143
150000
100086
100048
523300
350200
519090
620010
528315
200092
256613
300161
100054
116001
200125
551700
200233
100022
518103
200072
101200
434024
100070
100068
200235
570203
201306
523808
200438
344000
401147
200439
110000
510045
300020
523710
518001
651200
200333
100029
650224
200129
101318
200083
650502
300052
100072
225500
519020
214062
215007
730030
213000
414500
200435
300381
100006
518172
200060
473300
610016
518001
622651
519060
300350
362261
510388
100086
300384
200439
200131
300140
518119
200065
226001
435000
150200
200434
511442
44000
200434
463900
214400
201700
510030
510663
215000
518048
610061
512026
350001
361006
201108
314100
200042
530007
201906
210012
100041
330000
523637
200085
114006
510665
510666
400715
250011
264000
650020
201821
511430
200434
400050
519000
312300
523925
75001
310008
515000
100032
528000
215000
710077
315313
310013
322100
300191
200120
516029
65000
210015
200092
201803
361006
300113
215000
400039
450000
310014
100021
213000
210012
110041
528311
255200
518031
100025
610015
210008
300011
364000
100101
300020
200086
528000
317500
201611
510600
201100
330002
518111
101400
100075
300402
50010
223800
523648
712000
859000
570206
467000
518124
200125
250200
512000
518052
100053
201411
200030
510610
519060
314200
315141
200126
215316
510095
545600
518040
300021
510510
100028
300190
350014
510360
850000
518001
100089
100026
400042
524022
37036
528458
362200
100015
300382
362200
530011
518106
300074
736202
100083
201102
116021
300134
550003
518172
210006
201204
550002
361021
518031
66004
712082
210012
100040
100024
363400
361004
518112
650032
666200
100075
100031
441021
100025
266031
266024
430030
730000
300451
310005
523338
200050
261041
215008
215021
200081
511300
210008
100107
226006
210029
313200
200030
237001
226006
100031
215000
266600
471000
528000
116001
215021
404000
261202
266107
430063
523400
100141
200234
530012
266000
100020
214400
200063
100021
414000
30006
214000
200437
200125
362333
530012
350004
342600
621000
401147
510000
528303
210007
519000
530021
100084
518034
100069
102600
201514
710004
201200
518052
266000
335400
364000
210028
518023
510000
528467
315000
315000
134001
528000
300210
100011
201400
130021
523141
100068
266100
66000
317606
226003
511450
528403
201100
361001
463000
430080
100085
118000
200436
610051
130000
110002
253000
100035
100089
221009
200443
223600
100081
430074
325000
100088
850000
516255
528421
226006
214028
50000
201306
100027
315408
100022
325603
510700
201100
210008
650051
710065
312000
518067
312300
312071
626300
423000
272100
330000
750001
201801
550001
213003
471800
244000
310015
100011
850007
611830
410002
210002
666400
212013
100102
312030
200333
361100
215021
54000
830049
264200
550009
510360
518019
361009
201306
430000
200031
530022
17000
518040
250100
200135
830013
211100
454300
116033
523799
322205
34200
266041
408422
200041
215021
424200
113008
610031
200129
200438
510060
212300
510301
430223
519000
321300
570204
201906
100074
350011
100123
200061
213011
300385
518008
100080
310052
200442
201719
361009
361000
541000
400021
241000
710075
518034
201100
210003
400022
475000
215500
230001
363000
467100
730030
730030
201102
528308
313200
100088
71000
523731
550003
519100
350001
430050
266300
300452
322000
643031
510280
518048
200120
201800
511434
214183
350001
350001
610059
200033
201708
518048
201814
518000
411300
330002
100088
350015
400020
515041
135100
215008
750001
433124
523380
214073
114005
545100
528311
364000
350001
200030
511434
518109
250400
100032
200335
510660
354200
466000
610031
100020
200237
510000
443715
350001
314300
830002
570101
610063
430090
523070
71051
518000
24000
201615
100192
610041
650091
354100
510290
200123
100075
410007
300162
210000
266071
650041
100020
201411
300122
200434
100032
201312
350001
341000
68150
650031
644000
200061
518000
528400
116050
150010
100061
100012
200041
100190
100088
510760
100018
215008
10010
610400
226006
430051
210038
510000
321025
101300
510410
200137
510632
10050
201200
710005
100085
200233
250001
33400
515323
430023
518020
300400
518103
519185
510700
201114
610074
200434
510665
444300
535400
750004
541004
250014
629000
200333
635000
201210
312400
200333
150001
200030
200011
21400
430074
400039
200003
66000
361005
610101
350001
200061
202150
151100
443133
200233
410016
650041
412000
214011
450053
525437
250100
655000
100191
330003
200120
541500
510120
537000
250014
510000
510000
510620
310018
528200
100101
201803
200063
411100
30600
350000
510600
200233
200438
201901
100036
214500
116600
201613
200030
671000
100875
210004
150025
441800
201103
300051
16000
100076
200050
116001
121000
100034
324000
530003
201821
100035
210016
519010
511440
365000
518034
50000
30600
200042
211189
323000
100035
610091
471000
430070
528318
200062
523788
110002
510630
362121
110014
710061
200443
450015
652300
730070
264205
238200
400016
412007
271406
63000
116021
30006
361000
430311
100080
650200
200231
510160
410000
201908
361005
330006
361009
510000
650233
226001
710054
214400
100081
650000
450003
410015
402560
241000
510620
100000
221000
350011
100048
362000
201109
201204
212000
100036
136001
225400
310002
528415
200063
528303
710038
116031
300280
300090
226300
541004
523413
528211
430000
518083
336600
622651
610041
510655
350014
201608
614000
518040
266743
100021
405900
315800
325000
10020
110036
511483
54000
401147
200122
201700
677704
210019
362200
516133
250014
310012
100024
362200
300211
271000
314200
510160
215213
610400
571100
200233
110042
350001
213011
150001
244000
416000
313000
210024
300171
100176
225002
215300
201311
518004
430070
515041
201815
200431
546600
515041
400031
333000
710021
518000
434000
235000
510800
350007
510288
100083
100035
226200
511431
650000
423000
215008
510800
50035
210000
710075
300250
100080
450008
330046
400020
361001
200434
37051
518000
410002
361009
116033
363000
550017
518133
317650
362261
100008
210018
200335
201101
100872
116001
238300
710005
730060
675700
44000
201300
100021
650011
14010
210004
610051
201210
550014
133300
400010
200120
201704
518101
201100
14030
515000
100038
518000
523710
350001
200125
300160
310003
510660
530023
443000
100013
100029
300304
116001
321000
110023
45000
201100
200070
265700
100020
529000
515041
201804
350300
210009
130031
130011
314300
514000
410006
617000
401331
200333
200050
361100
100083
30001
213011
471003
246003
510160
200431
214000
214023
210007
201814
430050
63700
100083
550022
200093
300222
350007
245000
450000
200062
266114
200135
350315
200082
100068
750021
215006
553001
510540
518116
200234
325603
200233
510610
276800
518033
530022
300384
529500
400000
300141
100191
201612
100084
200942
334700
450053
300041
433000
621000
261400
450004
350001
200090
201424
100025
710054
519085
201704
200126
401147
210037
100027
621010
300240
400039
310012
518049
650102
200331
100084
300121
122500
310003
422500
610041
442000
100082
100034
201613
301607
201201
710100
100011
265700
100026
200135
510630
223300
200090
518030
361012
200041
100089
528300
226578
528308
430010
100176
110034
100076
311512
200237
510430
518031
250002
300192
514700
100077
317000
510530
211100
518049
100080
730101
261200
100025
610036
100027
610100
410000
201403
443000
100038
161300
528400
625400
334000
519000
655000
400020
100083
353000
214028
342500
201700
510160
315040
518000
518031
361100
526060
266000
315403
450000
200060
510250
511483
350001
610068
528427
528300
300402
200001
201600
361022
230011
523900
473000
650041
255200
102208
100010
572000
201306
362000
200433
130012
110035
515154
350003
315040
200061
300457
400042
214028
515800
456400
115000
414000
526116
518104
362200
510500
431708
710061
311100
518040
100029
650031
200093
510120
100024
336400
410007
255086
100071
610106
422000
266023
200032
200442
324004
610015
425000
30600
550002
310000
25150
450007
100070
215006
400060
255000
510640
100141
100054
313300
100048
550003
214000
650224
362200
712000
310009
200071
100044
211100
510620
363300
441000
510070
510660
50011
265700
100052
215011
102602
200235
518000
518055
450008
310006
200127
522000
614008
650026
510726
201901
710068
201101
200072
201206
200129
63000
200051
300134
402764
611730
276000
100006
230001
200439
241009
100190
100027
438300
350313
214028
100005
63000
200052
530023
518031
412000
430000
200003
200040
100055
201206
570208
530000
310006
523128
152000
528400
430022
201906
441800
350015
510640
730050
510300
300190
200940
361009
653100
518001
164300
100029
152200
201700
537000
241000
310027
350007
330029
214001
430001
300052
510620
200125
361004
215127
356000
510800
50000
200060
315504
223200
200431
400020
213163
201801
510600
300000
100039
211219
710038
410000
572700
363711
200070
756000
200232
523000
213022
200240
200233
523875
201400
311500
200070
536000
528500
215008
211189
100007
200540
100022
353000
113001
65001
71051
200030
211300
350300
210015
312025
316000
100009
410007
300450
322013
323000
517300
313110
523713
510800
510655
200233
100062
201700
266400
100035
518040
510610
110003
325000
150001
201300
200063
100082
431822
523218
430200
518125
100022
409800
515041
518031
523125
655000
213022
510800
628400
435002
558000
529728
400032
116033
518052
30006
100080
201400
200083
528000
215300
214028
200437
100068
518049
276006
516229
523841
100050
201713
21410
518048
266600
650228
100021
200439
201318
200124
350201
201210
100038
410004
830002
430035
454002
529500
214177
200070
271126
523290
350012
300074
523460
528231
510610
510121
314419
529500
510060
510250
200061
200237
201101
110004
518103
250014
519050
215300
116030
241000
730070
266071
221008
315041
100081
643100
330046
30009
651700
50000
528322
678400
361022
215335
201620
723000
672109
610016
100020
350005
256200
643000
518101
300459
518000
100075
200333
528311
430074
300222
200020
201612
300230
650200
610063
150086
325035
200442
445000
570208
515144
511442
518108
210058
100020
325000
110024
300072
30024
30009
450000
215005
102488
225200
100164
300143
115100
210008
401122
100036
250001
101200
325204
30012
100089
200335
226004
310016
330006
551700
213003
850000
610031
518000
332200
116011
210000
100035
100010
100038
511436
510075
201802
510010
100086
214194
518055
353000
550000
200065
430000
300457
543002
100025
537200
518019
330002
610066
361026
421001
523006
100026
350108
350016
201906
30012
100071
361004
410000
200032
528248
518034
610091
362000
570203
311100
610041
510802
352100
100071
100036
250100
401120
518029
610041
430030
201600
710003
200030
213000
214023
400050
510275
362000
523560
300181
100045
364000
528000
120416
610031
610041
362000
523383
528451
570125
443001
350014
400015
410015
315192
110023
100031
650041
361012
511495
200335
100068
200443
232038
100080
100010
315040
311200
528237
201100
735100
200940
201202
538001
100871
213000
222001
528322
125001
661300
102300
422400
232007
200120
750001
200081
310005
200129
615000
241000
200237
100144
100875
314000
212008
54200
200025
100043
300221
430030
464000
610041
510507
210028
410006
710032
300250
523000
66000
252000
515000
331100
300143
510620
315450
200072
110036
523900
213000
412001
550002
100025
116033
315151
730030
241000
712000
523413
116600
425000
515041
100083
621601
527343
366000
37004
200060
100088
410007
523532
100701
528251
523050
230061
201824
410000
130000
265600
610041
518124
529931
330025
50061
100027
100015
66001
100084
415000
150010
100029
201400
100052
101312
350009
200233
650500
610016
200233
537100
315010
710075
255300
400023
200333
100102
318020
450000
200336
615146
200434
610041
200126
300040
201812
510620
200023
201801
445300
215021
528476
200435
542400
133300
215500
101407
511400
102600
200135
510030
545803
215128
262700
201803
201400
510260
510300
710105
330039
550000
510631
100830
400030
200434
37036
100192
200011
116011
300191
710075
100195
522000
100037
330006
110013
213102
215212
132500
310030
655000
230011
529500
100040
432624
274000
161000
237000
200435
661300
110014
213003
100161
310018
430034
215633
100043
528000
266061
810008
163511
200233
24000
100010
523637
471023
214131
200040
710043
511540
201306
527527
100142
523808
110022
300451
430022
130062
201801
50011
55550
100026
510620
750411
563000
843000
210014
710068
518116
316281
100176
63700
300190
518001
225009
510375
430000
150001
100102
250014
211156
510850
730000
510370
110034
564500
201400
516001
310015
201206
100071
300190
100053
528308
344000
201112
455003
621000
610031
510080
300457
523861
410000
200231
471000
745607
200335
736300
410000
650021
12000
101118
361004
810007
250100
550002
518116
200237
211222
518026
332000
518048
325000
434000
100096
511300
410075
100016
264000
528200
250011
214405
100096
518052
610500
678403
10010
510061
518122
215002
310012
510380
443000
410003
100020
201414
519060
200126
636150
550026
201711
518004
572300
652309
212000
200333
519000
528000
215321
300384
100053
201400
300251
350108
400050
201101
100088
210028
61000
315020
523000
350004
215324
223300
322009
214116
100820
210036
313000
200092
730000
456250
610000
350004
201204
710065
523770
200093
730000
100176
201700
200435
300171
201804
518020
110011
674100
261061
300100
215219
724300
511442
730050
350000
510450
473132
510623
50091
250013
225003
200031
523330
266101
315206
215008
610015
100021
710077
100045
300400
100020
712000
515041
215001
310004
110014
300122
200126
324400
650041
530022
518026
230022
510623
518128
100871
234000
100010
200135
530022
215000
311121
523810
201908
200122
200001
344800
300171
102600
46150
201103
510370
528467
300480
201400
541300
400030
528247
510320
510225
515149
350001
201401
116600
50051
510630
100029
330800
644000
110021
277600
201203
117000
201608
100012
201800
277100
113006
350015
330200
116021
310012
100026
210001
133000
410300
30027
710302
200031
201114
266012
200041
211100
201100
201821
610066
315041
200001
650051
100022
433124
100024
117000
100076
677500
210001
300222
264003
100032
450006
510610
100029
44004
300402
210008
650034
200125
528000
239551
300042
422000
200442
441002
312400
30006
101200
518000
430011
361022
400039
210013
518110
210042
250014
30001
529300
200129
221003
100045
510288
430000
201700
830011
650228
221300
225000
201612
510320
430031
100080
30001
530003
678700
610041
350003
14030
518048
200065
518057
510430
201807
233500
200032
125000
414200
201409
516008
528500
214026
214200
571300
315153
330024
550003
212001
100122
430050
100029
300011
730000
641000
518105
350028
519015
100161
110013
400030
200010
610041
530003
362200
150020
201811
450000
655200
50051
300280
710075
214415
330002
154002
210002
528463
252600
30002
529030
750001
550001
10010
300452
201103
730030
614000
262233
100043
300300
162116
100078
611430
518049
30012
362000
518117
410005
677300
710600
710077
250014
200437
200237
400037
518117
225002
362700
330026
350011
610016
610017
528200
672500
332100
528251
435000
650118
404000
400010
518111
430205
310015
201818
510030
100193
230041
301914
518054
300122
315040
515041
610081
511483
223800
528400
515063
610031
300457
75000
63004
201203
300191
411100
510900
200436
100021
100055
338000
515041
100144
314050
265500
100084
528415
200433
110001
214116
250101
100089
400020
201906
714100
523900
200062
430074
545005
210007
362261
200129
300204
710119
430079
523005
510280
710066
331200
201512
518103
201414
523620
200092
76250
518049
200123
518083
30001
400031
201200
400030
52360
353400
201101
65700
531400
310005
430010
410003
541800
100090
100020
201107
313200
252000
362333
110026
100039
110042
201322
310018
200011
518036
200333
201700
430070
650000
100024
50000
100035
350001
250100
312075
523883
312000
214062
262200
150080
530012
400031
201719
430070
200011
712001
100028
335000
518000
163113
30600
610051
200042
200031
100088
710021
201615
310003
30027
510030
510070
102600
311201
510000
224005
430023
350300
350002
221000
610016
518083
100048
65001
261041
116033
154101
511340
100025
510060
215321
666100
50081
363000
312000
101300
300384
210005
110024
454000
50000
510730
100088
510623
215300
200438
322000
430070
300461
100011
300070
201100
523376
350500
100083
510000
210006
255000
315202
100818
411101
130012
211200
333300
30001
361101
100850
343000
653400
511450
510725
257200
201804
431700
110031
65200
610051
200434
410003
344706
133700
100023
100022
710048
471000
300134
450000
50091
350301
200433
110004
310023
100005
430074
30002
610041
201702
300140
300221
201101
100028
472000
100010
430070
528000
528322
841200
550001
241000
515041
312000
200031
528322
712000
402360
710001
550004
519020
350108
710038
200443
100028
300020
615000
412000
212132
230088
200065
100032
100088
110044
510530
511675
430079
362000
100025
161000
300191
650300
221000
350001
100018
200438
529200
533900
100853
100176
100101
116003
710014
100070
300040
201108
14010
66003
201107
201314
221003
100086
550014
210003
201100
430081
518100
266001
750021
315207
200237
541001
528300
200061
200438
450052
350009
528222
650021
330200
350011
100027
310052
30006
730000
523925
100022
200080
201107
213000
225100
158100
350018
316000
214200
45008
530021
541002
400014
100101
100071
224001
100079
511495
518101
655600
201107
712000
200940
201718
442716
518038
262500
341000
200093
200241
610031
361012
710032
528100
200125
150070
63300
225300
400010
212001
434000
528437
100005
246003
850000
404000
350003
363307
100027
350004
200120
210009
17000
610041
200442
430064
300151
201108
528311
223800
650000
610068
225321
730030
30600
451200
710016
350007
355100
276000
200431
528244
215332
223001
101300
334200
200011
110013
10051
56304
132501
361101
523792
314107
200232
271029
523477
850200
519070
250001
350015
100088
200438
214500
213333
515041
210015
364000
252000
315200
721000
200135
201107
100039
528200
215006
650041
300134
233000
100074
100021
523111
100020
361004
100020
710086
201100
471000
614000
510900
525424
201809
516133
361012
213016
272102
553100
710119
323800
210004
100081
362000
663700
430050
518101
430074
200127
116085
201500
201719
516300
510600
518000
225002
300250
100085
212000
450045
201107
410001
321403
710016
523405
430070
200433
200231
213000
518040
414600
200090
200086
528100
528211
45000
300012
200333
529200
101100
100022
518100
665100
511800
300451
510000
200442
300221
200061
519000
200333
214002
518105
529500
213000
518000
163453
570208
30001
201906
100011
523715
723000
350001
315700
710072
215300
650000
518031
100055
400020
517500
225000
312000
516000
710054
315010
100037
264005
650224
325000
710048
617000
100022
650216
710021
317500
100123
315000
100600
461700
61000
716000
200062
100022
213141
510000
518000
325000
134000
200436
201700
835207
100096
100072
250012
325200
211500
243000
525100
100083
50000
201101
210009
710021
100083
125005
336400
200082
200060
200002
201100
201101
610400
510620
361100
528200
518054
61000
226600
300192
511453
635000
201101
650216
201200
315020
545002
610061
610051
214115
650233
200081
510623
100007
100026
324000
215600
277500
166400
610036
201424
362271
510288
272100
214026
516255
210012
311225
201913
511442
530022
471000
100013
100006
518108
221200
362700
215500
200333
350013
311800
410005
100036
210039
314400
712000
321000
518051
100081
201202
572600
610041
316000
350026
528415
650118
510403
856800
200131
201300
710086
212000
528000
362000
200441
300201
653400
215222
463000
511400
100078
414000
200439
710021
518054
200001
750002
350003
710054
100022
510660
112000
264119
215341
10050
364000
56404
741300
214400
450000
810000
255000
201605
423000
610017
110014
201712
510800
519000
650031
712000
300160
511430
100083
100027
201108
100023
100049
518048
570203
133700
100091
467000
441000
518128
363000
610110
100009
430079
518110
300270
100005
750002
714200
200000
163000
100028
526020
524094
810008
121209
201100
518107
100192
430074
463900
100045
300450
518048
300250
200231
201111
201700
610081
350004
321400
200041
714000
300193
200439
271500
201600
400051
350007
350008
467000
116041
312540
430200
250012
315170
528400
519000
518000
519000
430015
410005
330002
30006
530001
200040
510700
100195
430031
510385
510280
201615
100070
265200
350003
518052
100020
510630
102206
510000
100124
330002
215314
710075
510800
100071
100085
410002
610021
526040
661500
200333
623500
361009
210029
415700
679200
200129
210012
200233
529100
710077
430064
663700
200126
610041
510630
200333
528223
225008
17000
200052
430014
116023
558000
230601
341000
325619
646300
100875
201100
510060
215006
213000
422000
200032
315000
215325
100016
200333
528305
553028
518001
200240
215004
30002
350001
518067
50051
100022
222002
528447
116003
430070
100048
71000
200093
422700
510000
100025
201805
210003
30012
201203
330000
404500
100024
510620
518067
410007
200540
100016
300070
200434
116023
201906
516001
410004
100071
311200
450004
100011
200031
102218
261500
130022
200010
710200
61000
100005
100055
214431
225300
530022
528000
518122
430071
650400
401331
518122
317600
101500
214023
518001
100085
215301
230009
102200
430051
100006
644000
510620
200002
511495
210000
200131
330002
518001
201616
37004
100021
100191
364000
570125
100020
518048
300021
116033
621700
361009
253000
411133
518023
410007
400020
100020
100020
510730
511340
610041
53000
310000
63305
211300
201821
200124
510070
272200
230022
100102
317500
100045
215321
130000
200083
102208
100012
523761
130021
510470
201201
710077
364000
34000
210000
364000
652300
300452
116300
210017
201318
200063
214071
100075
64000
518105
610015
510006
518054
116001
221000
361004
100075
200023
830016
272100
37006
330004
66003
400011
210009
200231
610000
200333
226007
201206
200240
528061
16030
545002
215002
330029
322000
213000
64404
201108
721006
102209
510630
518105
362000
361000
201602
541001
100081
528315
211100
50000
351100
471000
100045
745000
100029
100027
350001
710043
610071
266002
363000
266000
510530
523147
511442
201719
530022
510140
730000
200333
100083
215400
400020
201500
510410
518105
673100
100036
710054
450000
361001
215000
314009
641400
450008
201208
100039
110036
200013
710003
132619
753000
518003
518102
300122
310009
710016
50021
100055
30024
610072
100037
571100
210017
50000
100176
510600
122500
50091
201615
100083
510000
201613
250022
201101
528231
201508
518105
350500
230001
130000
201602
37006
124010
100078
100190
102208
200235
114011
526115
231511
655000
226001
450002
201203
100048
410000
510075
519000
100101
200071
100021
150090
350003
528500
100074
261021
115100
513400
63000
510000
100038
200434
201207
438000
528400
314000
100621
330039
518001
524042
53100
100061
211800
200434
201900
130000
518105
518083
201507
214400
200050
100044
450000
831100
518040
528244
530004
518040
528463
610031
430000
200135
541600
100140
300457
