59
89
29
69
19
139
39
49
79
45
39
69
149
85
99
25
109
89
125
46
29
39
109
29
19
119
69
65
69
35
29
12
69
9
29
99
159
29
195
29
89
35
29
29
49
59
79
29
39
169
19
99
5
7
19.899999999999999
99
200
69
25
9
17
119
19
76
9
69
21
65
9
99
79
59
24
199
69
3
19
155
99.9
19
99
146
39
69
83
29
59
29
59
99
99
99
119
19
7.9
189
59
119
179
349
149
59
49
19
26
4.5
289
6
19
155
59
225
99
39
59
69
15
85
219
19.899999999999999
99
39
19
169
39
25
29
29
39
99
29
45
19
69
25
29
19.899999999999999
115
29
75
35
69
219
239
55
49
9
119
59
88
65
39
89
139
35
49
112
59
99
99
99
49
35
49
69
19
29
9
49
59
28
69
7
29
69
169
59
19
59
19
49
49
79
29
89
35
99
39
59
39
25
800
49
89
69
159
29
39
25
59
12
79
99
189
69
29
99
59
69
109
29
39
55
69
59.9
49
169
39
59
4
13.5
29
199
9
49
69
89
19
55
169
79
39
89
59
149
6
19
99
65
9
45
299
45
49
75
49
69
11
119
119
59.9
39
19
29.9
99
29
49
109
19
9
19
99
49
35
39
119
49
29
79
75
79
99
29
89
21
29
59
89
59
49
19
19
39
15
59
229
29
19
55
49
45
53
59
129
39
29
15
99
79
4.9000000000000004
39
19.899999999999999
39
49
99
55
19
39
69
19.899999999999999
109
22
79
19
89
85
109
39
85
299
29
119
99
15
29
39
69
39
29
89
109
39
98
29
69
39
99
29.8
29
39
99
149
19
19
95
29
139
59
39.9
29
89
19
19
12
19
39
119
69
35
298
99
89
59
29
39
229
119
99
25
39
190
39
29
45
29
29
99
63
79
13
9
89
19
19
89
5
49
4.5
19
89
65
15
15
10
15
69
99
19
13
99
99
99
108
29
39
19
3
49
95
29
25
198
39
45
109
30
149
39
49
29
9
59
119
159
29
17
45
59
15
29
36
29.9
49
29
99
15
75
30
29
69
19
19
45
23
45
22
79
99
109
39
5
79
12
59.9
39
49
29
25
19
49
29
69
29
5
33
99
29
169
29.9
89
29
15
89
45
69
52
269
31
39
29
48
15
39
69
29
149
55
19
11
69
169
29
15
69
35
49
79
49
49
49
88
29
189
19
69
59
39
35
199
45
25
7
99
39
7
189
19
69
49
119
39
128
69
99
39
29
15
49
69
17
39
69
39
55
149
29
49
49
49
238
29
15
59
35
59
199
199
39.9
1.9
22
39
15
45
29
279
89
35
15
39
99
189
65
139
168
29
29
39
9
75
158
49
89
10
39
29
69
99
49
29
160
18
19
19.899999999999999
39
19
119
25
17
19.8
39
99
45
90
149
269
19
33
42
19
39
59
99
99
39
39
229
89
149
299
11
89
99
179
19
99
19
23
12
25
12
85
19
29
13
19
99
59
13
59
19
89
79
79
59
39
59
179
19
179
99
139
169
29
49
39
79
39
15
9
29
159
39
49
39
29
69
79
69
49
69
39
169
39
29
49
29
69
178
35
139
79
139
20
45
29
49
89
19
29
65
299
35
35
99
69
69
59
79
25
79
69
109
139
79
49
3.9
69
99
15
15
99
39
29
16
39
55
19
99
139
9
39
119
59
39
49
29
29
29
129
89
69
29
199
32
9
45
3
13
59
49
69
39
22
59
99
15
99
79
99
29
25
19
17.5
39
39
15
49
59
159
39
35
89
158
19
79
69
179
149
199
23
39
27
9
109
79
11
159
139
32.5
69
158
39
99
49
99
99
39
39
199
49
49
9
19
59
79
59
19
49
69
69
18
16
29
49
125
49
40
35
69
9
78
85
29
189
49
29
25
109
3
16
39
109
99
19
139
129
19
69
139
19
188
99
65
79
49
89
99
79
119
19
69
159
88
19
88
129
59
59
29
85
59
5
17
9
69
79
29
59
4.5
49
9
39
25
19
13
188
99
50
49.9
11
22
69
139
37
49
39
199
21
79
139
179
39.9
45
29
21
39
88
69
69
95
15
89
5
9
79
18
49
29
259
168
79
159
49
55
89
69
115
69
49
59
49
29.9
99
42
129
69
13
199
39
89
800
29
49
99
49
49
68
65
69
19
129
99
11
59
39
50
169
49
139
89
22
25
299
18
19
69.900000000000006
89
279
29.9
19
48
129
59
19
19
11
89
69
39.9
39
19
15
49
59
179
39
39
39
249
69
49
39
39
139
22
48
399
236
5
9
29
22
89
49
29
69
49
79
79
99
99
29.9
79
25
19
68
69
15
45
139
29
219
15
49.9
188
59
79
99
129
179
49
49
149
69
29
49
59
49
99
139
11
39
379
49
89
99
79
43
29
29
49
49
75
59
89
39
59
165
49
29
199
79
25
89
229
59
29
99
159
49
159
21
59
69
59
79
79
29
99
99
99
39
128
69
32
89
59
29
29.9
19
25.5
249
39
128
35
79
59
35
55
59
19
21
89
29
45
5
15
3
56
95
29
85
29.9
139
39
15
19
39
39
19
188
69
59
69
89
39
69
39
35
19
12
22
29
33
59
19
79
139
95
7
9.9
15
11
88
75
32
129
5
69
25
49
39
149
29
39
59
11
195
59
65
159
23
39
59
19
39
19
65
39
49
59
39
29
39
29
75
19
29.9
19.899999999999999
59
69
49
3
29
35
29
79
149
59
239
29
199
89
7
89
39
9
79
11
19
58
49
159
19
179
39
149
15
89
3
65
99
39
279
59
49
20
69
199
15
158
99
65
89
19
19
69
99
9
89
14
29
198
55
39
65
19
29
159
19
69
39
79
25
19
20
29
29.9
79
29
279
39
119
19.899999999999999
19
13
58
59
25
159
72
99
45
25
99
29
19
29
22
39
39.9
139
49
99
39.9
35
139
25
19
399
59
29
319
19
99
29
79
49
45
79
29
79
25
59
99
4.5
119
59
39
49
65
59
69
69
49
99
35
179
149
59
29
75
49
65
59
29
128
99
45
135
109
69
22
59
359
39
159
219
59
15
69
29.9
25
139
145
49
179
259
99
19
99
5
19
11
55
139
119
39
39
168
85
99
29
179
59
29
33
39
49
39
69
85
69
39
29
119
119
15
39
35
19.899999999999999
89
99
27
109
49
22
19
39
59
49
29
48
59
89
59
109
49
119
55
149
19
19
349
89
39
119
69
49
269
5
99
49
99
5
25
7
96
29.9
29
159
39
88
20
99
49
159
13
19
138
39
59
89
7
8.9
49
79
59
13.9
69
79
99
65
23.8
149
91
49
49
29
49
79
5
39
5
79
119
75
139
29
49
39
52
99
32
29
49
45
99
5
29
79
39
83
149
19
89
49
35
59
499
39
45
99
39
51
39
49
17
99
35
29
69
99
17
29
89
49
689
23
39
3.5
23
169
75
29
69
19
39
35
79
109
29
298
19
9
29
79
89
29
45
9
12
12
11
39
19
99
159
159
119
25
99
89
9
99
15
99
21
59
39
69
49
15
39
3
99
49
69
59
9
21
11
45
29.9
25
19
163
29
39
69
19
99
59
119
29
129
39
25
29
49
128
85
189
109
15
79
6
69
49
99
146
99
79
29
29
19
19.899999999999999
13
19
89
99
23
31
199
29
78
199
59
39
149
15
139
99
49
49
199
79
15
15
29
125
79
99
119
89
89
49
229
639
139
69
99
65
65
79
39
99
39
298
59
49
79
49
19
59
11
179
19
138
99
29
15
15
39
19
49
15
39
35
299
115
39
29.9
29
119
25
29
19.899999999999999
129
38
39
69
39
109
39
27
199
119
19
14
69
19
89
58
8
29
69
59
65
119
58
139
49
45
29
79
59
29
69
19
79
75
12
59
29
69
49
19
159
19.8
25
29
53
500
159
25
79
42
99
65
85
49
79
85
99
168
69
15
89
19
39
11
99
19
29
45
49
22
89
29.9
22
89
45
76
69
99
49
29
34.9
15
139
139
15
59
69
89
79
69
139
59
59
69
125
49
19
85
149
15
59
29
155
69
49
15.9
169
25
102
79
29
39
49
18
29.9
189
49
219
89
15
79
59
15
138
88
49
99
6
109
59
14
39
19
11
7
69
59
99
22
25
29
149
15
139
25
99
19
15
69
79
17
69
7
149
60
59
69
29.9
35
69
59
139
339
49
99
269
149
99
129
39
119
5
27
59
89
69
29
79
29
35
29.9
29
129
129
39
29
39
59
39
69
50
19
19
49
29
199
49
9
39
79
39
59
10
39
39
27
39
17
89
79
59
29.9
95
149
99
75
45
79
5.9
29
17
99
69
149
17
99
11
99
29
59
39
49
59
45
59
15
19.899999999999999
38
29
19
49
49
29
329
79
49
65
45
128
128
19
29
13
59
37
79
8.5
69
49
119
79
39
99
29
35
69
49
28
25.5
49
49
59
79
8.8000000000000007
29
39
25
49
59
25
59
29
89
179
19.899999999999999
99
22
59
295
49
128
129
5
65
5
69
19
59
319
39
12
12
25
29
49
29
29
39
21
89
43
279
45
29
29
199
89
79
69
8.9
42
239
29
15
11
89
59
29.9
500
39
59
49
19
199
95
99
39
29
20
99
19
149
39
59
69
119
89
89
69
31
15
149
49
109
17.5
99
27
69
78
35
14
35
59
19
12
229
29
18
35
25
29
69
35
49
49
109
59
69
125
39
19
39
59
19
69
99
59
11
99
4.5
29
255
149
89
99
47
19
43
69
55
129
69
99
29
128
19
69
108
129
61
29
23
59
3
49
49
69
59
39
35
29
119
49
49
43
149
49
59
19
17
48
49
16.899999999999999
49
22
89
11
29
65
39
69
99
89
29
109
69
39
119
15
4.5
75
39
49
89
89
89
149
29
22
69
99
49
39
89
95
69
35
169
39
22
39
109
119
99
69
11
89
79
9
69
39
29
29
149
38.5
35
59
25
29.9
39
6
29
119
29
69
19
59
119
89
32
39
35
75
179
39
198
16
10
19
139
19
21
15
95
169
59
63
13
49
49
458
49
63
39
39
129
45
45
11
88
19
22
75
49
35
29
49
15
29
29
15
19
25
40
59.9
36
139
49
79
99
39
19
35
19
79
79
49
49.9
23
55
69
59
99
59
99
39
22
21
24
75
39
99
99
39
129
39
19
20
55
59
269
19
49
22
75
29
99
149
99
8
29
29
109
21
39
149
109
45
99
99
9
85
19
9
175
29
29
19
85
29
29
29
25
29
99
25
168
19
29
69
109
19
29
79
15
39
99
129
29
119
19
49
17
22
49.9
49
39
49.9
35
179
65
9.6
19
25
29
49
29
29.9
49
75
249
29
39
49
19
59.9
269
128
199
488
99
69
79
89
19.8
99
99
99
19
49
19
135
108
149
22
99.9
149
49
99
27
119
25
6
39
169
29
59
29
45
22
22
19
89
89
118
79
499
29
59
49
39
39
29
39
65
89
39
19
49
89
69
159
109
29
12
39
169
49
22
129
75
15
49
39
5
399
59
69
49
59
98
49
229
39
35
19
99
99
138
249
69
13.5
29
7
89
69
29
49
49
25
179
129
49
99
19
5
29
19
29
15
49
139
79
139
165
49
25
39
59
79
99
9.9
99
16.600000000000001
59
39
19
15
19
15
99
19
79
69
38
19
458
49
25
119
29
49
49
21
179
17
75
69
69
99
99
189
19
19
15
69
19
29
25
39
59
39
39
49
25
129
49
55
15
39
29
19
89
79
99
129
129
139
129
69
269
69
13
29
49
179
45
10
179
128
87
85
79
69
25
15
49
95
49
79
29
29
59
89
39
199
8.9
39
35
15
299
29
19
39
35
19
9
22
9
149
279
29
59
49
19
79
65
59.9
32
69
59
29
129
49
99
29
119
95
99
69
6
119
19
49
49
15
18
19
69
88
98
39
19
109
15
228
19
69
59
59
65
39
39
49
69
29.9
25
49
199
169
29
19
49
45
19.899999999999999
39
69
29
19
49
99
89
9
99
49
69
29
49
39
39
59
15
49
99
59
53
9
25
16
39
149
29
35
9
88
49
29
29
49
99
49
159
199
49
60
29
45
49
29.9
29
6
89
79
125
13
29
39
49
39
19
29
15
59.9
69
19
399
4
59
29.9
239
49
59
79
49
95
99
25
95
22
139
69
99
39
39
12
67
89
19
119
49
29
109
69
9
13
19
69
30
49
149
39
59
25
89
99
99
99
89
49
8
29
49
25
189
1
89
9
59
19
49
49
39
49
159
15
39
89
15
65
11
19.899999999999999
19
39
159
49
49
29
69
79
35
69
16
88
69
19
89
79
129
29
29
29
109
39
12.9
149
29
39
279
59
29
19
69
39
49
12.5
89
79
29
17
28.9
35
69
29
158
219
69
169
99
89
69
9
29.9
49
49
269
79
39
49
59
99
69
29
15
49
29
65
45
59
149
32
85
39
179
59
99
11.9
299
69
15
69
19
45
45.5
9
19
39
9.9
39
15
45
39
49
148
169
29
59
289
75
128
29
59
39
59
69
95
69
129
49
25
29
59
75
29
99
35
79
159
22
29
35
169
15
29
65
29
23
35
299
49
55
59
59
15
15
15
9.9
19
49
75
39
279
88
15
49
95
69
39
49
9
69
99
109
10.9
10
236
49
59
19
99.9
149
59
718
99
99
39
79
119
129
99
55
139
85
159
10
59
79
19
139
69
38
39
29
199
22
19
99
14
5
55
129
139
6
99
39
259
7
12
29
25
49
119
79
89
39
35
10
209
31
119
29
39
29
219
55
99
19
59
13
199
39
79
19
39
129
65
229
49
39
58
29
9
19
69
55
45
49
79
39
19
149
6
25
49
69
39
45
49
19
16
20
129
89
99
99
89
29
59
27
29
89
69
179
99
12
89
149
49
19
99
8
248
35
29
138
39
29
69
59
39
29
219
49
39
29
15
29
119
75
55
49.9
49
75
19
59
29
29
6
259
29
39
17
39
89
15
19
99
398
69
199
49.9
129
149
25
19
49
3
5
49
79
79
29
79
299
39
99
109
9
79
29
59
129
99
59
89
49
119
35
99
17
6
69
39
49
3
15
59
19
39
49
29
35
35
59
109
149
29
29
29
7
39
12
169
29
59
4.5
89
15
105
79
79
49
9
23
198
99
198
119
118
95
169
99
7
99
59
25
189
19
49
49
69
29
269
59
79
29
39
31
49
99
95
59
9
299
48
139
59
149
59.9
149
79
41
17
49
89
49
59
29
359
98
279
86
39.9
99
69
11
13.5
108
99
69
29
55
79
109
29
49
71
69
149
29
99
98
49
179
15
39
7
59
35
75
149
19
49
49
25
39
145
79
29
69
5
50
45
89
25
89
19
4
39
69
55
79
22
59
39
146
32
25
99
279
25
69
39
149
109
45
79
19
99
75
39
58
159
109
200
29
69
99
29
69
65
39
19
23
9
159
99
15
59
69
5
199
17
12
159
20
39
79
19
169
175
39
39
98
15
29
89
59
99
59
45
17
159
139
179
39
11
15
169
99
13
59
29
59
89
157.5
67
69
45
13
35
16
49
19
169
29
25
65
55
55
99
88
89
99
19
49
99
19
55
99
59
49
99
19
79
19
87
89
89
29
39
69
19
49
59
59
89
49
79
99
69
159
125
89
39
29
69
3
200
59
69
99
59
199
538
29
39
79
109
129
79
69
39
89
19.899999999999999
95
19
45.5
19
59
218
35
22
29
59
89
59
35
79
29
5
19
99
49
39
35
39
19.899999999999999
79
39
19
69
99
129
179
99
109
89
49
19
29.9
59
29
89
69
45
59
49
49
99
65
79
49
99
99
29
69
99
29
19
99
50
79
59
59
149
39
29
69
59
9
59
11
69
129
39
29
29
79
4
119
88
19
49
29
49
15
18
119
22
239
39.9
99
49
39
79
24
49
19.8
29
49
29
22
158
15
65
8.9
29
99
79
15
25
29
179
79
89
72
59
199
15
299
169
29
29
89
718
99
7
79
59
29
99
49
119
69
29
29
99
279
29
139
79
31
13
69
15.9
49
89
15
79
19
89
69
49
299
89
119
35
149
17
29
19
119
69
59
19
39
49
99
55
230
49
149
29
99
29
35
35
99
16
59
59
29
59
69
19
25
69
49
55
199
29
49
29
89
4.5
59
99
69
68
39
35
9
49
99
49
149
79
39
69
59
88
22
9
49
45
19
29
69
49
29
129
7
129
19.899999999999999
19
25
10
65
9
19
5
119
15
29
99
159
129
69
49
49
139
79
138
11
49
59
69
138
99
59
39
39
109
13
119
39
229
99
29
25
299
39
29
29
79
11
69
139
13
39
125
99
5.5
32
49
89
139
69
89
99
89
39
49
39
49
29
59
129
159
35
209
89
35
59
79
129
29
15
49
55
16
65
29
758
39
5
29
129
59
249
49
19
49
29
199
88
59
98
146
99
29
69
49
99
29
29
69
29
29
25
99
3
23
39
299
39
39
55
49
69
69
19
35
27
79
6
19
49
89
19
39
59
8
39
159
39
89
99
29
12
25
29
79
29
139
69
10
35
79
59
35
75
19
69
69
149
99
19
59.9
119
36
13
49
57
99
19
59
69
29
5
19
59
99
59
59
178
15
185
11
9
19
19
35
65
89
39
99
39
59
25
59
49
59
179
199
79
69
10
49
78
279
19
99
29
59
21
279
39
139
49
29
29.9
39
5
29
79
99
59
1199
169
99
39
49
169
49
29
79
78
49
228
25
59
49
45
39
59
149
125
9
99
65
39
49
29.9
15
39
39
19
99
19
15
19
99
59
69
29
68
59
55
29
55
19
115
119
199
99
79
199
29
49
39
19
15
99
49
89
59
99
79
39
39
29
7
79
99
69
19
99
109
75
99
39
55
199
89
25
29
89
2
25
179
69
129
19
119
49
19
19
19
129
79
299
25
69
199
29
69
29
29
179
109
39
5
19
39
259
199
9
29
168
99
109
79
69
32
2.8
159
29.9
35
39
99
69
69
59
15
259
39
125.9
69
45
45
59
19
29
29
29
9
59
29
89
69
159
39
99
29
179
13
49
25
59
69
3
198
59
69
2
59
155
99
65
199
59
59
29
39
79
69
39
29
88
49
99
79
15
7
39
39
25
39
20
25
89
179
5
18
29
10
48
59
39
79
19
49
49
19
22
49
79
199
89
19
19
49
69
29
159
19
49
39
19
59
29
39
49
49
23
79
69
19
29
39
99
119
79
69
109
11
29
9
299
45
339
25
39
49
299
29
279
49
29
29.9
169
9
59
49
17
135
248
49
399
99
128
49
99
39
45
25
99
69
179
29
96
32.5
89
12
29
19
149
105
49
39
19
19
39
399
85
29
99
69
29
39
79
59
19
39
59
59
59
79
39
29
49
69
148
89
59
39
69
59
19
65
59
239
69
99
12
49
9
39
29
49
59
39
49
99
149
279
52
19
99
55
29
2.5
16
6
99
59
49
168
35
75
79
15
9
59
149
59
59
49
94
39
139
5
69
95
29
29
48
4.5
22
25
49
50
158
25
65
69
49
99
19
19
99
139
49
45
29
11
39
89
35
55
29
149
49
49
49
19.899999999999999
99
49
9
8
139
79
179
29
18
39
39
59
99
39
15
59
19
39
79
45
39
219
12
139
9
19
99
149
99
189
59
19
55
228
29
29.9
49
49
39
99
59
29
229
79
99
69
20
179
159
99
19
119
39
79
89
89
49
109
218
35
8.9
19
149
488
75
19.8
39
5
49
222
69
13
19
59
19
29
279
169
25
19
139
9
109
59
11
59
49
79
189
89
69
19.899999999999999
85
329
99
59
19
119
59
99
199
149
239
29.9
68
25
17
15
16
99
129
35
39
79
199
45
29
139
29
39
29
49
49
69
199
49
139
49
48
166
29
5
179
59
39
39
59
35
169
59
319
75
49
89
39
12
8
85
69
39
99
49
39
69
23
188
49
39
65
8
79
159
188
12.9
99
19
49
219
4.5
89
79
379
59
15
9
149
29
69
25
269
5
39
125
146
29
69
69
45
69
9
128
25
33
39
29
89
11
18
299
79
39
169
9
45
49
39
29
59
45
29
29
59
59
1
25
59
78
55
19
69
39
65
458
39.9
20
59
69
89
39
99
49
63
35
39
279
29
49
49
12
33
59
69
79
19
45
79
138
239
49
279
49
19
39
35
258
19
29
8
76
199
59
169
49
3
89
50
29
39
69
99
49
15
15
69
59
15
39
19
59
89
19
19
19
25
25
29
89
69
89
15
25
59
39
99
89
119
49
39
149
55
39
149
49
29.9
159
19
19
39
9
59
17
12.9
19
29
49
89
139
19
79
59
19
199
105
30
35
79
78
69
11
49
29.9
149
499
15
29
29
99
49
69
129
59
230
69
7
19
45
25
39
69
179
19
119
119
55
39
119
89
199
21
19
21
19
239
75
149
39
9
48
39
39
189
25
25
59
19
99
49
59
159
225
88
59
69
59
99
49
99
89
99
99
125
29
22
199
79
29
72
15
12
59
89
29
21
19
29
19
4.5
159
29
29.9
49
29
46
19
19
75
45
69
79
19
39
21
65
119
19
298
29
169
39
39
39
119
119
69
21
11
149
45
99
39
49
69
29
59
55
259
99
35
99
39
179
94
29
198
39
59
29
19
15
15
29
39
49
89
88
49
69
29
25
119
69
79
259
179
69
109
11
79
189
55
65
79
69
59
69
25
99
268
25
49
19
99
69
34
29
59
27
19
89
119
49
29.9
69
25
89
59
8
59
125
19
27
26
109
119
49
29.9
5.5
69
65
49
3
19
4
20
79
39
19
89
11
15
25
78
55
49
39
69
21
169
23
165
69
45
35
25
39
35
96
39
59
79
39
39.9
19.899999999999999
15
119
69
69
398
79
25
30
69
96
79
29
29
5.9
65
99
36
59
69
39
215
45
69
119
29
49
199
69
49
79
49
52
79
35
99
59
89
79
149
13
99
9
89
19
59
55
99
69
59
39
129
49
25
19
79
145
59
69
59
189
29
99
99
19
12
29
195
22
69
30
159
19
12
39
49
79
119
49
29
49
35
125
8
129
7
29
139
39
89
35
99
35
15
29
39
105
298
83
75
49
29
8
89
279
39
138
32
22
29
249
46.8
12
49
15
239
49
12
23
14
109
49
39
59
15
129
79
186
49
19
45
89
29
99
39
88
46
29
69
179
59
119
69
6
179
29
13
89
19
