25
19
59
39
15
19
179
9.9
29
99
68
59
139
79
79
10
69
99
159
139
479
29
69
35
15
49
159
79
179
15
25
25
99
29
119
199
26
15
39
14
99
49
49
19
199
49
23
49
149
59
59
99
29
69
25
139
399
35
79
179
29
29
65
59
19
19
39
49
29
29
129
35
69
139
49
18
75
79
239
23
89
9
59
15
45
79
119
59
11
199
3
22
69
39
25
49
159
179
20
25
189
39
19
45
79
29
128
59
29
15
29
99
29.9
149
29
79
99
109
13
119
35
29
39
36
69
69
19
79
49
69
95
65
23
99
58
129
89
9
22
89
19
189
9
12
59
199
99
15
109
88
88
25
21
11
129
55
19
19
59
59
99
59
89
69
39
19
319
15
99
139
59
22
19.899999999999999
99
138
39
29
109
35
59
35
23
29
69
19
29
69
89
5
29
29
9
15
99
19
19.899999999999999
49
129
19
19
21
20
39
99
138
99
29
119
99
20
69
19
19
59
99
169
279
35
29
19
159
19.899999999999999
79
29
49
155
69
11
59
99
39
69
4.5
29
229
99
39
79
19
49
29
11
99
69
139
199
15
19
69
29
39
49
29
75
59.9
98
19
99
45
79
45
329
39
79
19
119
75
29
29
19
32
39
49
39
89
119
29
15
29
198
79
29
39
19
19
75
11
39
89
99
159
9
29
39
259
59.9
6
25
49
22
35
59
33.5
45
29
22
59
9
49
11
39
89
99
55
29
19.899999999999999
59
229
25
129
11
29
39
85
55
75
12
67
79
99
29
15
49
29
49
59
79
69
99
69
129
22
49
29
129
9
22
69
59
19
23
99
12
135
35
49
159
39
12
55
129
79
59
19
69
19
65
99
89
49
49
65
5
39
35
49
49
19.899999999999999
39
99
25
119
5
7
149
119
21
59
29
29
320
69
168
88
49
39
69
79
29
195
13
29
99
59
35
79
59
199
159
99
89
99
29
39
79
149
46.9
19
35
19
29
25
13
29.9
9.9
79
39
25
299
35
13
119
99
11
22
99
19
119
79
39
20
49
15
15
15
49
10
79
49
49
125
59
19
99
16
68
79
75
39
79
39
59
49
129
39
19
69
19
99
55
39
59
69
39
199
49
59
75
19
29
29
39
139
79
39
149
28.8
139
89
89
25
115
29
49
9
33
39
59
25
89
25
149
79
149
75
19
95
159
157.5
49
6
55
49
29
199
169
89
89
29
109
29
11
65
179
19
149
79
49
19
22
15
29
11
229
59
25
199
19
29
59
59
99
199
189
79
29
79
21
319
188
89
50
39
49
29
19
69
29
69
59
29
89
39
47
19
99
29.9
15
69
9
69
29
99
159
39
39
89
19
458
99
88
25
129
199
49
29
110
19
39
19
39
49
129
49
35
59
59
149
39
9
19
149
49
69
45
19
19
19.899999999999999
39
99
149
29
39
49
169
99
19
59
65
29.9
149
39
78
49
49
29
29
19
89
59.9
69
189
49
2.5
119
79
30
19
139
99
11
29
69
39
79
79
55
49
29
59
19
98
19
149
49
89
139
99
29.9
195
11
29
29
139
24
125
39
45
199
25
55
39
85
85
29
27
179
98
29
59
55
88
149
199
19
68
89
17
17
69
29
59
59
10
99
99
59
69
49
19
59
15
49
19.899999999999999
59
118
99
88
19
39
89
75
69
39
65
29
199
49
198
36
59
49
19
89
76
13
99
109
29.9
59
9
22
19
55
49
49
29
99
89
49
29
29
99
39
99
19
69
19
55
149
129
59
6
59
59
109
79
15
49
19
22
151
12
49
89
42
299
99
49
25
39
8
79
178
159
49
99
99
9
39
117
69
89
19
69
79
159
49
139
29
139
25
179
49
29
11
19
21
139
59
89
29
99
39
21
99
9
19
79
99
39
29
39
49
49
85
59
99
19
53
35
69
18
35
98
29.9
39
29
15
99
129
29
99
3
68
19
59
229
59
169
29
39
25
29
99
59
139
19
35
29
69
25
59
39
159
29
69
500
49
13
19
19.899999999999999
15
29
99
75
19
49
59
189
179
85
139
99
39
179
29
29.9
49
39
79
118
79
35
69
159
19
29
49
138
89
79
35
169
175
15
2
99
59
96
29
29
79
139
49
22
29
89
65
55
19
49
19
29
199
29
49
79
19
59
35
39
22
35
119
19
55
39
49
79
19
59
59
99
11
339
19
59
59
14
19
59
139
79
49
139
9
99
76
19
19
19
45
55
139
119
99
99
39
30
149
99
59
29
109
129
6
83
79
79
29
49
79
59
59
169
125
69
22
19
49
80
189
139
29
6
59
59
49
19
73
15
55
99
29.9
80
79
15
125
159
169
109
45
39
148
19
35
179
29
179
29
39
128
49
29
29
69
39
69
185
22
69
59.9
19
129
19
109
22
19
49
145
23
129
65
69
49
146
79
39
98
135
109
19
29
59
49
39
39
19
36
19
63
29
29
69
89
39
69
29
39
8
11
50
89
49
59
69
49
69
69
99
20
29.9
39
19
22
19
85
59.9
169
29
59
25
29
29
9
59
39
19
159
99
89
39
25
15
75
49
39
135
109
79
29
59
99
89
99
98
81.5
79
49
79
17
19
69
89
39
39
25
19.899999999999999
59
49
59.9
9
29
58
39
199
49
35
79
59
39
65
89
75
99
19.899999999999999
79
75
59
19
89
39
29
29
48
39
59
45
79
49
10
49
27
89
29
39
69
99
39
9
79
29
29
135
99
19
19
149
59.9
19
39
89
159
13
129
89
125
15
29
109
119
119
98
59
89
39
149
23
39
29
19
15
19
139
69
109
39
19
79
289
99
39
199
55
69
19
29
89
22
12
39
49
39
89
39
99
99
33
39
39
35
89
88
45
29
89
57
35
19
99
199
69
29
45.5
69
39
19
279
19
49
49
38
49
39
59
39
25
75
99
15
99
7
29
15
99
12
29
169
29
105
53
139
23
29
19
49
69
29
99
69
49
29
99
19
289
148
65
69
49
139
39
19
12
39.9
99
119
33
19
49
29.9
59
49
279
39
49
19
149
75
75
189
59
98
69
39
79
89
79
29
69
299
7
19
59
19
19
49
89
29
49
39.9
129
29
49
59
219
99
35
69
800
29
29
59.9
59
149
59
140
7
12
50
25
179
39
49
59
129
19
335
59
139
39
19
39.9
95
19
39
26
25
39
139
119
39
119
39
199
29
149
12
79
39
19
149
6
22
39
99
21
29
19
19
179
129
199
29
159
59
45
65
79
85
65
195
49
49
49
59
29
79
49
59
22
105
57
21
19
79
59
75
79
30
59
19
15
45
39
49
6
109
29
49
49
139
69
49
169
19
15
38
49
19.899999999999999
79
39
49
29
109
99
19
49
139
69
25
49
25
39
69
11
25
59
29
149
49
39
49
59
39
139
69
79
29
19
199
104
85
29
219
59
49
10
29
75
8
39
33
45
89
99
99
19
29
179
39.9
79
29
159
79
12
39
19.899999999999999
29
29
99
89
149
19
79
39
19
79
99
128
33
199
29
12
49
9
35
29
23
45
49
29
29
13
29
39
25
33
999
39
29
29
15
99
8
29
99
19
98
15
95
23
29
15
9
47
59
19
15
99
145
169
19
79
69
9
29
19
29
75
15
13
49
59
9
99
219
149
15
149
9
59
19
49
99
99
8
19
49
49
99
99
69
338
39
4
29.9
99
39
29.9
69
39
29
88
85
55
159
59
49
159
249
128
88
139
109
29
19
8
148
29
17
35
99
29
29.9
29
75
79
129
69
69
39
59
19.899999999999999
49
15
139
39
35
21
49
89
49
149
19
9
8.9
89
29
119
59
59.9
65
89
46
19
29
39
129
19
79
49
99
49
49
119
25
199
69
89
119
88
39
9
55
1.5
69
99
9
59
65
69
15
4
39
59
55
99
195
19
15
39
99
9
11
5
35
39
59
219
39
99
99
229
149
45
59
39
99
19
19
79
39
39
148
19
59
29
9
99
18
89
39
79
21
29
149
139
19
19
129
45
39
59
60
89
119
11
19
25
99
39
39
49
99
89
119
69
109
31
389
29
6
3
5
99
159
89
99
59
99
29
69
59
99
19.8
39
89
59
59
61
55
15
179
19
29
25
22
49
159
39
29
39
69
99
19
69
55
25
59.9
69
109
9
19.899999999999999
75
29
59
89
95
69
139
22
12
259
199
29
15
39
49
39
49
45
69
33
19.899999999999999
109
109
79
279
9
89
129
179
22
149
99
49
15
29
59
89
9
35
25
109
45
89
158
69
39
19
119
29
59
69
29
29.9
49
14
29
16
89
89
19
49
29
19.899999999999999
59
29
60
85
35
7.9
19
98
10
29
69
15
158
32
49
129
38
39.9
88
15
89
89
59
19
39
59
79
49
19
89
39
89
39
158
99
65
22
29
28
29
19
29
39
39
29.9
35
69
69
17
39
65
12
49
58
15
99
139
29
89
55
59
3
98
39
59
45
19
49
17
12
59
45
4
59
199
29
75
45
179
19
19
55
15
39
85
49
49
49
23
13
179
159
29
149
11
79
25
59
37
59
49
89
29
195
23
29
158
29.9
49
89
10
29
19
19
59
29
21
69
49
169
69
129
29
9
8
39
19
109
59
39
58
15
29
19
69
49
19
19
12
69
39
29
49
29
29
119
79
169
39
11
29
65
69
29
11
29
119
23
29
279
69
105
17
25
39
49
25
69
199
22
98
79
99
89
59
59
19
49
75
3
128
49
73
79
219
65
15
29.9
29
59
299
99
19
8
29
29
19
17
29
49
159
29
25
49
249
29
49
65
59
39
29
39
139
99
69
49
108
29
149
239
29
49
39
159
35
135
45
49
22
29
21
8.9
59
59
19
9
69
35
149
55
55
99
39
119
19
19
25
79
39
15
15
39
49
139
45
55
39
29
39
11
99
59
19
59
69
15
9
29
79
49
279
7.9
99
135
109
21
9
59
89
15
59
29
439
169
48
17
189
79
30
99
89
69
99
85
218
59.9
19
80
9
29
85
9
29
59
29
2.5
49
29
49
119
59
69
39
6.5
79
149
38
119
69
69
59
49
29
19
179
79
49
35
59
89
199
115
19
49
49
99
129
139
39
39.9
49
25
9
45
109
49
69
19
35
39
109
99
21
29
59
49
185
19
79
19
99
25
29
39
99
69
59
59
79
109
22
29
65
11
49
99
19
79
22
59
29
69
39
79
99
58
39
119
65
299
39
55
39
25
33
79
29
16
99
35
69
49
89
39
20
89
25
39
39
49
109
149
15
139
159
19
29
29
22
79
69
11
179
39
23
58
129
69
159
49
29
399
199
19
159
29
89
19
119
75
19
99
169
19
75
35
19
9
27
6
19
59
19
39
59
59
59
39
299
9
39
17
298
59
29
29
202
29
59
59
11
35
45
49
129
27
39
49
55
79
800
19
15
25
139
98
19
59
19
49
19
25
39
49
129
199
119
29
19
15
13
8
69
149
89
59
158
88
39
29
80
49
7
115
55
239
15
45
69
139
29
39
69
99
25
99
59
109
78
29
49
79
49
69
17
15
69
25
29
109
19
99
69
12
79
45
45
59
399
59
79
49
29.9
298
49
45
105
10
19
89
59
49
39
299
19
268
109
99
119
69
55
159
6
125
79
39
19
59
39
99
89
89
35
14
189
65
15
10
39
39
49
49
79
145
99
19
29
198
99
19
29
119
69
45
79
29
19
25
59
29
109
29
149
39
88
30
159
30
39
69
59
69
39
95
79
15
99
199
59
129
179
45
49
109
99
35
45
29
11
29
45.5
59
19
259
69
158
19
24
129
49
69
49
30
25
299
69
59
69
15
35
79
99
21
69
149
89
11
59
16
69
49
33
129
49
159
105
59
69
29
99
63
59
19
198
26
19.899999999999999
22
39
19
22
79
69
69
99
59
59
15
119
159
49
129
59
5
229
13
55
9
199
99
79
29
29
99
49
39
52
45
25
9
145
29
129
119
99
29
15
6
9.9
179
49.9
59
59
59
9
80
79
27
69
19
119
39
39
150
79
79
79
59
29
59
209
79
25
79
19
59
45
2
149
109
95
129
139
49
200
69
49
89
69
59.9
9
19
95
29
59
55
69
29
31
69
95
45
129
79
29
22
7
49
39
109
58
39
19
29
19
29.9
79
89
19
29
39
79
29
39
59
29
19
15
125
129
45
79
169
29
35
79
79
65
15
9
59
49
39
39
69
50
12
39
49
99
19
199
19
39
25
69
38
9
15
89
25
55
19
89
299
69
58
81
79
25
79
29
15
35
15
59
5
119
29
29
89
69
69
49
79
39
119
199
69
25
80
21
169
99
79
29
159
29
79
198
5
99
39
4.5
39
79
59
119
19
38
45
29
99
45
79
16
39
21
29
99
8
89
29
15
75
25
12
98
25
6
49
46.8
89
29
89
59
19
49
25
89
85
69
59
159
259
55
15
9
49
98
85
469
79
21
99
69
19
49
49
99
49
99
79
59
89
39
39
299
99
299
59
195
49
25
549
59
19
39
15
65
129
75
99
39
89
139
139
39
139
49
89
119
79
15
5
29
59
119
159
59
99
59
11
55
29
15
33
99
15
29
69
183
109
59
15
9
13
19
89
42
59
22
99
39
29
19
29
99
99
25
59
69
49
15
79
19
75
59
69
85
39
49
99
49
49
33
49
29
29
29
35
19
69
21
22
45
188
199
89
79
55
79
25
139
25
128
29
19
79
88
49
59
179
15
49
59
39
59
65
99
59
29
19
399
19
34
55
49
59
35
139
99
159
15
99
258
29
39
49
39
39
89
119
79
39
39.9
59
20
15
29
39
39
59
69
29.9
18
199
169
99
35
99
22
299
79
49
89
99
129
69
39
99
79
219
19
109
79
149
17
29
19
125
22
22
29
43
189
49
25
79
19
198
59
21
11
89
29
69
146
49
99
24.9
35
69
3
49
49
159
6
59
45
20
85
39
58
19
22
139
179
29
29
19.899999999999999
19
19
169
25
79
29
22
16
29
59
89
98
39
15
49
88
199
19
19
19
19
6
69
49
29
59
85
222
29
99
31
159
39
89
89
25
129
25
21
50
69
99
59
59
99
19
49
89
55
69
79
49
29
89
49
59
19
69
29
59
49
5
129
159
88
83
59
39
25
99
109
49
139
69
109
9
39
69
25
15
369
39
29
89
99
49
59
69
19
99
99
29
35
45
39
59
99
69
79
89
29
89
27
32
29
13
19
59
75
9
15
19
45
39
29
19
29
129
29
17
129
269
165
29
19
39
65
39
39
59
59
49
99
39
49
89
99
129
59
179
49
128
129
79
59
29
69
59
55
11
59
29.9
115
59
29
39
15
9
199
29
169
8.9
49
21
99
99
39
85
69
69
49
45
89
19
49
69
59
59
59
85
39
96
29
115
99
199
179
29
89
69
19
12
179
49
45
79
129
29
13
89
89
109
49
59
20
19
149
199
25
29
29
29
19
29
35
179
39
49
69
19
22
299
95
32
98
199
99
29
89
29
199
125
79
14
99
20
188
139
19
69
22
79
99
19
16
89
39
39
29.9
45
15
89
99
29
89
99
39
89
119
4
21
169
5
29
99
49
159
99
99
20
33
89
25
19
79
49
149
12
21
15
119
35
119
79
89
99
99
138
19
49
59
35
109
99
69
39
39
119
15
59
159
89
69
19
29
69
49
129
99
65
9
3
99
6
89
19
39
375
198
119
79
23
39
29
19
75
139
25
36
49
35
59
69
29
39
19
69
99
79
119
19.899999999999999
69
19
49
35
21
69
59
95
199
79
79
65
155
18
12
99
219
99
69
179
29
139
35
7
29
19
49
39
19
55
89
15
42
29.9
39
29
79
79
29
89
99
39
69
49
25
95
198
69
19
29
4
139
79
29
15
88
69
29
39
59
49
39
49
79
299
19
99
199
10
29
35
39
33
49
49
89
59
35
45
45
15
39
500
96
49
19
39
129
99
99
29
89
59
119
39
49
169
118
59
9
45
99
79
29
39
59
39
65
119
259
89
99
159
9
39
19.899999999999999
49
19
45
17
39
59
12
15
33
65
29
99
39
39
35
19
59
18
39.9
199
59
29
5
399
19
19
23
29
5
159
29
59.9
29
59
29
19
79
49
39
7
29
9.9
39
49
4
5.5
25
59
179
39
11
49
19
69
29
35
39
19
15
89
5
19
85
159
49
55
39
69
45
89
85
239
159
55
6
219
29.9
19
95
72
29
139
55
159
29
49
29
59
18
59
19.899999999999999
69
79
159
379
49
39
188
29
29.9
29
29
8
79
119
129
65
139
149
79
75
109
49
15
97
25
58
139
59
79
79
9
19
75
29
99
39
279
29
89
19
119
29
25
49
69
59
25
69
19
29
9
89
89
99
19
69
89
89
25
59
18
30
25
299
29.9
95
29.9
179
25
59
29
19
29
59
19
5
79
15
11
79
199
109
79
19
15
29.9
29
39
79
35
27
89
49
49
19
35
29
49
69
69
89
109
39
39
79
49
12
19
19
22
79
138
19
6
12
31
59
75
25
89
45
89
99
59
49
19
99
29
19.899999999999999
29
109
219
11
99
79
139
59
39
69
19
31
29.9
69
29
29
49
25
15
49
29
59
49
59
149
49
59
19
6
48.75
32
19
6
35
49
5
19
49
129
15
29
29.9
39
49
29
6
95
79
59
99
29
51
15
125
39
39
59
29
69
49
59
69
45
128
75
85
69
79
13
49
69
49
9
55
59
59
8
29
19
89
29
59
59
99
22
59
19
19
145
69
9
29
89
119
19
59
45
13
108
49
53
15
47
35
59
49
169
69
49
19
99
69
91
39
79
25
39
99
23
45
99
35
59
5
59
4.5
69
9
89
79
59
39
75
15
69
169
23
198
59
75
44
69
19
49.9
39
59
15
139
139
75
7
39
79
69
10
29
79
99
69
79
15
59
13
79
35
29
19
69
22
99
39
39
79
179
69
399
89
69
12
69
69
59
9.8000000000000007
29
19
59
149
79
22
69
29
98
48
49
19
99
39
59
25
89
9
59
105
235
29
15
89
99
49
79
69
28
49
119
49
69
39
59
39
168
179
99
99
79
29
59
13
99
29
99
29
79
138
39
69
109
98
79
38
19
99
129
25
99
22
99
39
279
9
89
17
65
159
49
49
99
158
79
80
69
59
88
13
159
75
125
21
49
85
55
99
59.9
29
139
59
129
49
39
49
129
39
12
39
35
49
39
59
49
15
79
16
22
79
49
29
19
29
29
489
15
9
135
49
18
39
17
69
69
24.9
29
25
39
59
129
49
49
79
119
39
79
109
39
79
69
29
69
15
128
159
29
29
69
19
59
119
9
99
59
39
29
19
65
39
29
39
108
99
19
69
80
49
359
39
99
69
59
105
14
19
279
79
59
269
55
5
25
39
15
98
199
79
79
45
79
149
139
39
79
22
39
19
99
35
39
109
15
29
45
19
138
39
45
65
49
39
26
59.9
15
39
89
89
29
39
239
59
49
8
99
29
49
69
109
59
149
49
59
79
59
16
15
89
15
59
59
99
9
39
45
29
69
25
10
29.9
89
9.9
61
69
29
25
19
99
69
22
65
10
38
99
99
39
85
169
25
49
49
79
29
69
89
19
45
119
25
69
29
145
11
59
9
79
69
29
49
99
25
39
29.9
169
4.5
19
129
59
59
15
17
29
25
29
23
19
22
15
17
119
39
29
19
279
109
25
9
59
15
49
69
59
23
39
39.9
299
39
99
29
99
99
29
12
9.5
49
129
55
39
15
39
36
15
39
79
15
75
89
39
39
22
45
75
89
15
39
165
99
99
39
99
69
49
12
189
45
39
169
25
88
49
59
75
35
29.9
99
12
79
19
59
104
59
39
69
99
39
60
29
99
39
139
89
29
29
79
39
119
45
15
39
59
46
85
139
198
29
69
99
22
13
79
79
69
49
99
39
79
89
19
49
9
25
79
35
79
39
79
129
29
129
138
55.9
29
59.9
39
55
179
19
79
69
15
29
79
69
99
69
19
11
69
29
99
59
65
119
99
49
4
59
19
49
98
219
85
259
179
25
139
129
39
4.5
139
259
199
39
11
15
29
6
39
19
8
49
59
25
39
19
29
79
65
29
7
1.5
22
79
11
99
9
2
119
15
35
65
14
49
49
149
149
25
29
19
29
99
79
7
149
39
29
15
3
59
59
10
39
99
69
299
95
49
15
39
119
15
25
79
29.9
79
119
105
23
6
139
21
89
29
49.9
49
21
59
29
59
39
98
119
29
39
49
99
69
99
29
15
99
49
49
89
12
49
39
99
9
69
15
19
29
59
49
155
29.9
8
19
158
29
135
19
39
29
30
49
99
39
49
29
149
59
49
33
49
29
9
49
19
55
49
3
76
75
12
11
69
19
59
69
69
89
39
109
39
59
49
49
179
39
179
15
29
79
31
25
99
35
99
18
29
69
99
59
479
49
19
239
39
65
95
109
55
12
79
39
69
4
25
35
119
75
79
69
19
169
75
15.3
69
33
79
56
19.899999999999999
15
65
178
479
49
99
158
89
39
85
79
35
12
49
49
135
29
119
79
109
59
159
89
109
69
49
19
22
69
89
39
19
139
45
39
9
59
7
69
12
25
15
99
149
19
69
9
124
39
89
13
19
69
168
59
85
25
108
55
39
55
15
49
99
49
59
5
39
89
129
43
99
139
35
25
25
19
49
39
69
27
19
25
89
2.5
179
79
249
45
45
39
49
69
39
69
29
149
29
59
19
12
23
59
72
39
25
7
46
119
19
19
19
39
10
299
129
49
39
39
198
149
159
29
22
35
45
49
69
49
29
19
19
59
49
19
29
29
49
49
29.9
25
2.5
39
29
39
159
29
49
179
22
39
145
238
229
12
118
1.9
49
59
229
279
32
39
299
159
29
95
29
48
49
79
118
49
89
29.9
118
45
17
39
17
138
67
9
63
29
135
65
179
149
23
89
79
15
19
19
69
29
239
19
69
29
119
139
29
69
35
119
29
119
55
19
29
19
15
119
69
59
49
59
285
29
19
8
59
39
69
29
108
49
99
45
139
58
69
29
119
25
5
19
99
39
12
129
19
59
69
5
199
19
69
39
229
19
25
19
11
119
109
138
15.9
49
29
298
27
69
6
79
55
