79
15
129
95
269
59
59
59
99
99
42
89
139
69
39
12
29
139
89
49
65
22
99
99
99
59
79
199
198
69
15
39
39
29
69
109
79
22
9
59
69
4.5
19
29
39
99
39
33
99
19
49
89
99
69
139
29
29
29
139
259
19
15
29
99
29.9
39
25
49.9
169
9
45
99
55
39
29
19
79
19
39
35
139
59
159
39
49
99
119
149
39
39
99
33.5
119
19
20
99
129
139
29
15
65
89
49
59
19.899999999999999
69
19
19
69
29
9
29.9
59
15
29
16
27
29
55
125
29
99
149
8
79
29
89
315
22
59
49
79
29
59
35
29
259
69
25
19
218
69
29
49
32
99
29
159
49
39
39
79
99
79
69
62
36
97
139
19
15
199
49
39
19
59
22
29
74
65
159
35
49
79
159
159
189
29
59
25
49
78
29
59
99
99
38
39
45
139
159
113
59
22
89
89
79
16
135
45
39
99
21
139
59
35
79
99
49
4
19
29
39
13
59
11
39
22
98
49
39
29
168
15
49
35
79
149
69
35
149
52
199
65
102
65
29
129
29.9
19
19
29
89
49
99
199
55
15
29
39
248
45
149
139
35
199
29
98
135
69
59
139
89
29
9
59
99
22
9
49
45
27
39
59
29
29
89
43
99
39
179
19.899999999999999
39
29
75
159
9
39
99
79
59
98
29
89
129
240
139
259
139
109
79
8
79
19
59
99
39
20
69
39
15
79
89
15
95
39
159
59
22
109
59
49
339
119
29
9
99
239
29
20
69
29
49
95
10.5
35
39
49
199
78
39
45
6
99
29
99
119
59
59
33
59
29
45
239
83
59
25
29
119
2.5
59.9
119
9
99
43.8
19
179
119
65
39
89
25
149
13
59.9
22
24
109
69
29
59
49
89
7
29
85
59
29
15
9
39
19
69
19
179
129
279
29
15
99
39
99
39
32
22
49
99
15
49
79
19
35
35
59
31
68
49
139
39
59
45
79
98
139
468
49
69
59
49
13
32
239
39
35
99
179
23
18
99
69
79
259
29
29
29
29
49
79
45
195
49
299
129
69
29
79
18
9
219
65
15
29
29
19
199
9
10
99
89
149
99
75
35
39
29
59
99
9
139
79
49
79
29
89
59
99
159
50
139
3
9
39
39
99
19
11
69
17
159
49
29
20
79
79
69
15
99
59
139
95
79
98
15
55
19.8
159
99
259
27
79
268
43
39
9
59
69
89
59
39
69
49
39
69
49
69
79
25
79
29
59
19
39.9
39
29
79
99
79
159
35
49
23
125
39
199
49
9
15
25
279
59
298
29
228
119
99
79
59
33
188
29
59
59
39
19.899999999999999
79
29
69
69
69
139
39
49
79
69
69
29
49
22
129
79
139
19
99
19
128
119
29
55
9
19
88
119
49
280
65
99
89
99
58
19
28
25
59
29
25
79
99
29
139
19
25
29
15
69
39
29
39.9
45
6
19
59
39
45
19
99
29
119
198
49
35
13.9
20
19
25
29
49
25
15
79
79
29
13
69
49
99
29
185
15
5
45
79
14.9
69
179
49
39
14
15
59
13
39
69
45
29
11
59
5
11
69
99
29
149
49
99
59
49
59
58
98
79
99
25
110
19
15
2
79
55
69
29
109
29
9
69
292
19.899999999999999
39
99
79
59
146
29
29
58
49
85
29
73
59.9
39
19
59
95
129
89
59
39
19
95
25
39
29
159
69
59
35
9.9
65
59
35
59
95
29
79
59
189
129
69
25
129
45
159
29
55
45
159
49
75
39
38
59
49
69
21
26
59
119
39
65
39
49
22
29
159
39
78
89
22
198
39
59
119
158
15
19
22
179
275
39
15
29
99
19
7
39
29.9
39
5
129
23
29
59
139
69
59
39
49
19
69
15
55
39
49
22
49
59
10
98
39
29
139
119
99
19
69
5
29
89
64
29
29
19
13
99
199
129
59
199
69
119
178
138
4.5
89
19
55
259
149
39
39
19
139
69
29
259
9
200
49
99
59
129
39
29
69
25
65
19
9
99
59
69
59
39
49
45
55
79
55
6
59
158
10
99
19
29
69
49
99
15
19
79
69
79
29
79
39
99
279
99
25
55
39
59
105
59
99
39
139
39
22
19
29
85
19
22
159
75
99
29
279
49
25
99
19
99
15
99
79
288
45
29
89
20
39
19
89
99
59
55
89
15
129
39
19
59
369
49
29.9
29
14
79
99
109
99
11
89
3.5
69
29
19
79
39
11
69
3
39
99
11
49
39
19
99
29
39
21
49
11
59
149
25
19
19
89
55
55
13
39
49
19
180
69
28
45
69
49
179
139
13
55
39
119
99
29
198
119
23
59
59
69
99
29
23
49
159
29
17
9
249
9
49
29
109
49
29.9
89
24
91
219
69
49
19
79
39
129
9
82
23
39
19
4.5
99
29
189
29
19.899999999999999
100
120
39
2.8
39
168
69
49
45
49
19
89
159
59
39
179
129
39
145
39
29
125
9
49
89
9
69
109
299
129
63
29
99
10.5
59
9
218
99
19
198
49
45
39
79
79
69
19
65
39
19
22
49
49
89
59
89
31
19
11
29
119
149
69
35
49
15
46
109
89
139
800
35
195
29
240
35
6
29
299
19
121
139
19
79
41
3
79
39
29.9
89
119
59
12
19
39
29
69
79
9.5
29
9
19
218
6
29
69
15
149
59
19
15
49
59
12
85
19
13
29
71
55
59
69
69
59
158
89
29
19
29
148
58
99
49
59
119
49
39
11
59
29
39
39
69
23
139
85
29
239
19
30
39
39
39
129
14.9
22
49.9
11
99
49
699
39
39
29.9
109
31
35
39
49
35
99
85
25
55
89
319
159
39
59
240
19
19
49
159
59
39
69
99
59
39
79
59
35
119
89
239
39
29
11
85
39
19
29
119
29
79
55
55
69
29
39
15
49
15
79
99
149
119
99
125
29
59
35
19
29
23
29
39
69
99
219
29
49
179
29
219
149
49
99
29
48
29
69
79
39
29
128
148
29
119
99
99
159
29
9
22
59
99
79
69
138
79
59
99
99
179
9
79
25
49
19
15
49
19
29
29
49
29
15
5
39
52
19
59
49
15
39
29
49
79
2
125
69
119
139
99
109
55
19
39
29
49.9
39
68
59
99
29
49
25
29
39
60
15
49
99
49
168
69
65
89
18
49
159
99
69
29
89
139
29
155
139
299
39
139
69
279
39
278
169
49
29
19
39
185
59.9
29
49
85
89
25
69
99
99
49
79
289
59
39
98
15
59
69
128
49
29
45
45
75
79
49
138
29
29.9
29
229
59
11
49
22
89
49
1.5
35
39
2
298
119
79
49
79
99
9
25.5
69
99
49
69
59
69
59
49
25
59
39
65
78
29
79
12
168
269
45
149
59
15
118
39
45
39
59
289
79
49
29
99
25
49
35
5
29
49
45
15.9
208
108
126
39
88
36
79
29
25.5
89
9
99
19
198
109
49
79
259
65
29
45
23
49
179
36
39
59
99
6
188
59.9
9
15
109
65
29
109
22
1.5
59
98
39
19
29
19.8
9
39
179
19
299
19
69
59
179
149
29
19
69
149
15
29
39
9
69
100
29
39
79
99
119
29
5
39
69
55
29
11
15
159
19
99
199
49
35
39
119
239
135
25
89.9
69
195
39
29
99
59
99
9.9
69
59
39
19
29
29
35
29
15
59
49
3
125
149
159
49
79
199
25
79
16
69
69
59
39
29
29
159
39
39
469
49
89
149
79
69
9
59
198
59
159
39
99
16
39
11
79
49
39
25
29
65
99
148
19
89
129
19
99
25
279
35.9
19
75
89
19
49
9.9
48
79
59
99
19
99
15
19
20
59
158
55
39
279
69
79
39
15
35
6.5
115
59
19.8
19
25
39
19.8
23
149
49
49
49
22
45
39
36
88
59
15
29
19
169
23
19
55
25
29
109
29
59
29
39
79
39
29
19
459
39
39
99
29
59
39
89
39
49
7
10
79
55
199
59
99
49
39
11
129
339
259
89
99
29
99
15
15
79
29
89
139
79
15
29
39
79
166
458
15
79
119
155
79
35
19
6
99
159
19
99
65
9
60
29.9
109
98
19
35
35
79
21
29
158
109
19
52
129
119
119
11
13
129
59
25
25
99
89
59
109
19
199
35
125
49
199
19
42
69
9
19
19
25
29
49
28
29
29
69
39
175
15
79
89
27
49
39
15
34
29
258
25
29
169
1399
99
46
69
49
21
49
39.9
29
109
39
83
49
109
99
78
85
49
39
88
169
9
269
159
39
19
79
79
15
15
89
88
19
49
29
59
19
120
9
65
39
15
99
45
39
129
59
19
99
39
59
69
20
49
159
49
15
79
79
13
45
25
17
169
169
98
49
49
35
49
29
9
15
35
59
39
199
219
39
99
119
59
169
29
69
15
339
49
59
55
49
58
49
55
45
15
55
29
29
19
29
159
119
9
29
19
139
12
19.899999999999999
19.899999999999999
189
59
15
25
149
59
139
99
29
19
79
19
49
99
119
89
99
68
29
9
15
29
119
79
49
25
29
78
129
99
29
99
29
19
98
49
29
23
79
19
75
159
9
19
69
35
29
59
39
29
22
39
79
29
72
29
145
49
45
59
199
13
19
29
88
55
105
49
79
89
16
39
191
29
35
19
69
29
69
99
49
169
5
19
25
69
159
69
99
49
129
99
20
149
139
99
25
75
29
199
28
75
49
39
79
49
69
48
55
10
139
49
139
97
15
56
145
69
35
9
29.9
35
69
119
59
29
89
49
35
89
23
39
235
25
51
89
19
135
39
199
29
43
29
29
19
39
25
59
35
59
45
10
19
29
75
49
29
35
11
29
12
99
23
39
59
99
25
11
179
109
65
49
35
39
128
29
69
49
59
79
45
39
79
59
69
6
39
5
59
65
59
279
129
149
55
55
69
19
125
149
19
89
29.9
39
69
19
10
19
29
168
69
65
89
39
39.9
39
31
29
159
76
15
59
158
69
9
69
75
25
89
35
99
1
69
19
59
139
35
49
169
19
18
25
9
15
11
19
100
29
59
69
159
145
238
195
10
69
79
55
19.899999999999999
55
169
29
9
99
39
105
19
39
39
99
239
59
69
12
29
49
39
39
59
39
115
45
149
35
39
35
38
29
39
55
95
99
35
29
25
5
39
49
59
99
29
23
99
35
19
199
69
49
59
49
69
89
13
69
119
119
49
99
29
99
14
19
39
19
119
299
59
39.9
55
19
199
15
29
5
69
49
75
59
19
89
29
59
69
59
75
19.899999999999999
49
129
4.5
79
39
39
19
19
89
79
49
69
25
39
11
48
15
59
119
119
105
15
39
79
99
199
119
149
79
19
45
29.9
159
89
99
79
19
23
29.9
39
45
11
199
29
119
79
149
19
29.9
79
379
79
79
39
89
39
359
98
19
99
25
109
39
20
87
15
39
59
139
49
19
29
35
99
39
69
69
189
49
16
19
228
49
62
59
29
58
79
79
59
95
13
45
29
159
49
59
49
25
379
458
69
29
139
13
29
22
3
69
79
99
15
75
125
69
35
139
39
6
79
69
39
9.9
29
45
379
29
30
49
119
19
19
25
69
12
89
89
99
39
139
55
199
29
39
29
49
99
29
49
139
39
39
6
39
65
29
129
99
49
259
59
89
89
9.9
79
21
39
59
139
25
99
135
79
215
199
39
49
3
129
139
6
39
49
69
29
89
39
25
159
39
29
13
59
29
39.9
39
119
98
59
9
49
15
29
139
158
25
23
49
75
54
5
26
65
299
299
40
39
46
179
49
39
12
79
29
99
89
20
99
79
29
99
219
49
149
99
9
27
169
19
158
19
39
99
129
179
69
179
29
27
19
79
59
15
79
89
49
199
16.899999999999999
35
45
39
33
25
9
49
9
99
9
139
127
39
1.9
79
79
29
119
99
239
29
19
19
19.8
49
299
99
89
69
189
99
89
99
69
55
15
35
69
39
25
69
39
158
12
69
55
35
59
8
15
129
59
29
94
79
35
89
16.899999999999999
19
169
49
19
19
8
99
168
69.900000000000006
89
169
79
119
39.9
60
129
69
159
55
69
29
49
49
19
69
7
99
19
69
99
49
129
29.9
16
79
59
129
58
129
39
59
159
29
19
99
23
98
39
49
19
89
69
59
59
5
25
39
89
33
69
49
199
43
29
139
59
99
49.9
49
48
19
39
35
15
29
79
35
159
29
35
49
25
125
19
19
149
22
68
49
49
299
29
13
19
19
49
15
9
49
139
15
15.9
20
15
99
55
88
79
25
39
69
99
69
59
339
3
179
109
65
15
9
45
55
53
59
500
19
49
65
15
16
49
69
8
99
96
99
45
20
79
249
69
15
69
49
89
148
99
85
299
39
89
22
109
115
19
39
59
59
29
99
49
119
109
299
35
59
39
59
69
22
35
29
139
19
45
49
59
159
39
49
68
15
59
65
15
29
79
99
59
39
15
139
29
19
39
59
25
39
95
199
39
49
29
139
159
59
99
19
69
69
19.899999999999999
99
3
79
39
195
199
29
39
35
90
22
39
9
19
99
25
19
79
49
19.899999999999999
119
59
79
69
139
99
99
69
49
79
59
39
15
59
109
89
179
29.9
69
89
59
59
15
99
39
19
265
29
29
12
99
169
125
88
79
99
79
109
19
39
178
29
29
39
149
79
16
69
49
22
49
19
39
49
89
16
29
29.9
19
35
49
99
39
69
59
29
25
69
22
199
18
195
29
99
19
139
159
29
79
75
9
17
59
11
195
25
99
25
89
13
29
119
89
59
49
15
15
129
25
79
45
79
25
79
159
159
29
29.9
99
15
19
39
19
49
39
29
19
39
99
79
109
19
59
85
168
45
159
139
159
19
39
19
69
49
6.9
43
35
99
29
99
39.9
59
26
65
49
119
139
28
25
39
49
39
15
166
33
39
128
4
79
189
19.899999999999999
15
29.9
39
66
109
69
89
79
29
7
129
75
99
19
99
39
139
49
79
29
199
129
22
89
39
239
45
5
69
119
25
35
35
4
69
119
59
49
11
119
49
119
49
45
18
49
299
45
79
29
39
19
19
11
4
9
25
89
49
69
49
99
169
169
79
25
29
17
15
198
19
29
279
49
149
29
99
20
19
59
78
9
29
129
89
89
79
69
29
49
19
39
39
21
166
139
29.9
29
19
15
19.899999999999999
49
99
119
29
125
139
69
19
179
3
159
109
49
29
28
138
85
59
89
49
9
139
65
13
25
45
99
239
119
29
199
29
45
49
29
7
19.8
99
89
99
5
39
89
25
19
167
99
65
99
19
69
15
55
138
329
19
18
39
29
65
39
19
19
89
9
29
179
69
99
69
25
13
29
75
69
69
79
75
59
45
8
159
39
25
29
19
10
29
79
59
35
49
19
17
129
12
59
19.899999999999999
39
199
29
15
49
25
79
49
59
239
19
29
129
139
18
59
49
99
19
49
25
25
99
29
79
29
59
59
69
49
22
99
39
139
25
69
99
279
39
29
39
139
29
55
62
69
119
35
19
119
32
29.9
229
99
5
195
10
19
19
59
59
59
197
139
45
79
45
35
99
39
55
9
49
19
16
99
19
59
27
98
29
15
79
139
49
35
129
49
99
15
49
35
23
39
33
19
29
35
69
25
19
39
129
29
119
39
88
119
49
49
15
19
39
35
29
59
49
2
35
19
49
239
69
39
29
7
89
88
79
199
59
19
69
59
22
19
125
39
89
189
49
23
88
12
79
718
149
69
49
58
11
59
99
51
19
25
15
59
99
65
49
9
69
29
59
119
69
19
30
15
59
35
76
165
29
59
19
59
69
69
9
119
69
129
29
69
25
99
19
139
28
19
109
45
89
59
2.5
9
119
8
69
89
79
29
29
29
99
500
29
27
59
128
99
99
35
3
39
12
79
25
19
11
19
39
3
39
19
49
15
149
59
29
89
35
55
39
29
13.9
29
16
119
13
39
19
35
29
27
118
59
189
109
9
89
129
49
59
39
69
5
39
49
49
99
75
49.9
139
59
9
19
159
65
199
23
19
21
69
39
45
88
49
29
155
69
39
39
96
79
5
49
29
59
55
79
25
249
148
89
29
39
29
45
19
35
35
99
99
20
29
169
70
59
59
89
29
62
69
55
39
39
69
65
149
19.899999999999999
139
19
3.5
19
29
19
29
69
29
29
15
29
39
29
59
69
15
299
109
15
79
17
168
259
69
19
38
49
89
85
25
39
89
49
11
59
99
10
15
49
79
119
25
129
89
199
9
10
99
99
229
89
15
55
22
99
99
135
219
39
99
29
19
89
99
11
59
49
49
99
35
15
19
55
59
69
4.5
20
11
159
119
39
15
79
19
19
169
33
99
99
49
79
59
35
39
99
59
29
59
29
15
69
139
39
55
119
19
19
29
19
39
6
69
24
239
49
125
99
19
19
13
12
29
146
39
69
39
69
258
49
19
79
89
49
35
39
19
159
69
99
79
19
159
90
99
9
45
59
75
19
49
9
105
29
2.5
30
179
69
25
65
15
12
119
49
29
49
169
29
55
29
39
19.899999999999999
39
19
49
9.9
69
189
59
149
99
79
149
128
69
119
19
45
69
19
29
39
69
19
19
139
39
89
49
149
39
99
39
69
259
89
59
5
11
159
69
25
24.9
85
29
259
29
19
39
19
179
15
29.8
29
129
19
13
79
99
29
46
79
179
179
19
459
25
19
85
299
9
119
75
29
69
19
69
45
109
85
15
59
49
59
15
62
29
59
79
23
39
69
49
19
69
49
69
109
59
299
19
178
89
39
99
99
69
79
339
49
89
39
19
49
259
59
75
19
42
15
45
69
99
29
159
29
59
39
49
299
39
89
29
59
29.9
69
49
29
139
29
29
49
13
49
109
19
49
25
59
15
19
69
99
179
69
19
69
69
95
29
58
159
89
39
35
49
29
29
49
25
119
69
59
11
79
188
99
79
19
89
19
199
69
99
49
39
89
139
76
169
99
59
119
19
49
35
39.9
39
99
49
69
29
29
29
299
69
99
25.7
169
29
15
69
35
69
32
46
59
69
11
79
195
259
8
45
32
49
19
34
145
19
49
129
128
29
15
29
129
79
155
129
39
39
109
239
9
69
5
59
29
69
29
145
21
95
299
9
89
39
65
59
59
39
15
39.9
29
299
39.9
39
29
199
19
79
79
19
59.9
29
45
15
49
129
159
9
15
79
79
99
65
39
89
79
99
129
49
199
119
39
35
69
109
55
25
49
69
15
59
15
9
69
69
99
49
149
59
69
119
75
128
169
59
99
39
69
11
128
99
25
49
99
39
49
29
155
45
19
9
29
29
19
19
228
25
29
13
11.7
29
99
299
79
115
159
25
29
3
49
19
99
99
25
49
19
43
99
22
189
29
199
25
29
55
59
49
5
149
55
29
59
89
29
49
129
55
48
75
49
49
49
109
32
19
79
39
29
109
69
39
25
49
7
19
49
9
55
39
39
139
35
39
89
99
35
29
69
19
29
19
128
19
29
99
15
25
69
99
79
69
29
19
59
29
28
59
199
15
89
19
9
25
12
69
19.899999999999999
19.899999999999999
139
35
59
99
25
49
19
99
99
25
25
89
79
29
19
198
88
59
59
99
79
19
69
25
9
139
79
49
119
15
32
99
19
75
89
55
19
88
129
49
39
59
7
69
49
339
89
35
69
49
499
69
45
49
59
22
49
29
159
169
19
39
49
49
60
131
89
39
69
79
39
129
29
19
139
79
29
59
39
158
149
13
49
79
39
49
89
69
45
129
3
29
199
15
39
19
22
29
199
35
79
18
39
99
99
319
159
19
30
35
79
25
19
125
38
119
11
89
39
49
199
169
69
159
22
79
29
49
75
69
59
29
19
17
29
85
15
49
59
19
99
23
69
79
119
129
85
19
59
49
99
59
19
69
4.5
35
5
29
29
59
39
79
89
30
29.9
69
17
85
19
239
39
29
89
99.9
35
128
29
45
59.9
15
22
49
39
89
17
19
99
129
29.9
59
29
69
155
29
20
29
89
59
35
29
19
39
29
29
39
35
29
29
99
39
11
4.5
3
49
39
29
19.899999999999999
79
79
129
19
108
49
79
69
29
58
55
109
79
39
21
49
18
29
29
45
3
15
59
29
32
129
39
49
89
19.899999999999999
29.9
125
19
98
69
19
11
19
12
99
158
49
1.9
49
59
15
49
9
25
149
25
2.5
69
19
15
19
65
29
79
35
69
19
139
49
19
55
139
89
99
18
75
29
29
49
458
29
17
19
49
89
35
99
185
149
29
99
19
29
119
5
95
69
46
69
169
59
29
19
149
29
199
29
69
59
49.9
69
49
129
39
45
39
39
21
27
59
59.9
99
29
20
125
39
49
19
89
19
129
25
189
59
59
139
39
99
49
28.9
49
69
105
39
69
25
45
49
59
39
49
49
29
39
15
99
49
89
19
25
17
59
99
35
39
29
39
139
129
29
88
169
129
29
22
20
19
69
69
99
69
198
99
15
49
99
75
169
59
139
79
35
99
89
69
19
45
69
5
259
139
29
69
24
29
69
69
39
89
6
199
19
99
69
19
15
89
198
20
15
8.9
129
9
59
39
19
19
19
25
45
69
49
29
59
89
45
29
69
19
23
139
29
39
79
25
45
19
29
49
59
59.9
59
139
47
69
9
89
19
11
239
4.5
39
25
139
79
29
15
129
7
99
17
59
49
69
9
39
49
19
15
39
45
29
148
19
15.9
65
99
199
39
39
6
4
199
79
129
17
11
159
3
6
19
19
29
89
65
35
119
29
29
69
59
29
99
29
195
39
25
59
6
99
69
39
39
29
39
39
159
199
11
15
149
125
45
22
29
19
199
19
17
59
69
175
59
3
89
99
19.899999999999999
109
55
85
19.899999999999999
35
99
12
39
189
89
99
65
55
79
139
25
25
199
69
299
9
159
19
10
135
99
75
158
59.9
29
79
19
89
99
39
29
88
29
65
49
59
30
49
19
59
49
179
5
79
32
69
29
89
59
29
29.9
29
29
15
24
89
29
65
39
49
169
59
25
39
39
39
19
20
39
5
39
25
75
39
25
109
75
59
29
69
46
75
29
79
19
89
139
95
53
69
35
19
99
89
99
99
19
15
15
99
29
39
69
19
49
49
199
99
49
39
89
79
59
69
16
39
59
29
59
11
179
99
29
54
116
79
19
29
188
37
69
49
19
79
49
15
125
32
59
45
59
39
118
29
99
159
99
59
115
39
139
69
