1182075078
2029077667
4000074694
1095091299
3078091073
3155012505
3171078289
9062095371
9103099645
7175050236
2059087759
2131016360
1136079782
7167088298
1198066629
8150029803
8135051231
3041092047
3165032471
2140076447
144096605
5074083073
7168043859
1154020480
7179000434
7017093418
3172092839
1114060245
6154063399
2188061697
5155076386
6175071861
1069080164
4147010029
3161042512
6050090844
1109024528
150019067
186006078
1140012499
7101053424
6091093508
9069073057
1185039228
3022085872
8104046369
2158040122
7155002278
6103077536
8163051056
8148061892
2174028673
9155071886
115033647
4148072049
7167099929
5115026634
3194029795
3165028451
4110037241
9142082662
3102057561
1140074349
8139009425
5142078095
5183016153
1166055857
9032097723
9048091733
7047085645
1115057693
152001550
5157067608
7122035070
9074079255
1195079637
6152027543
4195026016
3177045942
3178005919
2141087912
9112067389
9121037014
8034086245
6127067381
8123058908
7162089026
3118001935
6110047858
174044112
3195020814
131088192
6123016722
6136069470
173044434
8167059863
8195028651
7169062461
5074089812
6122071525
1165099306
130010781
9172046042
6101058621
2125075598
5098091166
6130044664
114040803
163079220
6188087832
7148066284
4137070063
2199014392
7106009565
7101028637
3151051007
184069141
6105042036
6136084837
3176011562
145055352
2179035823
7169063721
8114077567
2041088337
5106043959
6111026015
7114006096
2015099047
3020072894
5147052658
5012079995
9198076479
9021092509
2115061659
173020627
5152068105
7179040242
8059088839
2172077821
4124048731
3117026767
1141051874
5086080406
3054094053
7103017629
9076093131
3058092380
5127005248
9120007438
9139057699
5144075374
6109044637
4081097771
5044094764
35087617
7167093439
1115059432
149062544
4115019921
3168083803
6145054463
5098073996
7116064971
7042093948
2130086224
4193054176
6058088800
1175029591
8145059534
2147016264
9155085274
2162038224
5123009838
4198002066
5191016111
1108068987
8149047094
3070083328
3119051484
8132003363
4064081144
5105045394
6162087538
4199006431
4144081657
3173077509
6169077266
4042086762
8030082926
1124065284
181060609
4056086488
6017089953
153012829
3010072654
6059086256
7133008288
9134053421
9184093720
133023612
8159014601
6043085394
4174058688
7156087534
115087895
154029281
7193080644
5194065794
3195052221
3199017291
6196088571
9034086938
76097206
1157028658
2008092782
1090089480
1182044190
3106047729
8157072356
4131021901
3174060207
7079081657
8169043195
9008088680
4040096013
6036076960
9194003103
3187048982
9129033617
4008070266
4067089451
4102002259
5181081948
163033836
9102072149
19075154
6035099566
131068914
5118061894
7138054833
6187043233
4195060278
3127060249
7124088169
8108046368
4016077081
5028081235
1102080826
9141083301
1043096441
1093093246
4111088555
5190012391
2123086156
3149053504
3150094521
3081098469
1139080573
1167074476
6014099665
4131055780
6107046649
192006954
9148008335
5186069893
5148088036
1007078085
8138083473
2136071060
5177027615
2033079950
9144039354
3124020436
7051094086
199037960
3118077114
6114079790
1096099780
6098087068
1165053973
4110020012
7140009682
9181061461
193074494
1148089985
186002981
3142039086
7097099258
8077080089
7099076084
6122084115
6188015207
1166022798
7036076256
7055098814
9116075008
5183081689
100045727
4091094935
6162080654
167020601
139008571
1074074875
113080633
3131086004
2120068287
7180071171
5061082646
169038378
2169053100
146046625
3128070814
2143005299
7145009609
7061073783
4133007595
3157016418
16081718
6144010868
2141038140
164083623
8048089316
4105026757
4144002368
7136064374
9019081880
2048092029
116057643
7198027856
8059088287
2161037829
9130086987
4092072170
3135043677
4196039401
4103041717
7063094886
8085086005
9099084068
9135004700
8167051944
7036095873
6159073837
3136019238
7134096526
9188048163
47079591
4167033931
6181032039
9181045028
6184072673
4059086180
6028093447
4034088855
1111009202
2120009034
5100060948
1161025974
171017854
1168023532
6019070366
6032094847
145036228
7131032924
5009084789
2183018453
4018071555
8038098330
8122009580
4188091736
3150052191
3104044026
5040082079
110035968
4183076181
5188070627
4034099439
7145027538
6160008179
3120063306
3153072367
4120075894
122082164
1144010575
6175085922
5143001301
3086075973
1165080182
2159048237
2140035430
2048080289
2084096054
8112029934
2100060576
9088089038
5108026566
8134065439
3137036866
4196001107
1139001571
134035119
2137019609
4013091737
4033095189
181061724
189020834
9133045432
4197053657
1111001489
5176000813
6049089368
8077098776
5119093113
2075092573
4166043854
9026098825
2121060981
7140046652
3056099536
6165096507
137081407
6181023408
8165064750
2134005320
8122033056
9057096766
3167050513
7110002303
2173045554
3130012334
1091074094
175011917
5117007328
9010074389
1101062000
9160064380
2149023062
145031399
9113004714
3174075875
5167083319
7133049425
9101020599
5184010608
165038352
1195072869
109098719
7002082894
9137017992
9113004580
2124098334
1125023805
8126001202
7154083295
2119017338
8125063917
3165024068
6143032558
8169022911
4101078833
6177050542
9149074442
6180083387
4173071886
8110090145
6133019154
90081134
6124007994
2037089059
3129067715
6197010466
4109040409
2192065808
7183050734
7003074061
7173005903
1170000133
4196028467
7162086097
6103094119
7123034327
3062087945
1147010980
9160025618
121033286
184027388
5131019296
1110049915
140086585
7098088522
8171062462
7047073490
5129045485
3115085005
4166038734
7164034257
9015088779
134018000
3083093523
4075072486
192083131
5188069428
8159014197
2121057465
7175049732
3158064751
7196051902
3170018622
2035074774
3012073376
9056083136
174049890
7197078427
7062079550
7172076512
5116083324
7185083035
5146023047
5150024912
2188077297
2165033944
7080096284
1008094430
7082070870
5164045581
2117093849
6184068388
4151060206
1165017410
3017079279
7006076057
6197016385
8025084951
8169099528
4002085640
4077072598
7108057038
7179083343
9055092713
2149069591
8099076361
9097092498
2079098468
8199083535
2184026463
9102055272
9036089609
9147002194
3171065392
2176008772
1114071470
3161047862
8188015880
6161036607
3136022843
147002415
8115048846
4138039681
2118047039
8113048558
146048075
8190097814
2164072163
3157099404
7166024460
4119018756
8123029177
1141015764
132082653
2120051360
8176055933
6108071334
3156082589
5101072133
5005088594
6051097834
103045643
3118076253
5098085195
9166080401
9187022977
1193013002
5145049975
5113089028
1191039932
8134027194
8199050535
3196026501
4016094901
5165071296
2188070000
1158034007
3166044637
9181057023
2113000861
8157093533
123088143
1127066469
2185063782
9122039150
6024081828
8121099243
4195016548
190078196
2160058256
7183032889
6124005767
2172056169
105003514
6112004497
6181062318
8052086450
5104086067
5093083720
4117014683
1022098349
6140062624
1047081687
117052602
3164076432
2112028272
1128081218
5014076362
4142008334
5118022470
9125055995
7094612
4138036536
6115028111
6143027275
9063096684
3161047603
1117062240
2031081190
6087250
4155029487
5011076765
6107092111
7100020492
8152066958
7003096942
3091098707
9084099900
4014077362
6142033308
8059095735
4089070084
8164062207
3173083951
4118098015
7184057961
1122004406
158006202
3193093837
9190067683
2072072082
9043096510
4166066375
7117055807
5060098964
6173039019
2114069317
3083086436
7156034844
9109097313
4021092706
114067197
2140012605
8168069947
8135075946
4137059628
6112059364
8163005190
3091074949
6080095379
1033089682
3174091514
9160031856
3153070489
5039097376
6139014684
7140079225
6120050497
6181088055
6073083312
6010090986
2178072283
2194008225
89682
9163052901
2078085636
35079574
2156078571
2104044272
2149076659
8176087961
1158008067
5195055064
8106049988
8185071146
7135089125
7162056864
2117027274
3172061745
2153089909
4189075952
2166035739
8153079161
3100093521
7162021709
1188043450
7127029326
2151002646
4161039206
3102067982
1162015693
4117020630
8147047872
6061070591
8163065017
5169086679
5178051208
1084089735
7192054900
2128011963
9165095902
9101097700
1051090337
8083071068
8179060391
3130047081
3195019212
1147051833
3014093732
119055947
7142012429
5127082078
9030091356
3103062503
9142007876
9111018642
9140046943
1093098001
1159088349
9188022551
141087302
3120013954
104032485
5194018870
9176023541
35092786
4163027842
4052090478
7129091702
169029012
5146008608
7150070943
6176089653
5132077226
5158045583
8048086016
3149022676
187058315
8105071876
1166062806
7123048049
1160033398
8189071681
5132034752
1140002942
7026097024
3160044470
1177005701
6057088428
4180075586
6149096528
4152070217
9152057441
4156022141
2052090651
7053085439
6024089668
8152042541
1180063988
9172053618
4163068466
3119035276
1123008514
145038399
6115085542
3120082564
89090954
2123046667
8074097134
8140054846
3141084035
3039088819
8102029368
9128039454
3107093649
8111035883
3119026228
4070077378
1153024859
1155061125
8168037550
9115016270
5117010923
4101084370
5172078833
8151008093
148017951
2030073977
169044749
4008079856
4139075302
5024078193
2111060283
7158084558
9101023868
4106039246
8176070471
7091075840
7116009418
1141097602
2197011304
2055098427
1116074241
6156079791
8169070287
2148006048
2165011124
4130032963
5153086741
4132031462
8138076115
8198072868
7136032816
8139020049
7192070347
3183045366
8118024040
1181031153
6189034771
7081082849
7174077912
8167019037
3192098200
3184083449
5162032738
3006083739
1044083048
1199022821
9197047428
5181065926
8111087405
9109056548
7141068735
3138094112
6160023076
3134030169
8100012087
187035538
4069081463
5164011428
7169017521
9027087635
5146046155
9119044458
60082018
1156078965
3166023146
92072386
9087094910
5166088614
4115032718
9126000226
115039998
5139083854
9116025911
3178081790
5179048696
9111068317
2040083080
7106010762
9161009393
6042074958
3141077391
7135056530
157073372
1192089291
7139068982
7149081205
6081090785
2137065017
9035094846
9002086787
170053817
5171032896
136072798
8170009724
9042070151
9143052730
9113087987
4065089888
4077094115
9166049204
2121024989
3183047122
2134091243
6016079784
3046083480
6041099626
5136049836
1191062636
154086112
1145067236
6172008292
7198005524
8126043415
6192043812
8106030887
1103018287
7066073158
2068087045
5197016491
3112070036
2173042041
9018090264
4143079811
3173006233
6127059922
70095847
191023422
7184027947
7032093574
3078070554
8027081601
8107040797
3167087142
2199028240
4181069169
2183045477
5197064118
1121061605
2189070740
1194007157
2169069416
9185068569
2137068678
1103038181
6108077963
3101024522
4199054896
9106055743
3193032637
6155051208
8153093911
4112083776
6128082462
8186049275
6199034093
4087081214
8108052586
3118091138
2123072857
1172082887
8139016444
5157017712
1136037790
4107003182
5197018597
6060077154
1151055608
2125038240
3165050149
9161010657
8159069261
9177043622
9168063804
3192049465
2044073864
4097092044
8143071772
5181049110
8119038357
153037233
3043086911
5123070036
3188040150
6190078364
7172024356
3177095535
4074089972
3149060351
134013144
3036082275
6181007026
169014317
8134022525
1147097219
1197050797
174062373
4151094223
2097090470
1165023863
3063096087
5118090707
8196057808
3032080818
2189007446
8031088339
9114032836
8157007239
5024077373
5174042666
5126081453
3169075197
6146080934
7107067836
69086581
7088082942
2168008315
2046084545
9172034765
7078076076
2148065560
9165078105
5166005333
5111012517
9117036459
6043090068
7157006451
6082092205
6131061395
2048075068
7197010272
1191060296
8135043561
5147067772
178015875
6167040165
4167051749
1067084341
3117022986
9167038455
3188074026
9170073906
1022075181
6072097442
4184067021
3131023021
176037805
7103066257
7109082713
4199082464
2105000098
1108012260
7108065388
7187012670
1182007601
8126016698
9100060857
7138062367
5195080432
2076072071
1119016327
8117013360
5180038496
8049070453
92092349
1089077785
7189090032
1105002243
1173066878
8140003163
142029343
6165062148
2109061342
146082452
7183026165
157003266
4005070456
6187085646
5175055268
4196023478
9187044990
5151036896
5035097583
4052094241
3012085108
8140015052
187009704
4168016932
5120051467
1180044083
6175050434
5144085217
5189037481
8160041056
6180039306
2172077643
4055079974
2131080455
6091081801
2161075933
8176015836
2191062551
7150070077
3142083882
1153052147
125064944
2041095483
2052085600
7085091983
3112065445
3125002374
1051086883
4190083036
5159064974
8176017742
7149002602
5157063542
2142061090
8170076858
2022085219
1103000036
7183054410
6147075070
7120004111
9160066327
2003089969
4057077853
179005445
9191057218
3178084057
2140080202
8164089205
6115078292
16095849
9141037276
4188090223
9194040530
8199084202
7062088354
3107049883
3015076790
6027088630
127006174
9070095452
6054089306
6150022187
9017084453
3006097998
9131011391
7158002607
4198038346
9159029235
9034083284
9028099912
8140065275
7101077088
3055080083
6146072456
98084120
9130064294
3066075381
2068098222
72098484
5102097733
1149025358
16071664
171016076
1134048505
7152012772
1173079905
8180062749
5037085067
5041098331
7198088077
6056084338
100020258
6103012238
1108049165
4084085034
5137050584
5178001768
9035081848
148040367
1164086843
2151068176
4010087115
1108024685
146028337
162077061
9172074007
4139021733
187071234
8127096215
5162052335
6071094658
3113079059
6106025759
3181031169
3182084567
6112037172
7171016669
151067454
2184024847
4144035966
6129036643
4070087324
8128025171
7139056871
1085330
1178038180
4163005437
5170088020
7109030445
3142049423
1021096642
6146096833
1160072606
124024688
106043464
7172087210
9127057532
6149060191
7109093445
7097088705
6064088802
185010128
3155084525
1043092689
1103008713
1190036450
4171000811
6180015646
3125046751
8098078966
7149041201
9129031361
8191058303
5178030595
3150075056
3189006604
115032611
6167060128
8109078171
8100091120
2138095242
152035526
120073209
9162014712
4188028875
6162089079
5189038407
121007966
9028082181
7101036459
156034985
1174008011
6038089363
3173035534
3173025299
9177052166
7192025856
96073866
9150030667
8134053118
3198003914
1120064032
2080090267
4114085183
9153060967
1086083589
6166077690
7123015712
5122058589
9194098006
5130071615
8131087488
9050089649
4162048690
8198069151
6039081942
2131041412
1141088490
4160072487
127030429
8078074387
108039485
8171047543
5123003754
3104028190
3044084258
120015161
7012096547
111097224
5153077798
70075582
5101019629
4008095148
1186085276
9183023690
7037095071
3176072954
9123082911
4012094111
2193029129
7140033750
4169086059
1114029234
142005177
7164034778
1044085803
8065084368
7195081022
101018563
9128017961
3045080289
5121093910
5185031898
9167090508
2153030016
3128073369
7186081233
1114030159
2057072658
8175035159
7116084530
3159048261
4074080131
1120087390
3025099842
1120059224
114095827
1124097333
9160087392
1107086444
5087073296
8147062529
3126078964
2100011291
5085099057
6098097904
9151002665
161010001
9195082046
7180074729
1130094433
1157060998
4163007663
5146082636
1180025828
8138044765
2046083424
2081080587
7175081889
4164068791
5163088334
3122046555
6125017758
1111037807
6107091127
8146023499
5184087494
2142090124
3173027994
193081595
6193024436
5197035915
3114046439
7190005619
128011456
5181054153
2158053564
3157066891
9149060268
3135041189
2166047186
2186032365
3135088171
3025081675
5025098075
7024085591
9118046108
173079290
1168017768
6037072178
8042089026
2193074782
4127015188
2083089816
3129032852
2147025925
4051084919
2125043564
5064075997
9158049254
3085095577
2064097456
4154077326
9149080756
9168048754
7171091618
5151069772
8174003930
7134053979
5064091778
97095253
9119050402
9105038905
144023787
9142064395
1000090825
1109010501
9148016380
7051076573
8148020409
5164045948
5082084542
5093080720
3027092068
9184084401
9129017250
3107043516
8133081203
5163073053
3165044145
4117001876
1010095780
5189086513
9119058658
7165026288
6130057562
5137033386
3163030215
1129078203
8135006426
7109079130
8047070355
2197083001
8175039576
3198089096
3102069504
2172043475
5021072770
96514
9134064973
7123027470
7189085904
9076088072
5153038578
8117056437
8115078953
5117081874
7157073113
4036077680
7122040783
2123086999
9191062273
6065098713
6150087235
3103045392
4181076475
2112051861
5172060308
9144066898
9197078431
3173076305
5137024459
4130045584
7196021845
6003074572
4138076416
2197029768
6097089307
2087098574
1133087395
104034151
1154086744
2046096830
2164026545
8088078882
6144004985
3100024340
7145028982
8171089245
1103017785
4080083524
8182049992
9160053997
1159015671
5122014280
4183015692
8148020404
7189000234
107058634
39094061
2095085451
132002687
6120092007
160037805
6012088366
4112030516
1068093837
8008086465
2176045778
6197087661
7162049840
8121024567
4106046183
3084323
3044083419
2009083202
8183041204
2188056744
9199043994
1162056295
5153045216
9085078758
4060086598
9168012683
5062077281
126092321
1184039519
137084096
2117009563
1120032301
6164004732
3194044999
2102077328
1152005544
4177078072
5171065640
8140012776
2041070954
153055995
4175020587
2180018180
5070080250
3049092184
5085086790
8174055242
6102078182
1078093286
1127099737
1165008906
8159039593
8142000773
2190062200
6176031858
8162024612
6155052406
199079620
7111009115
2169071295
6143065898
4158046131
5105093542
6039091509
5073080035
2160008143
8126052451
197050469
5165073101
3039075459
4138002978
1087090901
4102045863
8192005732
2135020052
9143057251
5073081330
1146091602
9128081413
2181037209
1021079057
119038637
8079087814
83091141
1176054170
7152067257
9141051025
3036072876
159059736
6157002695
4114065372
5107017963
5160050144
8111048438
1131053359
127044517
2088077787
8167062225
6146030865
1168084679
5146057208
9134092406
141069056
4165085937
7143043217
27082465
2168054266
7107048022
7158063134
7152083637
2140022787
5090093240
5136024906
5034096006
7010089080
3052084846
3103099526
8071091931
6132075195
5169090206
6163085822
1090092481
5035085856
7190075428
9076093266
9127072810
7033093210
5092091147
4184058926
54083685
7189089141
6177033755
7153053520
5145098707
6136089494
7036080650
4030076985
1182072792
6057094805
61082261
1193067797
9126044416
9113020726
7135020909
4139013274
1157021330
6119078883
1080981
2023087894
2175064004
4101027034
1182077583
8174078666
6107019876
6102046005
8179014319
1132092832
2100081627
3120064971
6195089924
9190002102
7131020516
7128013886
1174084737
3175047703
6193031060
5197063033
5189078811
5101055270
3123060969
2046090577
7169005122
5083097622
6104027709
4147038006
133068294
2144080764
5144095233
3130046479
7099086816
6020099546
5007082604
5093081389
9053083249
5181039490
5133044136
2174037050
1167022305
6135033927
9134009045
3091095465
9174036592
5197088560
144065591
6085087666
9057084663
8179078379
2082072464
1184074702
1176019183
7164020299
8105047744
2075084386
3154023767
2096088058
4073097387
1187030115
6139051860
6125086331
5105078703
142064607
152085946
6106062142
1169012619
4123084063
7152060221
9051081562
9114043549
100075863
110003878
1181074116
1064095367
5127050564
5075093992
176044261
5189026889
2140062481
4123028327
7176008583
7106071100
4177013505
3160076478
7191034667
1183086240
99083097
2048091455
1032088493
6029076588
7108027214
2110067893
9114069236
5150021998
8023075954
4044077487
6130051396
51096332
5100090716
108074967
6153052945
3197035891
5174051374
3162032573
3102073911
109083571
2029087117
2119034404
5188095621
6166063843
7133072588
1118057979
7132010828
1099098900
3171013722
2185096029
8151038774
5193001426
74096703
1084082641
2184092637
4135068201
4100062269
8018089341
1092070473
2076095416
5147087445
4118003546
5127068898
7018085784
1168004022
6097074950
8118052971
3054083023
4128045530
5124076254
1182078700
6115006030
4187076750
4136079251
2129045943
9134029818
5179088899
9028079359
1064096309
8143088273
7058083268
5008097671
2100021664
164043286
8196089334
2017084166
121008326
3102088997
2183073020
5133083430
2137045626
2133078533
5191080538
1184065796
4133066459
5136019312
2115077120
3137067459
5143079246
3012091379
183061999
2073072352
3149074079
4199051810
35093659
9183041020
106061441
8134029898
4168028450
117022450
3131066122
3044087288
2131083667
1181073649
1133089754
6097096313
7142076077
9130073959
163068651
130076221
4155049578
6092083174
1147053961
6189080197
1186060046
5105044438
171099606
3128069542
7173055478
136071595
8119019381
3171072671
1117082760
5192018285
2185042037
2129048272
8192052271
8189054823
7109089529
4169052043
1198042542
9114095844
1151074699
4135093229
4192095800
1141040664
7090086588
6068075288
8167060822
4097092445
7141083595
9125088391
6118097033
7081081881
6074091366
2020089765
9135093802
3155063658
4126030769
4163023944
7157004893
7151079295
8152082289
2121068724
2129023688
9140032406
9120065262
9192041696
6077096374
5176040906
7161057302
1125069999
117080592
4152001861
191082552
9117030510
1000093673
44096747
2127081630
5187074873
4108023704
1128013066
5170015572
9103005678
8123061132
198000670
6109012881
2105041891
8061098195
8139013272
9081095651
1116002967
9132031218
5112053435
9102020842
7181079999
1103053555
8062077577
3198084552
4160064100
16087393
1149067851
3181034049
8008083466
8153019795
8071082197
4158003701
6194017898
3168005257
8114029179
1108044894
5107074296
2193048034
6122041840
5027078154
7078092605
3133011181
7146012747
8181029979
7168027091
189054470
4101039239
2174033050
7102022236
105073788
6115033672
8061074184
2165077201
6102059684
4113061961
2036092287
3171069772
1190047344
15084224
6033087714
6184048001
4101089039
1144061886
7086089533
5190085865
2061096006
9164085440
9165007973
5133083776
7064091978
8178044916
4180044908
8149062543
7033082364
3143083572
4067098362
2003080375
6155051452
2118068682
3188055344
6140051712
3059096940
137084187
8182021290
6149023119
1171051128
4194087334
19095224
8038085111
7163018650
2149006734
2144042547
8138080814
6123082451
7194082430
1041070353
9139055588
6110045758
9107025736
7113099338
6081080512
7129024902
5113045742
6160060328
7193022748
2142093411
7136052581
8104002808
1166098406
5138009887
158036200
9132006496
7112085900
5182017026
6054091037
2174088943
7194052604
1151026374
1167005947
9118072637
4163065458
8163013815
4190079291
2191003830
8133017750
8181009383
8154095722
8160062060
7117084757
3142041230
9103045384
2135043478
1162081961
6078085700
8134067566
6198069115
1033093220
5157089092
3018082770
2127048613
7070096335
3189023292
7108084397
2109022735
7161004294
8147083884
5189063047
3119010786
9177065390
6164062468
2004081483
3132058896
4182012873
4102074173
6183084647
4158056931
8144097224
1122028937
8168050785
6119085967
3181098634
3146097006
3197010539
133018477
2153083519
8110003173
5107035240
1003085771
8132060097
3137053312
190060482
5023090024
198050873
7063091396
3186001454
4032081437
168031627
9190044352
7175036528
4181060152
4120023390
8034099928
1155010762
3173070933
7196087104
5188033992
3148085103
1178083503
7139071742
5133082715
2177093823
8171070552
20085730
5159023571
3087081940
5142089571
2138074505
5146043395
5093082926
7122037101
7082077156
2119007605
5188061252
9169086341
181041376
7019089957
4151079320
9124093300
147051601
2109033313
108032890
1096072753
4131074873
9099078946
8010096410
9122080016
9136028805
1060097387
8147057157
6111019897
5185061488
6039097467
5154017114
2025096704
31077873
6145076619
9125023122
2015073488
7063072459
1019095957
163025508
5141099511
1124021667
9192082514
7176030289
5160052173
7137015175
7119010496
5149061349
4144093105
2196093112
8144044504
1139009044
5125007140
6118043600
4139002626
6074076
8117048989
8154053408
2151079844
3112094622
4134069325
4115042306
7151000913
6101053522
2050071384
4168027763
1187090725
6168006435
8137031940
9117050529
7166051825
2109096749
2124004264
8140070691
3170086645
8163084777
7170030473
4101076802
7071095824
183064043
2174057416
7164085240
5114046729
4141019762
7106023217
5153041179
4128094340
5053078254
4044089826
9113049713
8152074492
5187087670
3120083808
1146074081
1189040069
2068098937
128062577
153077761
23081583
6138095237
7100008219
1183032538
5132052035
7049081391
182041672
2160045521
4019080907
2104079402
5190015688
3082083867
1186052127
7129022566
7199025956
2131087959
4148084901
4129023255
4138062205
8101030787
1111003279
4195076875
197066760
1148043711
3106020394
1039096239
175054228
7186064924
4197038021
3136052761
3044088581
6084096790
1156085663
1178071877
167081069
6161044963
2196012030
9165077044
2055098553
162064605
8182007448
2131019461
9044075356
8177023157
7198059198
9120088823
7139017084
2073092905
8196006061
1119088494
1161086858
6144009410
5168060595
7108062262
6199020935
1129051321
1187022165
1038095244
4107054174
8096085046
101083354
4107037466
6145069563
2165061189
1065099205
5199083342
9131088387
139018710
3035092332
9132031931
7175017092
4127082650
9141084564
7122027175
8173020693
8081086055
8110026552
8117029833
3067087268
9199018609
5171072075
6055094348
6162014143
8126034531
2192003930
1140016906
9119011266
5098084897
7141000893
9114048921
59088340
1172064119
3197055023
3158062230
3138063651
6161075218
164016677
3069099769
165026165
8167028098
9128068759
4199078426
5106017757
5001099773
5163073999
7159023827
7107069475
4099074842
5154023967
5195096928
2081090713
7112081107
3152034969
8160041944
6019087823
1154021024
5121026846
9085083204
4112073384
6196043713
3062077461
3095080263
4063088500
1008072665
2110047320
6102073818
113079285
8104070852
5196076369
4195063524
4076087121
3170024620
1157050558
2155005566
148006623
8034092629
7043096878
9199084979
3144035112
1176022158
6077091619
122097643
8043095165
3122038104
4124075617
4101084955
1115056989
4131024260
5118057805
3056078859
3163077874
8048094773
7172022096
6117019858
4139094804
张璐璐
24094110
9136073879
1022095275
5165087667
7098086783
2198046748
3025074173
8146070127
6142015337
6103061159
4181062704
138018505
167013735
7172001874
6112058718
9101033427
4164038902
2185006304
5057083970
7164017643
8018088625
1186089539
3105015448
9021095022
8132045270
5114048861
9194057054
4119023393
5131084269
9190032759
4053097319
2135015474
5054076477
6004095713
186047780
7102026856
6182060005
5104067302
2085079451
7133083847
6113038315
3134002714
85080131
6113055471
3158035952
122096243
3001098134
1103074284
2162013416
126009920
5169080109
8071089109
6126001561
7108028471
9117010632
5185074771
3120081635
7102099548
8139034019
7006099790
18082758
9113037498
5199050296
1107085637
8132007103
176096036
6192048020
8181079756
2019091732
5136036096
3003077997
2134061681
107047292
5126094632
7006099923
3188013466
3019082035
6147009488
8122033843
8022092903
3172051556
3146065090
7123050586
16096367
1149042854
8139054189
6197065794
1116023361
1118067607
4148059794
7129052591
6181065545
9177086534
5106015197
7040091509
3152085501
3063098983
4174085092
6174034525
3020096087
3051076750
1152007032
2131070037
9136058709
4017073152
8143008057
5155031231
3170046036
3127030425
152000915
7137061015
8103022034
2163011587
2127038544
9165035120
6187051125
8182074082
5124006014
5025090545
18081219
1126088816
168078419
6126031284
2118030056
9115055373
8148003482
9150009514
9174001881
101096514
6129004836
3151011798
8140043317
8109028377
4044092317
4029081521
4044088002
7186098824
8028083031
9101095624
7185079719
6145029668
2036081677
8181080929
183027783
8181034505
7175003757
5119070386
7193042008
7034096739
7085098829
5175048967
8147054423
4145047668
6007071355
2172002193
1115026579
4188013009
1115056837
5121025231
7173016901
2178099639
4080074662
6128058608
8126025847
7108021636
8050098259
8159019959
6118055707
7112054633
4109007767
6121068864
3099083045
2196059756
8130071960
3112019241
8092077065
4150059927
4029099361
142048963
2106017768
6022083840
6039086155
3113004197
4152043742
4137050349
3122052965
169075253
8155095736
3103008974
5065095552
9042082825
5124035103
6078097057
9164044105
2067082270
1153063750
8111055035
6091073794
7190047274
8192032037
2110049605
1163068032
1113007706
164013598
4124004819
4111022278
1102019766
4108008628
4116061642
4089085322
7076099337
4077099242
9095093416
4176022156
2110089038
4122055313
3044074271
1055083470
8100078996
4109016650
5165032800
4109060189
9116019515
2184044315
7170061696
1148022082
6143028294
1150098325
9163064036
7169016381
8004074356
168089976
4122040019
184004841
4175046908
5128020280
5187024107
9125002321
177094904
8116007468
3140007683
2044090635
4194060833
9098092690
1194081147
2143040344
9131040744
1016085485
5146030847
4047094149
7129042762
8111004283
2136032619
9160051869
4141038881
5016081699
5151021949
3183046116
7009081143
162087449
104088669
2101048494
143018041
4158062161
3141045554
4194042295
5198007629
130061926
2154056419
7139066113
3013083820
1139076126
8104072814
4146087107
5138031174
45072061
2136078538
5158009445
5029086273
2178044592
4136005732
7128022195
3107092524
7130037565
2190014469
9143064167
9004097650
6112027116
6026073658
4017084196
5033097526
4110084887
8137088874
8024096868
7003094732
4010085108
6135065025
2105079187
3057075586
8138033479
141072178
8140073703
6067095288
8166059489
154031776
5103000282
6108055089
7118087238
141061990
5110081857
7134039027
9033094333
7147042769
106048601
7185066223
103007181
9157043229
1144051388
6039098164
5185081746
1029094887
1136008865
6191067301
5177061598
124067411
9176011979
2139006221
197064482
6172056313
132032481
8074093711
2112081815
2110069885
9110045321
6194065897
4155059223
6161014981
6137001573
8189061180
3176027651
3184088879
6097077478
2104073103
2052073578
9088080226
2045074053
5043093691
2191048043
1163077392
5148031526
6107006830
7130024694
1064094885
1193049558
9063080131
9179037974
6120037042
105044944
9179016108
162071445
9011092624
113075375
7148079630
190005757
8101076985
3151049145
4110067814
6137080188
9116080618
4115006609
5156067635
1152095832
3155050729
9125000313
5115001681
6189037722
3094096587
4188039452
8115038599
5119030370
3036085245
4189034987
7137007794
1109031515
9074092716
2184021720
5086071962
1178043727
5095078657
8164080264
1152025589
185083925
7115041862
3104093537
1135090511
8188042989
8145044837
5084096284
4115068807
9155057348
4142093205
6149002984
3166076226
8192059820
9149007277
2143084520
198020066
145022780
2134045791
8140046572
5127006106
127062039
6170002225
7112033514
9199078559
1187060955
2181065666
5150022655
9126010586
3124033127
3149085064
2135075888
5179013394
6078087327
2112024136
8112035732
7014083675
2164007065
8172044203
2183068467
72084558
3115022008
7142058904
160071782
8111027901
2153025922
7178038128
8107023412
2102070801
4118042634
3169075957
5128024396
1197034699
3122056531
2150031548
161031972
5058091142
3100085135
9105097621
2090072161
3050099715
2108040249
6164023464
5102009057
8146005232
5137027044
3071080163
2078086977
6188016525
3136072599
9109083901
1199085760
6118065513
5112065147
2143031762
2133039122
160034131
7189002494
1098078441
4155099233
3147016649
4145010208
9045097385
1177012559
6039075587
9190096926
8120067193
4096083733
7159046941
2081095678
7145082000
7107002931
6017077283
3094083388
5101016784
59089181
6135065468
9191079496
7126053110
7138055355
9030089988
8135011642
7111049780
183042783
1102059037
4106077349
2105075811
1143036349
3126012075
5180061895
4135008884
8029072975
2170052561
1161056992
5105044364
2195067185
2152016934
6125010825
5134077674
1141037116
3179003311
6136064148
1188014358
5115049211
7085070297
8126098519
5141040294
3177074835
3100002509
4160074933
5084092982
1162067134
6118046344
2091099216
1149039781
5103029095
4179083102
3078097501
6108093239
4070092229
9140005873
1181033666
5045088210
6102046694
4188099336
6145058691
5169067509
4108025834
8166070601
6007079661
3108089356
3129050001
9146015113
5141041148
4001092851
8177046357
5140074006
2076070268
1160063296
8157032264
5178025989
3105072434
6104004088
6125026820
9190063622
1131021623
3009098176
3137065725
4185088091
4012080006
4004075451
6124005635
5050088518
1194081531
3192056128
3069081458
1113024529
8059094452
9146022947
4041095071
1148046905
25091779
4077096475
106005993
3181065815
6114049315
7136068545
8177018766
4195006053
7130077108
8177015675
3012080030
4178055121
1166082438
8122021715
4160069965
5147095239
128017869
1095519
149024039
7110032395
2009098572
2164022234
6150015059
2184083626
8085075254
3059070481
9058082241
6136062696
32094479
2173065336
6193067197
3113097331
5137001989
7179015248
1191055228
6142016487
9198041119
107078510
4186080788
160020121
4157077511
4049098626
3150078630
8119071120
1119048066
162042114
1113078412
6045098225
7150014712
8124049028
5158074319
3113069134
9155086893
5098087709
3193063573
2024097612
8014082766
3191072854
3183082567
8151000986
5141041464
7104013179
9053073879
6063093037
1137064655
6184088982
6196063529
157045248
5169067283
1145036970
111079610
2156071322
7126048222
6139032746
7081093808
6172085170
4083086912
5173044901
7058092862
4117010982
2139022419
3151049810
9136083468
9079072474
8162099010
5169053251
3138087671
3133061628
1117067251
3106044896
7155098820
6144034187
1165028631
2102095413
6113006394
2160071044
2184066285
182055404
6174080253
1193084027
2184053704
177035032
7117051094
6147036725
9020079787
8174011665
3151013428
5170011518
1130075707
8075095420
5135073167
7098089395
1163086324
6051087136
4119034430
5132061669
1106039687
3131070576
7151079147
3110061160
1111001623
8184001000
7188021299
4159070187
6148043727
9055096746
7046083158
6136073730
8136047142
6148098018
6141061386
5059084847
4183081682
4192035647
1166020733
9025096872
174041142
8147015564
6138084484
2136008169
1137053617
6161064841
1137037524
4010087860
3123076306
6127066703
3189037948
5126002557
7072089625
2051096418
8092084787
2190073320
3109093847
4116028744
103099737
6184006117
8197045922
4147038355
2134093427
72080478
6175089074
1100048547
6160029179
3158088146
9093078646
2176024915
6167008303
6164016846
4139021385
1135057372
3143078568
1191058151
5195051860
4050083274
4113058112
1120048742
5186008499
3120008177
91096914
6129044113
6117030109
110038797
6005080862
6177008583
6116018997
8124011711
2168023856
1071094765
3133081440
3106079382
2103010657
127066330
7137087294
6111028485
4150097307
6182086514
1123067949
1124052207
2163038740
2127083141
4105023066
8038092182
1130048963
6168053247
6197000979
6074082393
5195013750
1137038991
6077090250
2085082804
6127079512
7167027414
9075097185
6116070635
6076092999
9177057299
8185041200
8185082018
8115064922
3106055264
159061492
4169096526
7017070050
8162043240
1139073363
1182002981
1122035501
4117015500
1160044301
7171012141
9071089611
145098127
1074099057
7121072414
6120095016
4184007703
7165037303
5008090532
9177066492
161046242
8106021474
8111079194
8029075474
9126086403
5180009092
9136030739
2109003325
5106046879
2150078712
2118027870
8197034398
4124034520
7154001040
2198051460
8121043144
7174088314
3152076739
3122037818
7182078279
4181033649
8197075076
5155009224
8136088792
8189088868
6023089148
9139049300
2104046867
8106008875
6148032662
3142069823
9037099157
6044081686
6142070583
3108019324
5187012752
4150071161
78098154
4150082164
6154079258
4186072157
5078075862
4176037338
7178076694
7139068897
8172033722
2174066660
3098085799
107016432
1124042966
5134049219
9083072765
8096093705
2179018764
7084079486
5194038862
114026266
6087093114
4102041509
7193099513
4041097318
7131089498
2119027280
4060084196
8123056474
5173086987
9180088931
4190096738
9196042110
2173089900
7148038231
3116044468
5153065207
3192024813
1174074552
1153062732
6133076417
1177027416
4170026138
8184070517
3142023231
146082550
1121021474
3013071157
8136001483
9010081472
9189046942
5142096412
5198060091
3173071372
120011096
119017321
2120059897
8079082660
7127002886
9146052151
7138008958
9082076884
8191069183
2140086246
6103041911
7109023246
1150022879
9128078190
9123064518
142018991
4182052647
8133052659
9188077928
2153069601
8106027037
1031086869
4110068941
167045368
5042082258
155041991
3114089083
104028954
3121033500
1154026676
2196007889
6124020405
163075798
7173036373
3147012849
169088378
9189023058
3175051229
7125002805
4108033926
7162053189
4118083982
2026094271
180006728
3051097718
7127035850
8113074093
5144044780
36093826
1116080673
2196031300
2049087310
123010074
1018090968
8001095331
8123071830
4153064112
2058099574
2177023281
1136013846
8191050463
163015244
9043098803
9110046066
4189088292
1088086292
7175004130
4109074108
1173096720
8119044384
5143038175
7110099535
6071084620
4122019575
8090087284
5112038723
9172073501
3049073090
3198009408
1137040478
183059945
1147033246
6116082663
158051474
4130021463
5148049665
8125024744
2114076984
5169062400
1074082965
8152019862
2086158
7166025746
9171065423
5141074497
1142042704
1121060155
9104080970
5104013288
2173028145
7134097049
5176034262
5123067451
8157030279
7013083497
140072161
8194088613
6176061818
7126036812
4141081305
1139026200
55092507
9166010847
2000086921
9134084519
5021079275
8120088777
5101049468
4162062890
1179050988
2198027143
2132091104
8129054661
3101042363
5017079085
5036070080
3196077514
6185031896
1125075547
4102073303
8176020326
7176043325
7037086602
9187068029
3173057335
2139000623
1137032223
4127072428
7105065212
7194041933
6118082561
6146083870
3118041223
2075085169
6154054978
3145003012
7125034391
6141039661
6055082105
2104047661
2134063797
5172081870
1156004785
2146020137
4194023899
4030095178
1168009701
9147062056
4165035331
8149084691
5183047751
6179011841
1197034587
1188094613
8127008637
7177079739
7044076775
8199092127
2172040608
8160083379
9189026684
7114046796
5129034773
1022085765
7115097314
6156022235
7019094406
1078094482
1193063822
4133085740
6188067578
1190075160
5190008481
181041404
1156045472
170078144
7171090133
8167007776
8142087106
4191018701
9113039059
7111043326
3111053766
6019090541
136045151
8145017733
2079075566
8132091028
9162086698
4184053766
7049074853
2130030048
5135001535
7065070083
5010084819
17085869
4116086997
1074075984
5060089243
89095017
5020084545
25088549
7121016207
2126073262
1177051377
1184004178
9071098794
5152037992
3096084683
7169022809
1079094712
9073080410
5185082678
168088872
4137047795
8194024372
3032077754
4171021811
2170023619
9068094501
1018087679
6157007056
5079083077
9163088604
7106017866
5007086587
3185016367
189072611
3177089894
9115060373
8192017194
6186002044
4114059706
7108026453
2139085890
158065217
7185088621
1109060930
2171000700
141048144
9128035533
1136083129
6130089211
6131035416
5095095617
123065015
3180012789
138096535
6177023934
8164068065
6159062508
186076665
148010324
3199078070
2116074158
6152021203
4119044401
6184020039
56087457
6123039847
9194034718
5188088668
147023970
7106023401
8135040078
2180073995
1072099892
5120039748
6003091947
5074083214
2126024432
1074087912
80097819
1129014868
3121010575
130043052
4106020744
3051084087
3106038158
5145078435
7142071682
9038086539
2187084556
9128006999
5191018682
8068094136
9140030700
141015170
6043093861
7181078206
8130013334
9115094315
4171071021
9177082671
1102057873
4054078699
5134005832
1173012973
5043093224
8088080783
4126023994
2122093544
3012080407
6101083667
8037070752
139071707
7160065293
7160023688
5189010873
2118039471
8019084725
2142012032
3148083910
1123056516
8184045813
9130030377
6191009857
8157040574
5118094531
5167010380
2164076625
6150044543
7049094979
5054074295
4189074299
1038092271
6129024234
1012087829
9126026447
7113024520
5110013846
7133062663
3070076095
9170068352
129049991
2017089220
8109045750
7164041279
9110087836
5108000720
7036080547
4105012410
8199052216
4143076431
5178056954
2114067870
2172052341
7047099430
1111026928
4167011289
7154050787
2091080407
132076822
1022084535
7128081126
1188087079
7149088185
5111073187
3051096930
2032099535
7092080752
3187065064
4155042042
7124035227
190069795
2102025339
3058081077
2169080551
2163048435
4180039162
5118078486
3189026578
141065819
3047097709
8181036573
4100077861
7195071988
1183019682
2179071683
140071330
9153019548
3050075783
100010004
5102072809
9183067295
8021090833
1140058923
5144054727
109040064
9149068619
8154000378
5191073796
7187067804
9193022903
7142049603
1104047217
3128049055
5088081404
2181063721
3121073280
8108051398
7031088403
8135065289
9176003821
6149002539
150010308
4103008372
6150058801
6090083301
31085870
1111016552
9169083700
62080361
4134008470
4194054237
2105068460
4199056346
7137087246
9135005142
103082338
9177000408
8146082210
6169033708
2175058056
2190060564
5141065493
2052073572
6139072133
193034069
9108085986
4104077872
8111086118
9162053922
115068249
9185052790
123075498
2028099690
9118069963
8176079655
3187070050
1129063639
4140058382
2166021596
9102018479
1178049161
2158031401
3148013829
5125058851
6179084662
7110057600
7140074786
9091083058
8091094247
6138093722
9151069825
4111052790
3107067942
5103018717
3132075232
7134028427
2121052988
6060079354
7107054170
6108035351
5155037241
112019276
2119067418
3175041731
8147021915
6169000380
8020075856
2022090214
4117006682
6059077552
2178037646
1145099608
4176062597
9056091708
175067623
7169038202
181025532
2151096323
2013098999
6127097507
9131087087
8140066722
2146052732
1170023501
3120023357
9061096332
5129041020
1098078162
7159056840
9175065641
6112028649
5151089468
7070097055
8116080019
7137031731
7139019908
9188047382
137098738
2180029613
4188070035
4151045854
3134005706
6158071845
1111093341
4117041463
4086073688
7193037682
3197048143
5185022896
7007081407
7039070480
123034200
9058084164
1120034059
2164047850
5147000741
1069089010
7170028034
2173090303
5119007613
183076498
9112030653
6028083428
4176032948
8139035312
9165035285
1020088857
2129004547
2111000196
179044748
1140054625
4088075495
9114035980
4124074123
5012072098
8025081264
3174044098
4160093218
196072263
9163058111
6112084190
7153091211
6102028862
4009096829
2117030259
9182078140
8142036420
2154008385
8184036849
7189016834
5096090046
9154011606
3178070300
7179095128
9124068031
6149045845
5124098206
4140089901
7127033880
9041088269
6114073679
5018086336
5179070148
5110081730
7043070183
2106017282
9125060144
3134008145
167071846
3035086586
7126077671
4185089937
8145034281
1145082986
1151073552
9109045734
7174013651
1195081143
7146006767
1145055965
154020953
1139011382
9186002347
3135059587
7177036393
3196005066
9185085372
5172027657
3104053954
6161067616
3185043257
44086438
7120020044
6142040316
2027085731
7130084021
9001091944
5019075560
6174059122
6155062352
3187010912
2045081679
3119006231
2136063617
9128076813
6056090602
1134061393
6167089694
2112073507
1151076864
6182020401
6190080290
157019748
7086064
7030089375
7113045287
1113057594
2144041946
2002077455
2132002903
5056098940
5129019598
8130044158
7171052078
6122031216
4070088185
6196020750
4021087271
8138080206
8161028555
4138072100
1146039554
7142044831
4027075754
8191052068
8015077263
3014092201
8124040032
1105049244
199034760
6103057492
5102046461
1093098264
3003080584
2188081719
56093314
8139015815
30076276
3156036322
9109062645
4067081894
2142072738
1118001316
192084963
6147080932
1199069979
9112076932
76089624
3149068517
6101078119
2138032556
1182072335
3167064079
9155080474
3134017335
8124036014
7065070586
190021525
6126041999
7151048466
8053085852
1198068574
2017084506
32082670
3181085153
4094071871
30089559
6145010697
3111025312
4115008772
1155081788
7021075257
3109050166
8180010961
4006081142
7155029896
1190013675
4155039024
98097426
5111024500
106008464
5143047177
5190001851
76093060
8045089619
9111037391
3191089648
183071451
8171050017
2197047576
147038302
137071528
6104040589
1192025376
1189048560
1027088588
9034093080
4132015946
5156049333
5152003235
140051247
130040551
1069098233
8052080169
63071873
2172020698
4156081307
2152042110
2026080638
175054029
2199047505
122043458
1158095003
7198090701
167004533
3173050242
8146085186
3108085113
1125062973
7166033273
175004183
6013092338
6096093330
4143006399
3103045785
4162065713
4100096626
5007086503
7035072184
3136062451
7037097998
9140080212
6114002113
4102079792
7142069310
8183063083
8022092360
3064097005
4142024569
151064375
3164075768
3176023534
4155009919
7067083170
3128048280
1135087732
9173043761
3132076529
3002080156
6030095696
8183084636
4140023425
8119051228
5177055293
7120050597
9112099237
9145077827
9056093432
6172037391
8125027305
9045070852
175085285
8106054762
9063083072
4126086965
4182029158
9113042628
183061628
8120082121
8017087640
1162086969
4169046521
7180010855
7155078311
5074079772
6019095858
6092090616
101028991
4138093019
3155080287
1162027125
6174034942
7091096760
3181097605
4053094595
2193012050
9144082402
155089972
2148051126
7176066439
112011747
4087090272
9124066024
6185018765
3144067025
199001365
2178047266
9146032290
9191080457
5176055321
2149008520
6141025456
117052240
4166064791
9039080854
7163006453
1151031858
4069085059
7140049239
9004083239
9019098162
5089099384
1019090254
4189082702
5089072999
5117043574
9131037696
5135079192
8179007230
2025082085
4183052665
5060083385
137029665
8157040786
3102059366
9195026723
7170031890
9128084601
8018098334
3168025051
7155037237
8127047653
188014583
47099879
2126064044
5108000657
7073090786
8023096632
9067081928
9191050024
2110047549
8165020200
6078087472
2028083279
7185062015
7108091127
177044945
8101034606
5159083068
8158044903
5112071341
3089075559
5167076062
1122008756
5138064723
5111045416
86096914
6038094981
1142009592
5145068156
1013094219
5072084156
2129037653
8081099487
3009080416
2185015904
2139014857
1010096307
122076046
7056087952
5116059548
9100074224
7128022283
9179027626
9164071093
5101070641
7150063547
5162083728
1118098640
2170095814
4105023811
1112031043
2134005979
2139076671
6164023398
6167075910
9141020663
7169017192
84083569
7107003495
8096078171
4191027392
5093081276
7195014165
1123065279
2174086482
9020091396
8110085914
1125078075
5131087259
2158021117
4028075092
2156084597
150053829
3164060920
7182023568
4173033661
7053089370
2182008411
182037358
5152060202
6160050766
3010071059
1171075489
3141084450
9067082864
3142036432
6025072490
4181000956
1132032324
6138003126
2118055622
8079096376
110077708
6113024252
6118023131
2196036983
1191075835
9196089044
1177055425
9182037908
5167076532
7129035586
3151040172
5039093983
6126019687
5074085903
1135083790
4152007384
135008407
4179073560
7166056184
6024077391
68094827
4189045318
1168009259
7114053746
7167019748
3100042847
8181040200
9152064666
5075095335
3120010073
8144006394
4135018721
9074095560
6004073559
2071090149
8138017194
2133091644
7175065991
8143037512
199059868
6043084531
3167044498
5112062123
188024256
5107072869
147083150
9196075281
139041444
2175026561
9165062470
3197022122
6157069624
2138034493
7120011974
3139088039
8133099318
2161017156
5169069450
3137076030
5103013314
8102066129
5069071488
3195098321
1145035994
6001078454
2110096530
1125018030
5101069786
7136026543
6012077277
6103027842
3168002236
7115034844
3175041752
2026095964
3126031271
8027094336
7107030872
4165037172
7057083395
57076967
8146035449
3147079984
8026094503
2156089258
8144047362
5052077384
60079581
9173060568
7127050252
8180021097
5195023816
7156062321
9071091483
9109037548
140030247
14086184
7031077295
5078094473
96084835
9143017205
4010088919
5128047367
8100013654
9153072425
4131071187
3126022477
9149055025
122070597
9003089422
8172081441
1133088621
3119051208
9136062882
155097635
2132040776
23085765
9180079925
6078086718
2197087871
8141026460
2108037328
9113045239
8142069873
3163057083
7119070405
1116010883
5199031239
7062088829
2141025319
3118032323
1196049322
168056015
5148020890
1166005891
4117080645
1113030783
125040859
7131027832
1154034246
147099743
6070085157
7041092785
1137080279
9102000911
8130021561
2019086767
4187080454
5137056420
3153027792
122077684
2115040935
6166075198
2166027398
2124004722
4168088405
8107019361
9008085279
6177090616
6198080552
4173098307
4138084030
6126079240
9191088644
1170067329
1166013207
2068097809
2105015079
3128049262
190033182
7083081555
1126087458
6052080331
7185048450
8056095866
1101059968
9185018126
2162077815
4157064913
8025089397
8112075709
6108027322
1128084661
6145068854
1177046934
7072074580
123049298
3195078474
3107051097
6179095231
1105078495
2109022781
3078081326
9021081744
1168054390
1138001890
1162065081
5047096762
8128053383
1126063249
9157003531
3031078073
5157081802
5076089799
132006572
1062085974
9161025048
5100042564
8166008066
3139035245
169088411
161049076
1160014346
6163044293
172071571
3117072402
1188067242
1180062129
2123075338
6160085425
9163032148
2170002120
7116057512
131066753
191009233
7146003467
127078711
3178013301
9033086695
1113055207
1030076290
9152090539
3148097605
9144080373
6141035106
192042247
2186006814
8122033641
199047307
5029077591
9095095134
4150032299
8130079024
8096084742
9107033009
4147008764
3106027726
5159053230
5063098381
6127070307
20095249
3194071728
7139074716
6072075559
6188030715
9153080295
7174071273
6142002784
2129095508
3142047845
1164021027
3196016160
7173023426
9185016747
3194086767
7114054289
9027093258
5107033080
9101078233
3085071196
3126079995
1091097887
1180004796
9193039631
2149013428
2132041490
6104089500
4053085099
6126044115
5155037267
5001084754
6185079482
8041075759
4010093382
3106060917
8035088794
4048083648
5198054355
6157009023
5156001265
3146054516
87093824
8136096019
4130082959
8128001989
1128071079
5143005280
4040093345
145078357
9032086587
9199043649
5177029990
7186018856
2010097509
7164032463
7175052330
8141069976
5199038632
17093014
8137057045
4076081002
9165084863
7067090679
192023548
2105011763
3188051238
1190009979
8124004390
5124077982
6063087592
3158033531
7162056742
7169057865
9147043783
3169082902
7130003728
3111017065
5132096618
5134061857
7138002515
5096071863
3174026083
7139070623
7165004139
1011096979
5186084453
9102072723
2153081456
5064079458
5088092868
4050090228
100031691
3182009122
9089095701
3192006090
9150000150
8168053731
1051074356
6074099987
2108058259
3170062065
3041076071
1138090617
2198010149
9185081573
1180040613
4165008999
1123046611
6103088625
5167038446
5191010764
21088286
9165050985
5154049659
3197059108
6196044397
6190068296
2155000308
4137077680
9107060125
9155057258
5165059776
9101062814
45080621
3192019177
8115045330
6104065437
2133064926
9130066617
4165078630
6148096633
2126040434
3101036536
4167030297
3048095209
4123055550
3197068578
9191059593
15077569
1173083774
1122070096
7104022664
3150082079
5027086034
135081766
2150067771
8007099872
1179075078
9106001791
3192029739
4157026993
4125059246
6072083549
5182022062
7014088707
5133026234
124008699
3120064868
5190051225
6019084429
5150033390
6175056134
176096418
5172038104
4156043754
5137034113
5199075362
1132049155
5155081743
1192079424
8192021065
9133036423
3178089035
1173058426
9149074157
1192062461
7182021708
7157000866
2156055070
9188041020
61093719
2186069302
9037078969
51071276
4144097637
6120040227
2147009514
135054206
6151037098
3192001503
4122042276
1104053129
3126098523
6102060959
3145084901
7104064255
2025089505
5082095975
7170056825
8166095827
1181084064
1057089689
5004099539
3144016296
9015094833
13073562
3070096866
3158090647
7167075819
7111063421
9157068482
3186021338
7095084373
9136011019
2173043592
190080597
8136007319
4105030125
4136091343
6094097045
6127032305
4126095731
6122056920
18085877
113042381
7158003461
3183060038
8171008728
8188049298
7184038825
4159067447
8121088729
1106087326
9161072286
9116041587
4002076690
4133080291
4142017300
5176050189
191048422
1142036044
7160010754
9140045084
2168002534
9080071669
8164043394
176025087
163021937
3185075132
3060078478
6115086362
2081095392
4132077101
5175069426
7167048420
9077092415
6095092545
4124075640
9004083704
2149001557
7180097807
4052090922
3179052382
2061071653
5082081018
20094569
1084073851
7165089268
5013090500
1184048463
8150045350
8116036525
3151044898
2121052362
7110058115
6066089224
5158036653
4090084022
2115086541
6181043333
2184001441
3009095475
7127076372
9129010433
7138072430
8159081157
8172008476
2177065317
7155070798
1128066423
2157058488
101024317
8112010578
76088381
147084654
3112076785
7148069274
9139063431
7028099342
3170012308
7015090687
2137063839
6030095334
2137075507
8194030455
4157044048
2155063857
132095037
4176027262
3116095615
3116046117
5191049377
6082075582
138068610
6087080089
9117001833
9161073445
8103034780
121000564
2188004127
7156055744
178021078
7124019056
5182067424
6138008870
9036074091
8134085251
7162096710
7176082864
166079349
1050070380
3170009792
8152042636
8036093175
2146057079
4148021545
6196064773
9147091302
8143047012
8159061282
1195058570
9123024580
8192071048
2196092412
3148043245
3124013647
6109066873
9138018860
2064074155
8158051683
1147082013
1144073871
5096089160
8182034181
8102057991
9117085538
6103075667
7120049999
4172091218
9137074280
33082385
7166001759
6112073538
8170007325
5110060903
6171031672
1121047823
9165042840
5135061259
8135061577
3143004051
2114088431
8105031981
8132060247
6136044762
7152076159
8109012926
3054091777
195082703
7002096011
2172068794
8126067823
4049089607
4110012067
6171011068
2173030911
4163056557
8093074445
3115009867
9115075128
150032078
4122082703
7157016947
6043095221
3168060536
4029086669
2152029325
7130053638
4115036571
2192031319
5109092539
8123007078
8145037343
2066082504
4074085162
4017097621
6148088427
6120005108
4148044336
8104000744
5084079064
124080856
4147003355
9076093543
2145045617
1190022269
7005081346
9031095962
5197009219
8006090283
3108038507
4186029397
3139061091
4132013303
2186064727
8175058656
4182011537
1113026165
1122085941
6056090383
2174028922
7192032407
149061048
5170038445
5019078397
2113040180
182061996
4049091371
8117010513
6123002188
9174069514
8184028898
51087146
4045094701
7090076684
5071265
3039098062
2136062204
8066075668
8162011388
6060088799
9140034305
1138015767
3041091437
5017083511
6164047161
8185068423
8090094242
1054098664
5160027927
7199050318
7116096924
6009095314
1157012486
3123049139
113099234
2192025450
7130049425
5068084920
2107049677
2031087552
1073072376
5114054315
1172083010
8151026027
7137092433
9104016810
3057086257
1116022420
9105087478
6094094552
2112032607
9139066861
6073092870
3100014485
4172017785
7139087014
5183003803
5115038447
9183089650
9186003029
7120024798
8158043805
5142010798
2181050594
1199074973
7177059321
3179080649
2166045745
6193096507
7109065992
2116073172
1177040861
2175059267
5013089054
9016097045
2011073768
2169086963
7059084742
5067096633
4179019436
34084638
1183020447
2113032769
1194076154
7115081634
7199008960
7141087151
1073083326
8040090937
8179099608
3176024731
3092091574
7183059560
180048405
9127071352
3182037389
4164012912
105025601
5138028590
1130067170
1127046468
4198004125
2191080229
2174067373
2161048740
8050093863
7163024241
2174060341
4162031911
1148087603
7088090408
6159030973
5028075160
8119035099
9122087785
9169035831
7109089446
7149023692
8172018232
8173097321
4135020096
125033288
5153080731
5191035309
3086078783
8139072423
112039894
4184019146
7132085387
167020743
5168012886
7105034371
3170085164
4186027421
8078094921
3152051111
2147036174
9190004291
8068081113
