2139080994
1177077719
7108066431
6194001962
4165061321
4086097154
2012072274
4116026196
3179002626
6089784
1152078825
6130074544
4189049787
5109081814
7157065641
2103045649
8003095832
102002675
2103089246
1027090561
2030091073
9174019189
197056588
9071093145
6024096225
7103066951
8005096191
2185057168
3122033894
6160075465
9104053630
8157036404
6187048221
9162035742
1192077126
5116042228
5157079294
2125034270
3135084537
7163078307
8134088229
9146077858
4133016785
160006194
4156024779
2140061728
1127028975
8156045902
8035095810
2097086871
188036987
1192006477
3194079729
5165011934
7040090774
8157077675
120022436
2175085095
163005488
5123081160
88098312
8023092046
6139016462
4189086021
9068081168
7156007142
2170032538
3064097997
4186030617
7193065574
3130053381
5050082562
30070065
5197001913
6133060598
8135027515
6081083954
151074760
2047093434
1089096001
1027080421
9106004723
8179046093
116046067
1035083625
3144008716
5137089068
1172065616
7190009535
6003090904
1129027829
7167071854
6107015976
154076022
2133069864
8136064963
110088754
7010077580
9177013735
8172057250
2110079724
1136037258
3067085992
6153071734
184031948
8139030324
4178021175
1155023596
2117084984
163076803
3116015657
60084437
3170019553
4107031055
5098097438
9100005660
4184076682
8153082562
125047412
9002098004
1164099000
8174057232
8155062790
2164000568
7053071161
3117016764
177024337
1178012933
4180071415
2188025654
187078824
3153016443
7168032540
1076081913
5170069853
3164005458
9157093418
8182087966
6177074205
7109062335
3119072701
106039049
3100041523
26089485
7082082334
5188000256
4106054115
174007938
5171028607
6171088249
8171085339
5148084872
8096084225
3090078878
1134047503
3167011625
3171002282
9010095143
7179098608
5199066995
8086089583
5074093426
9157039936
8145073376
9180077483
9125065642
8061094237
8189024094
3171016012
3100048674
8120017510
7016079397
7166048314
3152047459
3032074580
3031092016
7104023496
1055073596
7152003264
5147053356
6170048189
5156070895
9196071442
6141022861
1169051871
7106073156
4188092125
75094472
5082096462
3024090056
5186070831
76086642
44091258
1105012195
5116087123
3115044920
4019084797
4115034920
117019138
7144081151
3198063875
1117028936
8006071692
170043059
4113087223
1134064157
2196071348
7124047420
8112067183
9109004760
7129037611
9014076451
9113056082
9172060523
1136085233
178019389
6143021595
167079546
3122047208
4142062402
5139056686
4196025505
1172019819
5183017169
6027090754
4155077285
7112024251
9069094478
3111089470
3071097892
6157089404
2191026159
3188089649
3173076604
9187016546
6125003945
3160009696
3167008808
9143019006
8131038441
8140052448
6159007508
5138060295
8081073064
2162004703
3142056556
2123016947
1156086401
8025089162
157061180
9156040049
9068094649
9184012344
8164052543
8135027740
1010087771
1165058816
1043084933
3189009167
1092078177
1149041173
4150097703
9177047304
4091091880
8120084920
8118062721
9182071755
4158016591
8192017563
1047099842
1137026596
160013990
3104016182
4142033272
1107021716
7108078458
9038094425
7199068473
128022472
7191031919
1052086801
9150091714
6175056824
7043085396
4151032883
5073097423
4052088113
1010094103
90094870
6069085848
8186078374
2131049746
4170072950
2155086291
6157058205
2079084907
9125080489
4186083684
2072079586
8120081404
5136033153
4132051236
7128039626
6124055776
97074741
3045072188
9118076605
2183062125
8181013524
5185022112
1126084922
6182070440
4092093997
1053080473
4105083019
130001744
6121082273
6062091778
9118021152
6102024979
9154043228
4145013103
136086942
6169066809
1196009926
9163007455
3150017383
8072079461
9165081864
5125042167
8182045242
7061087682
5023087684
3128032467
2141079982
5184019267
4150058418
2170082218
9155058167
2102012309
9021098946
8181086656
2197056710
3138061229
9169082679
6117022782
6001099985
5157087145
2145046514
5197028761
9127085455
1183068988
197005179
28080868
3072081565
9123049143
6163033660
4132058507
1140008947
5009083776
1135097148
57086777
128068129
5152073360
8028095444
167089857
3005090308
148087176
8154088873
1134009923
8074091358
5132067154
4110069753
7129055246
5135085376
8192040783
152060326
6193088647
7110082965
7173068116
3172060349
2062097800
1129017306
4174090904
133039388
2122060017
6091077599
2114029611
9159090918
3134075886
2149000530
194030091
2132045528
3129013768
9134070503
3145043777
9100052566
5175040162
8193072603
6097091982
4118037154
5129067866
8144010608
6192074447
5117057432
2047085150
8182001014
2121047004
2189001764
9153093237
1079081752
5137068483
9124083274
9059094781
9148060939
9114051473
8158074531
6186040924
6154079253
2154036342
150072434
9117008526
2193052181
8192047288
5156048706
9120011965
9146095010
8167006714
2192032876
6192014290
9103060683
5130034504
6107020311
4185068498
7139014536
8193021250
5178069928
150041231
8189042552
8166079826
9181023836
1181075938
7123051617
7167035865
5172070002
2022081268
9148048701
5121050457
3158079960
9187088863
4111036790
2187079109
121064571
3182043514
51093567
4050091214
6121009791
2052080857
9143035153
9163013225
7114051327
5147023429
126040053
9095073872
1139013486
1048097744
169046931
5148032740
3108035141
8159076616
2118082041
8156069618
4104089950
7185022418
8181018725
6164066088
6134005935
9147040611
3177059682
9157048583
5168056586
7135040338
8134088671
3006076099
4148061249
5092087182
60083630
8173024522
7190085810
1059093606
9102052646
7180088912
5186013189
6194080189
5020092949
7006081279
7169086461
2024099043
7121062649
4179007435
4132036328
6134027527
7171056731
9192059432
2097088203
7137043385
3129095938
8015073564
9088095184
6110061604
4061075077
7119036902
7157048849
6003074553
102094533
8173071168
4152021726
2126061953
7139005950
7131018692
8039090273
6110095834
3196075354
4172008989
3130078179
7135043816
178033502
1127023778
9115077006
9150018987
7137071246
162011450
3169065959
1198025625
5126076985
7183023012
4122026615
6118076952
1137049919
7042085900
6157081938
7136048238
4110060988
2195001067
4168067183
3186000968
7165030089
108074822
5147031324
5115008622
3134092849
1180047188
4029088988
5104006407
1187091536
4168034947
9171036020
9109003751
5020090839
187078766
3183017090
6122094631
9156085996
8169025249
2033096657
2199052692
1194048617
7153081138
6113003484
7146064285
1178014901
6194057373
9091072145
1124066224
185040248
6180013901
1008092057
5178018399
107006886
8106028812
7197041555
5150080863
9179066749
8109094415
3138021714
7147085553
2123060981
1124021037
38088192
4094092354
2125051180
3146040583
3193016387
1190005902
127027304
8160074619
4145060074
7072086471
49090648
40096349
8062089361
9119027182
3111066914
7020073288
4181088117
2160067548
7119031210
9139016558
148005514
4186076235
6152038431
5157059111
5122069752
8196004488
1148047138
8198002150
9112046134
2119061502
8107079963
6137082485
128059421
4115005190
186083992
180096513
8149097924
176074812
4046090380
7171099206
4120098812
3120020383
3114010676
6019094936
5168059875
9130025865
6149043175
3142057933
4011080050
194023729
1118023050
3194093106
6147046157
2049080219
1148037567
4165077962
7034081202
3122012569
5165085890
5143027397
5085086646
3175008535
4004071873
8022080773
2143041721
110035608
8110070178
8181062976
4191058984
106070154
6131029790
3074089378
9129004180
7194073710
7114082313
4174029651
8163037867
3049090483
9106068479
7159028594
5032075259
7019083790
4156092817
7187077277
1169054882
17097424
2145063824
6133009810
9058092610
5172020082
166038894
179039240
7179027783
5136057651
5193085588
1142019712
2115006464
4163022758
7157080633
1191016027
6079083350
4108010390
5156040404
3110012469
8113036122
4182031349
2135045482
6088096931
2101080861
7169034322
8181073321
7062095171
4144065772
3005096774
3112040399
4130057426
2173070820
55093228
5178026646
8178010995
8069084141
8128034967
6161040264
7161085246
1183032855
2123095917
6120090634
9036090286
6106087509
1176014682
4158006186
7177088688
4152041474
158003861
9113060900
1195018938
3150081723
2146045375
2108002751
143094441
6163004752
6136078556
9078091568
158008697
8012093183
4137051888
8178061248
2162058326
5152071261
2145080773
5163060376
9024075680
9174058506
6123021917
7168004261
4150081605
8174081049
9113069488
2121029706
9137008688
2127062895
7071090145
1110084136
6157015111
1143034683
3183077476
6132092410
3078086837
6130015187
8147000725
9159057854
4197011035
6090078042
1111060135
8115023059
176021701
129086080
9158049094
3025071061
1142057619
2182053232
4115010948
5105091139
5055094811
1157016602
2051084842
3189000889
1122014401
2109081767
7140072423
1198045243
4127030362
9175078383
142059302
8104019169
1107024221
3040084935
2159008316
140033002
7190058254
4103071867
5127072593
9040097022
9190015109
5040086065
8139064162
6125080635
1151058085
3167004767
6106001825
2122032956
4103025215
6101036446
8150003699
3100033625
9157005065
5020079068
5131081357
3197047150
2017083323
7060098330
7199036205
4139029964
5143055995
2159027572
2149076860
2126039070
186003214
9119032431
1145005344
3032086228
3115074147
3187025754
6192036280
7186084557
146012578
123001626
3053092067
6192038886
7056080192
6171015260
9142056951
2197005319
5190029171
8184039725
9136087995
3019077564
176018569
9144028548
3143059909
7127061122
7156039842
7042094270
7121087783
4045087765
2164074294
3128066575
3122072283
1110059573
2192050545
3188024079
4188093216
8113062576
2140024002
5057083765
5130046510
4129074789
7180005101
7152050298
8129017273
7112018796
6083086417
7181073766
7052078953
2156017164
1108057944
2011089680
9125081617
9096099553
2113074805
64096374
6127014761
151025208
1198031880
63070973
2136019341
7144043484
1090084651
4119078402
4139073897
8117012226
6147019424
9176090829
1016088342
7190061518
5162085760
184059500
5087093675
7127078092
7137020623
7131094807
3164039428
6175001319
7118008444
3178011254
5150032424
1027070098
9140018373
5014085160
9118037779
1165050723
4131040962
4139068647
5018081683
8081086383
2129046770
9155003661
8153009800
6181050098
7039070376
7184074593
9140032447
8125073890
7032089163
8078086415
7185077720
8122045357
7100006319
127040138
5122074675
8144088291
5198015379
104005495
9172065710
1116008676
127005114
2069093296
8050091129
1176028116
6089090171
6176086300
7173022012
3151017843
2163083567
6031098666
4155056832
9116074694
8107054582
9005092440
9195073340
5140088459
9136047021
4136080257
6151001431
3190079003
5179045516
7053087580
7173081075
7115027881
4178025839
6178075094
4153039197
117025249
3144038443
9156036181
2037085687
7130039464
2063083715
5181051770
1168016370
4184002030
2103097436
2154055659
6134035401
1119097311
9107079254
1130068049
9122066705
8181056358
6169067792
9037083362
8118023949
9135015518
6148021532
9137078215
98089286
7123043299
3109083753
9066097131
7171082642
8142085452
9109073427
2199082925
1109057290
6114065572
9117019722
1104082594
6126031164
1178014326
8182090911
5116042250
3123029350
7140077837
6087084125
7174074967
8148013436
1065080057
5116032680
5145070001
3128020584
6168003442
4082089376
101004604
169043019
8141035219
4198051087
3126067965
5187061809
6032090319
3145086894
2162001736
7190073059
9165030846
9118033219
1101043431
2149080698
6186048250
5030093558
1097070673
7075087781
9043075085
1102065051
4125046223
4129055476
2149070337
7195061655
4011083506
6149084604
7132056302
9108032951
1106028089
196063379
118058831
5120003958
5178082501
7099846
2138038957
2158001535
3086074491
129020577
3012089533
7163048421
8110039590
101064713
7150077561
7123055811
3104030574
8113042474
8039083707
4142099045
5086091270
1034088969
9139048980
7148084269
4083080172
6179054045
3007090670
2140061931
9133055489
6046084353
8137026012
4105074669
139007218
4151005577
3024072560
8145031095
1171004688
9119079666
141086078
9181077644
3128031151
3169094436
4165060312
2115017542
7193046512
8127034595
3172083855
7126060153
6005080710
4151040309
3144083266
184025047
8132007694
4119030818
6100051823
5019093481
6167020291
9186086799
3061091454
1161045011
2183024066
9171042896
7161024939
9135093420
7165063821
1130024517
4114070498
1126057586
3120022804
120073373
2160099127
7142069801
4166022556
5164089828
180034503
9124000047
5110049902
1093075495
7179072803
4076097027
9149066680
106084658
2123059812
144079577
7097082984
4158008561
3111040696
8104015253
1160070536
6099098773
7050088814
7153087137
1134006331
3150021313
8112078304
193089324
171083100
9063091239
6136069064
9187074062
1104010894
2109021086
4162019533
2157005982
8039081753
9165056246
1028082171
8176083433
5187071725
9088080420
7121043300
9108047579
2108084870
9179003704
5162030989
5163009216
3106016769
7025090370
6151006361
6017091032
5028092447
3143033200
1089096133
144040851
7076070485
2190055293
9045098773
124060125
9183038908
8186000167
2147049562
2104054718
2136087064
4134095039
69087504
9159083182
6127050347
9130054484
135026413
8178061461
1141004961
8119095732
1180059653
7106066718
7106075441
3103080247
4101022184
8016095918
145040753
2191008316
6134026089
3143090739
4154088910
2156007923
1033095786
9066093157
8104008088
9139078614
3184028977
1119022162
3004098292
4174018822
2198090602
8140055361
7147062186
8010099887
2137040140
138038378
8125003355
1037076770
188040536
4124041016
5186046412
4168050888
5182054615
7126040790
130026533
9133001490
2106062626
4020085631
9188044547
9114011823
16088367
6101042132
8126097115
6187083304
8147007190
4138033873
1156029884
4026079589
6172089740
6052099360
6104048202
6193001432
3065080993
7119085230
8029074694
9089082173
3146048526
1172055956
7104077063
8181024263
2124031943
1193022288
6107025531
1152048957
6194088645
66088477
5118082300
9118025630
1192048523
2039080727
7042082398
99075791
5143034260
9124022428
9148036957
3120078818
3155060242
161036530
9168003259
7157072054
7195018778
107035066
8123033572
4104040876
3100009707
4190043692
3163010427
4146039244
144058245
1129064936
7136073487
7049071468
1099091015
2063094033
9111031561
7065088906
7122040949
3014097773
4161012184
1105035492
1108011559
8196032477
6146039327
113032914
175087063
185058660
5151085903
4143046777
8031075072
176019776
6015099943
2121005450
7103096325
6124031790
3194080757
3162058605
2126075172
8058083142
9195021996
1140035672
9158002105
50077663
114065477
9071091305
1170087608
3148012332
2124044875
9139003177
4149054994
3129024379
7172043918
6150006361
6079084274
2144008804
2179052910
4192055991
8152093939
6132053022
7108088794
7081297
4152091813
6132070559
105085400
3152091020
3022082797
7055081458
9168056168
9160034133
5045075260
7123082835
4181010578
2154020223
1000088561
111071007
64087018
1150089633
120098402
7178004534
7075084287
160064821
2041080373
6087072457
4195061585
8089092294
7128012141
6189005396
6125077193
4040082906
1134058287
5195016561
8122090107
3107071163
4148027835
9148065182
6187025107
8122098041
4123032408
2131042317
7014084423
9129027322
3039093382
4119086995
4164084046
8016083541
197096103
4122037570
9025086568
8159064861
3170022585
68089884
5152086593
6185006430
8192004094
3036081134
7145015257
3141026750
2139016510
191061921
1150069671
2141047587
6199004864
5197049808
7141086296
7131067638
8126043064
6071082182
7142015075
9068099095
1133009640
1123022628
4137074765
137045530
37093798
4090091311
6107049570
6193064241
5153069663
29086959
9199009038
4099092540
5121042870
1187056254
2171041182
7113081191
3159075725
2133005758
4197052446
7154040660
5131061192
6134076417
2140028679
3043072265
5024099005
3157022946
9182030330
8136032896
8170029424
9160032716
6187093621
8146041127
9149029464
5110010667
6182089126
93099656
1127010597
8113046869
139044687
7158020653
2128004089
6195043566
1165098208
3012089577
5055089527
5122067021
7184001691
4129016501
1196015398
8139085051
8191028042
1180083586
3178049039
5137084361
7173087751
9184014969
157061822
5192041395
3196083883
8125074087
2157060441
5148016015
8113002316
6109025507
6174040017
3104049563
8187026855
100079242
3136061892
8192066248
2194016721
6105039667
134058611
8101091500
8143015712
9179067643
2176068591
5059081904
1144053800
4173012976
1138038375
8050084457
5120063750
5106095012
5065087810
9133019246
3094092552
6088082730
4195093120
2136006875
8083096692
9006071183
6160066456
5125064363
6145087144
5105085096
8099096221
6071076173
5117010288
3145077227
3190033658
4069090070
6094077797
6171088277
4186024818
9136024133
7088097428
1120073140
1175064008
9110096001
6136096518
7119031412
6160008120
1105042162
1107085065
7073082603
4153022810
2151048054
6186016634
8147029133
5192083288
4164065597
1199038418
8039082770
7148037156
9157089597
9112001639
3114066814
8085083360
5152041761
7059088238
147003388
9138084816
165028227
3137081741
3028085082
5191015772
8128018547
9073085014
151094718
7008084346
3130019086
1017096968
1046095061
6041083958
7192052703
1022089372
9168071891
7123067262
1189067920
1157016913
8059080310
8178091909
5172082922
5115039556
146049906
8158048285
3105014075
3108085001
6097081733
7106064588
1012092077
8197040962
8141058417
4148063636
35083482
3153057020
5027078755
151006704
7145070373
6127013549
3116026625
2002077869
1130088851
1172050119
3114025593
2120032331
1167020008
9148064526
9180040028
9100098019
3130089869
6115055400
9105087658
2105042223
1192087681
177053520
4100056093
5044073062
166060063
122038763
2134020165
4162066612
5001086583
2144063443
3137098111
4163057171
5107024576
1146043336
111011815
9135062062
6109039564
4124013857
6144071888
2133067090
3199089061
5152037412
3127022727
7144087087
8007093142
4128087946
8143034205
7114049591
3017084078
3160023064
5132024570
3189069016
7175075629
4152088698
3144004789
4025090311
2182022184
7154087361
3190053609
4135012988
5117055496
78093401
1037078392
7084074876
6142077208
5186064739
2185000943
8145082348
20085186
9197071283
2053091449
6109097148
7043080711
2168072456
118032049
4129009798
5031083544
139058079
5108047178
3155092110
8141025975
2182008346
2179064242
4073086933
6096099407
9192053064
9172061512
9105089557
2091087899
7187027766
8172028566
7126083030
3165060426
6044091581
3141006509
4105034019
178036731
190057562
9121060842
6158032393
9040091493
7107079863
8056076556
4041081146
8125089006
2170040774
5021095751
4099081662
9133005997
9028084016
8050081480
1146053241
1148086867
3035098724
4199037657
5148022602
3156076483
1160042133
8158090147
2170006104
3156067323
4101005698
4131029626
4088314
1137041206
8171048690
3172035635
8079078181
176036888
6120039746
3134088252
5153018452
2191085599
6173001700
5185069198
4136029964
4120024942
8159062568
5090094597
4153044393
6057088497
7197089971
6134029814
2062099547
146004188
3175040958
1169092503
6192054570
6155086003
6114031096
6199085267
1199015262
8066088199
9105082948
3068090962
9183046773
2138017038
5181037134
6162005592
129063789
6188075758
173076343
4184073340
9092095604
1034084738
6142090925
26072391
8053092633
8124031381
9172016800
3030087688
9190003808
9153089427
4158021089
1031075897
8082081526
147027731
165005802
8186007028
2004089890
8012081469
2106041309
3132044503
5101039817
84089267
3108022548
7137084059
5181088673
4110004427
4125061048
8119029086
1103068855
9049097095
1114057604
7128060731
1102077672
4121081056
7183057215
6157048184
5154071446
6105056546
2090082032
6159059480
7196010251
1173081131
3178035837
2111067145
2170077837
5161031842
7179005048
8184043423
9105053444
5027084346
2108008078
6073095504
1018095754
9108076392
5045095899
4179083183
8190000158
3136052846
9191018886
8115045710
6185090338
5074084232
7195041722
8065070368
6090070871
4077080513
3173077479
9133075588
8072081941
5153067177
16073760
8083085352
192055285
5126068442
5194048146
2179083597
4142088441
6095070296
7175062860
1065097484
4008083970
3121063191
112079874
1115084020
9105019839
73073387
3143060961
4125063442
6128072946
4121031679
4173021478
4143078952
1122074547
5148045064
2199084084
7072072357
2141003796
8192015897
2117075812
1138012979
5157026281
4143028033
9074096379
8161079880
1132088679
7077084534
1145035629
9168060696
6013093760
7136058450
5156054900
7125014553
141049121
5123016860
1148089787
108055660
9181037870
1140019335
8197097009
1111074471
1163015010
7035073392
91078766
194046967
9175066051
5129041110
5143065676
2153028424
1085093060
6152050506
1155040567
5120036240
1127021942
4079085947
3100082956
150068329
3154011869
7153007676
3017075774
4129077745
3187080628
6091088209
5072099693
1156000599
3155041311
6178026721
1131031062
9166040663
2147064264
5137018256
4175063670
5121033171
5193075791
164081521
4158076746
8152084347
6166056681
102023878
1114034347
6136039699
1153067960
8132040633
3036076353
7158081126
1147005046
8153033447
9166047724
3079084855
5165043757
1136003719
7156028134
6165085995
1018092281
138004038
9042090585
1152083446
1149023574
1151085585
4131068441
8097093304
4140015624
3175050322
4138001978
9088082237
132078392
8153088186
9120014653
2129045845
2110064920
1139082422
1011091218
1157001089
9180098722
71090445
1126087940
3124057664
6157008186
155067690
9172096117
7049091414
7094094006
7091085436
4121091118
8130001494
9101028535
94096485
3043093090
31082611
2127044689
9047078680
2164054705
6159029428
8151062845
7043084407
2100063758
1002073955
9185010091
2199031472
4006083315
7136020434
2183088125
6029099743
3025072597
9168089252
8110082501
5132046904
9118071486
4043084584
9154017663
1070083102
1055092025
6153020175
5136003172
4154027377
6114025276
5116057720
7069096004
7159084084
5122066122
3134036048
17095625
4068083117
5000081613
3104095941
2177064367
5133085814
2138058437
1122061887
8174077539
5120077459
16083158
5089096371
9043092266
9186023982
6178061614
3160015170
4130037558
9134045167
7107016361
2102028902
1172050861
1090099298
2047087443
8014086986
4144002584
7119049037
4132002404
4113002615
7173067870
5033088448
3085082567
4171079817
6166077373
5171086604
4195050305
7149014033
3165019797
3171044637
1069084175
5108007687
2112027743
1186044943
4144017387
3199084906
6173037470
8104012895
2033098184
97074358
6137096343
2198077762
2103047184
130017782
6124059391
2174019950
9084098348
9136042256
9104046666
5061080740
4005094814
8108034333
6067083301
8179046599
1138046235
2134029156
2167068092
2137034497
86085652
3140014568
8173088179
2114064798
4106077195
8115001386
3129062388
9174042545
8101046327
2197023869
7034089673
1149086259
1154068506
4126015669
4078090576
8113056175
5128092019
5183064045
6117068631
4132007624
3149074485
6053079554
7122015921
4140047852
2193009108
3114063355
8195035035
6119058707
1120024223
3163069158
4162071084
7001081284
7104057138
2094091766
4113089784
2148067843
1194089373
4035079367
2111093110
5160031864
6174083480
1105026598
3013096973
3162068080
6034090097
4176028569
6169007762
6015071160
4195063221
1065086293
7125079792
9126097249
3144080929
133006526
7141033408
7133030785
3159056410
6166006517
3166035535
6031085887
9018094471
8118072494
8115029906
3195024025
188025744
8109074209
1134010937
8176097319
9078096195
6138085642
9115057911
8166056631
2136094811
4056071387
4109051070
6103032847
4112067575
8164045660
3104065635
2182018820
9012096568
2149059988
7134006886
4093092279
6163030493
3117035167
7120081975
8135017609
8022082615
5006096751
7145042185
9122031926
6118043437
6196008618
143056096
5073094392
6105067069
3047083000
1175086746
2108083321
136064648
7150077497
9105068946
7183076559
5197043542
2148011674
8138012383
3044070286
7134025641
1076096221
193060277
3165025334
6055094892
6021089720
4002086688
6103041446
192053828
5196000129
9156018746
1178057997
173073063
5098086574
6185013632
8169062257
5174020441
3141001107
5028093570
2175071486
168081935
7125032786
2194079036
7128088578
2038080388
196083901
5184094509
4070099177
9139029900
9078098590
1112038403
6199019214
3198041320
5154066672
8105045441
7150067612
7190052820
5111083253
9136050234
152009362
6054095609
4128096638
6174060397
102004248
5153049856
7150036861
2161019360
1118011852
9163010718
8197031177
7080086918
1198069688
43092822
5151024649
6128045243
1157051441
5154026865
9156074180
3112048172
2146064782
5146068596
28077860
7127028783
5105048479
7162017315
2000089676
5108016362
9098074482
4142096907
9083088991
5137022848
8150070581
5142079421
6193067858
115035338
6174067920
118018096
5199068466
9116038211
1108025216
3177074891
8160079269
5168068884
5127051201
4188080216
5193062903
7023087207
6130049326
9167060573
8139072813
4190056338
6167045514
3107001289
6199060194
6118073650
3196065235
4110037166
9096098529
4181002744
117093929
2041070491
7198048001
3107020503
5164026026
2011081623
3138006704
2174026711
8177029896
8192075445
2092095088
8041095885
6093086190
9129086407
5173000759
6065087934
6130021497
1179083034
8126093910
7171007207
123079411
101054205
5169023069
145066593
3159039054
2136049646
5130046251
6123039778
4090079048
3109015343
3007091167
8148078183
3167049556
6157094906
31088703
2178031149
8120089796
2131052363
6157026453
1012083487
133094122
9114027611
5193065834
1136095934
86082160
4094074542
1068081476
4123058923
7100075402
9197056062
8033083881
66078361
3163077424
1137021339
3039072198
4057083742
5104059783
7197014817
9119048203
8137002580
8017086964
198064126
5166030548
8102032569
5026094907
7160007998
24084992
9127088267
1157032732
5185030847
96080751
4110025774
9139066759
2188070497
7023087331
7158070325
6183050669
5093090309
9071088950
9135062873
3199003783
6104035745
5163071532
2188056478
4143093845
5000097153
6197071954
2095077787
1106091727
6143024718
7169059409
2040097048
8158099536
8152059893
9009094144
5145087044
2093086897
6137049144
5113062355
3110017558
8129070809
7031095693
5131026042
4148067077
6134083655
198033935
2092079592
9116025387
4147003665
5092082532
4162006201
5193040907
2187064984
5138051766
1155080112
3164068916
1103073731
9115035523
3175081806
105086670
8013097376
3110091443
7118098839
1133003707
5199047594
2015079799
4087077696
3127086653
3131085953
4134049847
2139012245
3073091410
78078975
2164021618
5125031798
9113072692
5020093588
1122042867
183088163
7176048473
7159024699
5106077060
2136089611
1079097513
1105041861
3032084069
2112076550
2173022050
4078088307
1162083798
7107000568
9187099532
4058083404
6008077998
149003637
9012093511
7019084045
7185003304
6192036448
2057097064
1152073577
1010098284
9171099000
3097079384
4152084917
2172041245
6151093613
2160040323
168044684
2162096302
3123002879
7171023130
1053091524
8123076625
2164043260
1035095232
3186056167
9195039900
9034074154
6108002012
6112061496
9121070312
2119032013
8021092510
9154075880
4046082703
7160038961
3196046751
7132046929
2114087082
7070087996
2156033501
5122002813
8155036269
7105064431
3168002598
176065316
7048078372
6126020017
4166069254
6118056608
7158051981
8028087731
6161005884
158015669
6112052691
1187062439
4177085647
3143036331
3178075792
9118025911
2178027450
1096917
7114012989
9093077594
2122020336
1112084346
1197081326
4119052068
2125050239
102034875
7002072785
2087070880
133063281
3022092912
3134092737
5152032206
7111088666
6142050380
1104065063
1160070577
1131070102
4161097908
3042095240
7108075105
5191070418
8162018599
9187079831
7121031670
7169066935
1150067554
6146052789
3136078189
1111085923
1035093803
6071096784
6001088718
9101025345
3126054230
1091081210
3111009289
5114029728
3157077314
8189084751
3147069276
7193006807
7167088712
8053088764
8172008020
5169044698
7178073912
1121098140
4022093579
2069085605
9112086116
146052648
2102049974
8132032952
1169006014
178060652
3071081777
77094960
3193009214
184009048
155058123
5146097702
6117007878
3105092243
6151008053
6160069778
6087083173
4139084897
5136056399
2136055567
2176026688
7108036181
163087787
3163096723
8079092029
7007070874
1147015284
6021094913
1106042396
3157054016
2045090941
1189077986
6189062609
3187043512
5141099817
8100013170
5194074611
2119030276
6185047592
4139055322
8199024218
4160045709
5142082826
9133018539
3151006699
1069078898
1124037668
3172069516
7050082600
158024464
6136059409
3199085687
3140094316
2147014039
2182042511
3163009133
1053091529
2179040052
6126094816
4114007025
1151060575
173065600
4171027808
1102089238
1183030191
5172017844
3088095720
128077542
3073083526
186088943
4118050489
4165076561
117076155
3177049330
1042083087
5072074292
3162017780
175043214
6165029316
100013632
4167033609
4157039486
6023097250
2109022752
2115046435
2089080364
9105088380
6178010169
9193035518
7110039177
4130027501
6141058557
6126020911
6028083508
46070075
2174028325
6036089542
2163048818
125086238
7014091172
2176044386
8102059761
1186081280
2148059698
6112071930
7033072067
7145000446
5144071723
2099096824
9123068083
6183031958
1167087495
3188042597
1161024683
9173023351
6080091492
4067093032
187068370
4139026586
7176084403
8026096948
5153055116
3062094059
7143025441
5139010657
124059635
1177058607
9198088517
99097041
2009073861
8160052473
110021502
6179073054
9122040616
3058098380
3107088624
2006082687
4061093047
9146083001
3170086144
9016092890
9113082785
5077071283
114080032
8175045120
4198068889
4189072282
183012418
2102061983
5008084165
1165042649
13080458
9018075973
81070750
8179044548
8181087781
9136004760
6125038147
5033082303
8150050726
2175023475
7172061998
8188077331
7177027388
2013087982
6113069101
1155070612
7083080679
4133080555
1015075785
3120038801
2047094176
5160036146
1119034458
7112006270
4111011177
2100035940
7070071083
197049392
9100058698
1053077497
5101015690
8121052410
5155010961
6189014704
5180071408
8112056385
2063080852
3145024447
1022089795
6188080978
3007070975
2187071682
8121072122
3177076989
4176026676
9188075016
94089358
5169077855
6140025931
4105057828
2041098778
5145051836
8038088598
4087074079
8121091526
1033084794
7160098318
7033091245
2189067526
2163092825
35098550
3119000183
8166097106
5116007453
1104079006
2113059986
3172014109
1173081309
6159010856
2107055988
198019907
8103077406
5131077477
4148011008
9016080871
3157050574
2166006928
2082096851
5193039074
1198023882
1158065534
3184052211
5108005968
1149029305
2106060861
6168094332
3178035025
82073655
1148052024
3024080994
6147060470
9130085822
1001075989
143068711
2135042388
8185081098
3186062070
6156023789
160059840
9193051606
2178049779
6120006009
2160088568
57098926
5132035363
3078092367
5020085842
9048090216
3185054393
7130087329
7150049599
3065095682
1199018876
9102048175
2188071398
1148017230
54093008
4153027653
3118047114
3103055396
3108074809
3173064147
4146026035
5121032047
4073080006
1172061586
4091086002
2187062304
2183026896
4109049982
4127038708
7030086033
9136027755
144094441
4174042567
4124070684
5127049920
8194032145
2192074587
4116033294
1142063666
2157071231
5105067492
8010092747
4174044661
1130045153
1194009063
6126095040
5115073560
9139096739
138085592
2113001573
2150042251
6149026335
5163070191
6164053780
3047093062
4098096749
7120003456
9084080585
174037628
1159071795
2145062494
7195000215
3108009536
3135060435
150091622
1057071177
8175055025
41086172
4129014334
3167003934
4103086302
1186014772
7009080797
1151074385
6049083347
4182028792
7161080087
3071086624
1154050842
8080077195
5169072745
3147004023
4133011325
2163002796
6105014428
2178085210
2037093427
8102035192
5016084683
157041451
4150084049
1111010138
3187089590
3122067161
5193009986
9165000117
2063098336
8056093332
8019086160
2160067389
185091711
4116046352
114031426
9187075643
3108074495
2140077188
7146046233
2028087261
2117039383
1120020074
29093420
8110042166
2167082687
1162077082
2123006706
139033117
8165077924
5041085961
2111066331
9183085923
6011097125
4138044562
7136027397
4175074479
5117070922
4102088488
182072147
9046092476
2140084187
3130098218
7137069551
5103029490
9170009702
9158081789
7038094715
9157005134
2162002483
183056319
3182060358
1122015635
8172097516
2100004837
8109026770
6081081609
1178078599
9070092484
2128084423
6177077585
9167013444
9144084176
157049388
8102018095
2094095916
8035081682
3037081654
1155003558
6077092213
6133073310
6186048890
8186060235
2189066780
151044222
5160048833
2190056041
6135087639
6150015366
4109074588
1127037049
3037081053
8136087073
6001080769
8136098012
3084094024
7028083253
7113086856
1154077252
4128091325
8118028228
2154048274
77092360
4120021337
1095092502
7022098818
1056071761
84082846
7144080184
6126003081
9142002917
4129060367
7135075526
7188049344
8082082434
4178080231
7167034880
132038048
6135032442
1164083064
1122002990
9075088794
5110059255
5173047031
5076075384
9104085030
9086091505
3148070547
6152006112
157064481
3170029671
1009083962
9132073683
1135056702
6067091444
1166067529
8143076576
43076165
6122058436
6188009089
181015330
8174011502
9130080316
5147021908
9110062661
3197065971
8138066951
3106043954
1116022612
4081045
2139086594
6005084468
6162064404
6018070477
7007092889
8168066142
9184081519
4186069656
5116095802
2147006762
3114027288
4106056062
1150086658
4112058508
9168098605
9067093071
113086271
5100037435
4186004548
6113038470
2143081901
1149014453
6124025105
6107074793
5119008993
2112099611
5013082596
2156017779
22097219
1084076074
4072090674
7054084577
3190003105
9066076261
3110065365
2108071396
9021088946
8150019517
149046627
7133014332
7064099391
7152077521
8164050434
1157038401
8136077725
65092591
8162095027
9157020904
8139051971
6113041998
8135091434
168056328
4141073294
4100087959
8141037305
5165093336
7168047510
8165082396
3156034499
2193061787
5185076078
1165017492
6128087142
6047088563
1128086098
177098802
2141047960
9154002488
9186010960
116014276
3168070941
125086919
3060091771
5117016643
116040944
1103057023
6182085837
116058739
7190035845
1153038007
3191033043
9062072775
7100071831
4048092948
9059095726
2190006585
1137067848
5161019080
3142065365
2018086393
9099080350
7097080745
1181070624
8191076161
4104008720
1165082242
9118048393
5075095474
9191073562
3177026522
3016098898
4105051086
6134047821
4112005057
80070473
2096085883
196003657
7194068592
9014092020
6189076696
5017071166
2159064850
146042584
190038272
9047096728
9168036113
3134050892
4034073782
1096097016
1057082940
3137063675
9147099941
9126076528
3103065384
3124035873
8014097658
54080210
104088240
1199048281
9003097834
6100008945
3070092723
4150069783
5030077566
110013754
166061596
2115070130
1127006158
3023097170
4140046365
9141034305
3161063942
5170076191
6021091666
177070380
6122089556
6178035643
7150076993
2151008606
7197013339
2101015430
3124052472
6136006175
9068088566
8170030892
8162089297
8123086984
5122092938
7155029378
9164072094
3137085300
3141048277
4069086981
8160033343
2144027644
8155032213
3146051356
2187003941
1162060525
3108053115
3166030090
6187083202
8133009647
1024092751
5189061850
8121023525
6130041628
7103080255
9157050788
1157096734
4176027026
1177061142
7081073461
189047053
4150022354
7165017933
4177085955
9156060255
1181053995
3157072661
1110091327
5168008019
137087644
8078091339
9186034660
4175046426
7128032020
6016084574
139073419
7181043917
3007090902
1144050260
5136028807
9110041249
8151008781
5185059009
5191051391
9198061219
1125043249
9157033926
2184088384
5132079698
3132098739
8143032727
3119044300
2066097353
8144034350
8156078401
3121003328
3162048979
6078097052
7184026303
4181046133
2133036642
2187028586
115031701
1034091740
3194082722
7001074681
4189034249
2115072115
3102085311
5062079260
2183070050
1101052106
8133044917
7114069896
1138036859
6178022859
2148004648
58085231
5103021528
7138033657
1153050784
1198093823
4167014661
9019076565
143061259
5191018523
1082092950
4119063590
7086074759
4112009991
7189044464
3053098576
1138027241
5114003215
9025077959
1198078543
3174029466
4148028554
9144084605
34084085
9104042295
2164061504
7161014560
8141040838
9153088071
3040076650
4142025723
7065083205
7027086951
1140086574
8114022915
8159035758
109077298
8144036622
8195062003
8088080028
8159066041
2136089715
3194076392
6116088462
3152072056
3043087150
5191014858
4191061788
8117019970
3188040843
5017094449
1144043711
6133010032
9107074047
9056088434
6025084710
5089094979
182022447
5177004638
133077402
2084096568
8167009199
5071091968
39073354
186003928
1155055608
6157059585
3160075890
2133080474
1003078691
8148045509
1189019544
8102078168
155081573
193096929
7150028829
7169001439
6056083441
5144078786
9065094532
3174019964
5099072192
9153031574
132087855
7137033251
8069085763
3175018290
5137081100
5112074037
6080091240
8119002373
6186037149
4135015558
3170041707
9149025329
8191085967
7049090353
2181039770
172085659
7188028461
2128059493
133085379
3194040446
2009082780
9111051678
124079376
5167023630
8147006189
7159054548
3052087644
5083095359
131005206
2120044225
8132051596
4106062200
3013090912
4153024549
3138013965
6146013792
162030727
191083184
144068051
6195005625
8036098479
2193039066
4134002814
2184088088
6169096500
5031090850
8167066990
4032085885
7176058990
6156056635
5115091939
1125088812
5042098986
8118099208
9152005257
4118001966
2058081216
5092089568
7176047515
51090620
2138008219
3197001550
6182029817
2112091037
2097080490
4181005760
9193026918
1199094105
6063079462
8008097102
6140010930
5124051899
4175047117
3182028364
6052099349
6002074553
8187018499
7131004754
2115067882
6020081461
2121097216
6102066490
4161043756
1167069795
3009075065
126026893
9163007464
7182043040
8024070798
2119022204
8101071564
2139081587
118064810
4162029374
7170021885
5156080096
1141043802
6197076924
3177047991
7181090635
8173030675
4117051391
5143071648
4038099806
8178032659
8178088385
6177015144
6105026988
6194000406
9165031022
6108013780
9126076936
9120032965
2153069904
1004084708
8183065975
9168048566
5117099607
1186055114
5178010586
5005083158
4188029315
5146059686
6197015649
7141059787
7104075546
7174082375
3120083080
7103003810
9113087253
3163030090
5101069494
7118037352
7087098380
5133094908
3179006592
4136040406
92097019
3189018561
2029089356
3114041463
5038085619
3071094353
110000711
1105021092
1157015568
2102039395
6163003429
5144042070
2072083522
9140066651
7133032977
9193083253
6154014305
9165026681
4109077683
9167099109
7180008094
2171027230
1134024642
6124018688
102090133
76082970
7162068094
2066085120
8198091914
9067088423
146062101
6131033383
8167036528
4177007764
1115051354
8131044241
8029084477
7193036160
18085959
9089088519
143009684
3125092908
2185079243
9083088106
2194032436
123000335
4171078828
1169027420
7123039052
4133057341
1191053746
1180080039
152028023
1181037277
4157043215
4183077154
3135038090
7170080397
4026088888
1009086800
145009059
3169031810
9081086848
6170061659
2175056189
4084086367
1000080932
6155020484
8130005637
101030883
2046093651
5186025995
9194033951
6168042324
4146088511
1193048690
8070089083
1193012083
7122086301
3181072131
6130080406
120062356
9172032933
1118041448
3185024583
7140015301
6172068557
7011095344
1156073343
5107043965
7142095232
3140035011
106012311
9129064138
5157073147
3102096632
5144003054
191051527
2149080044
5082093847
7168061521
3089075451
6104060051
9148089862
174054369
1140071172
2105027586
1119091348
6052094019
1024086688
7128074294
7119049524
7157032061
9048082075
7154027651
2193048975
3192061492
106082735
3156064394
1138025946
7051080581
3033094573
3136026463
3150067868
9035087728
1112084224
3158037313
4132022836
160034080
7132089549
3184070298
9014096259
2164078059
7188090514
178027660
7022085601
8114088163
1002081603
5195007487
2135015733
1161040410
8145069618
4172017977
5033096312
6172002309
8169088227
1058096367
7078083017
2049070972
11090406
4113070179
3085080108
3038086285
1160048812
2143083374
165066948
7170005664
6107039086
9054087845
122048685
8160012795
5095082473
160092018
124023012
3150063920
2162082002
7105010230
6121037899
7157078769
4110015181
79096010
8163018270
5115098249
7125036000
6108043843
1114088596
1111057272
3103011823
3016078983
2115059756
87084340
2124020697
1030085416
8194087170
3047081220
5042073974
6050099135
7141087561
9107048996
1123068193
125047755
9116073148
3169041320
4077083257
5139075083
3117074489
7077087926
6057094296
3011084092
185055143
6133036081
3031099512
5167040993
3194033481
3138073476
6007097968
3145068282
4010071975
5055088949
4108031006
9175060029
4109009721
4114066025
2127077713
8158002158
3160070552
1060079866
4150043212
8146025992
6137027666
8145043943
39077384
2140009082
9171068639
9108079430
2123015687
9175035725
7112046614
174056798
1093275
3180036412
7125033299
2198081069
1179016195
109091102
1151034044
3107073377
5101091631
1005080262
8188085711
7124035258
4198060055
1165040224
2191010163
3162088677
98096119
2045095950
9157074306
5199041256
9181057547
1143063379
6043094424
2134065038
4108029433
2139016643
100052832
6076083486
3167098804
1145064110
8101079294
5131007323
7114087937
7119073690
5126064125
9178049251
4111080563
7036097671
4101024952
5181074990
7130025958
5129001215
1135008170
3130073370
6152027752
5135090507
3120098702
3080676
4085083541
5084080342
9118059132
5181010276
3136080620
9116071262
6172036429
7115028203
3126092733
2006087981
8043098456
2138007713
13091218
3104068604
2007089997
6007097040
2182081003
8072095733
169017178
7141031701
5165064293
9077095698
7066082857
8156002160
4152063698
5133099529
6028093442
4185001952
124029772
3148012727
1132060833
1153094522
20090077
3151091805
4118077805
132072427
6126005625
7031088278
6151017353
8181082533
3170022806
3123043871
2139036909
1192048678
9011097838
156049410
8194028162
8174013604
4017085732
7198009976
2143010081
6175083051
5110084358
7188023112
7142024445
2139086135
4154018884
6191086317
115035049
1181037084
7192079155
3189048558
9133038031
5177085169
2135078492
2158066794
5140053225
7103038201
9192088817
8165007705
9065084833
1159032997
9017094469
1194028394
2016088480
1138061906
8001086898
7076075682
2142054069
7128084518
8120029515
6109082166
9175005232
72088446
3182086790
7187082208
8096089723
1163075880
1134046494
3106065020
161041021
4109011294
9133048303
8126035820
9152055083
1015072163
3167096514
9196025250
5121086998
1163012268
9055089544
1005074181
1176003938
3176033455
9053099119
2122038785
6182012835
2122074003
9171014743
7171087480
9188066794
27097098
4141095200
134067616
5115083902
2158020265
5168044369
1139090907
1199031375
9180043071
9157091526
7019075777
7103062342
4141028582
2061093632
2177019557
129027563
7012086187
4101000179
8124066994
9044093855
9097713
9164066787
2188058317
6131070913
187049403
6065083203
9107019387
2162088890
3110007107
2187071967
4103061290
1132078781
7040091837
7148029307
3193023962
4196096920
6116073948
9129045936
9153013827
2122019819
5002086127
195094712
3082087057
5140019955
170021892
2165039255
3167062581
5196041583
5160075053
6177073791
3002077398
5158050231
9109023580
3189001660
7169046691
1101049152
2166068459
167060178
7172064551
8079093136
9135089608
8114036346
7118009744
3175039536
5131088053
7134065075
8147010986
49070090
1102087966
9151048583
103072188
6140059726
7013082970
2128019287
2164050844
5175026320
8173019145
1063098323
8098073649
2158046194
8187082769
71094749
9102094943
3181087924
2172065956
1171006542
2100017885
116082450
7145054532
181080748
2186082731
1065071986
3171041444
7197063488
4175064477
2062098539
8136077985
157080515
8055081940
5056083402
6170074461
2119087098
8156047056
6089080706
1001089576
5148050199
1147084071
6147018579
4172010179
3183067399
4155080096
7198053898
6125064809
3166013366
4188026894
2134063392
3154071184
9193076899
8108043982
7067090270
1185063824
4119069682
6132030857
1013097516
193010605
1138043862
2168057868
9161034100
3168060831
1115042860
3122089418
5053092790
1158011622
2122047981
5111028549
7039097520
9158082116
7116089521
5001086240
4119053269
5119084671
6187032684
7118019991
6130033245
128011159
7126005139
4136083387
8162018983
4192064120
9135074714
8149081335
1186004339
6123068157
4033089837
7157012494
4179002449
5128085638
165065283
112005928
179044756
3074467
1171075652
2172048444
8153016996
7192029240
1195076341
1031074370
2187077308
4143097418
7158034684
162063252
7197084067
9180016308
7116051068
5096089285
9182037225
4150008388
52086477
8109064521
1197039339
40096295
8113052922
8094080665
140023989
6138015583
1164032007
4144008114
4129056904
187005696
128047416
9065090715
9167018161
7157089025
9035098765
3057084509
2124078107
8051088415
4105037541
6118077682
1190035795
9155042911
2156024005
7089097983
9108055688
7074089782
4009088571
9183003792
3110013865
5023070275
4180031941
3188043419
2143026665
5087089544
1185031220
7136021511
6140008991
2154029013
5149062579
130073913
140044181
3060091311
3067099711
1179046883
3109053495
3180041062
1172081638
3149067058
6145025994
4163041287
3159026618
7197045563
9129083360
5069078581
8163090302
9181029033
7133088080
8123020801
157004043
9154019516
5161063884
5105076691
9109081678
4049098242
5193022596
9101082296
9091084451
9136025572
21091803
8158030177
4020083195
6098090444
8110087821
5050082268
9004078160
148073186
4141014894
5121030116
3111075935
4082082951
9172061283
1152013598
1101051687
7031094942
190052146
4138036334
8108019064
2131036642
6084099653
7140047505
9191071377
4162060155
3092092700
4153084783
6008071353
6162017590
9121041936
9041085398
7119043477
7020073972
23085877
4126066232
9073084020
8134038078
4126020607
165063797
3110047753
9154085646
6073080319
2185042513
7168076751
6170038960
112073301
4159005904
1144008981
6119069479
6109079821
2178037409
7018096307
3151069297
7177086423
6019097661
7146060394
7185002749
2124017136
7122068773
1112000783
2004078089
6140090128
1068084324
2061094722
8037077693
9121085174
1156060736
7174007660
7162078668
2186064054
1112021554
9101082240
169016994
9136052130
2140001921
1160081921
8131092825
9079089793
3185029201
2004096287
1105075315
3132049553
8100001928
4182070185
7141056945
8150032203
3161088002
2153051973
4102000289
2132003942
7108053751
9012087725
3169045887
6161023837
3196080129
3190016952
6135076826
8085078466
1153064866
7138029925
1189004723
4132081947
2189063758
8113018499
9112061551
27090507
1178075704
9138061072
3004086349
5162073072
141039411
4146065380
8065090167
8149080198
4178034782
7158043285
4153002466
8132049175
4128007205
2086083871
9110067564
5069077564
3154095706
46095491
7174063661
2197043285
5131005657
2158063624
8146011379
6157049975
5195064124
6008095402
6179011786
5175059041
8028095711
7123043044
1151048206
1159037231
8186084303
5078098104
9176026362
3164050360
7172049102
2180024139
6173037777
9172089213
117057220
2143043579
5156008962
7094093752
1171001610
6155054758
1172082033
5160053820
6131051655
1197066711
9068098251
1008098123
2108074720
2149082552
9180064471
3103076784
4085095402
1159016173
166033852
5188006032
3132086678
1158069873
1089073399
9116053921
4053099734
8178019104
1159057238
2104058084
123002336
138071840
7058084985
6127006433
6025097721
1111000397
4164063213
1131063950
3123002205
5139002108
1020099897
1089092766
9172070771
8085086410
8136068695
7095087547
3186062623
9109009965
4174089866
3177043517
5183015792
7165022673
5050086756
1121071769
4104071660
1092071167
9025073696
6077092307
8179018498
1011082626
40096176
6187064580
44087136
9056073492
7161040137
9030082675
6062085725
2122033179
5012084886
144047329
1032098119
199072154
6190053885
1147089029
9097089976
5199085049
2191084106
4117082379
6078093716
9075096574
1156006571
2145036167
9117098334
3023092370
6101031410
3151077133
1014094399
5184021328
8159082070
2110034812
2027096375
4122084570
1191048839
8166024194
8171050574
4089085484
9112071734
9132018435
9149040871
6185065592
6156051657
4153061270
4163035988
8061094430
9130056126
4132026788
6112023927
5107013986
8108010024
4195046872
3170017214
2180061196
7163070179
1137008897
4196026997
130051470
2190008249
1199081210
8167097726
2181027206
4149016688
9147058707
120087159
195064425
7130029830
7030081950
5080088312
7170031001
6130003302
4138048214
8168028775
2154078093
1084079996
5193089393
8177037783
4095083624
4111030189
4135030588
1195090438
4017081524
110012612
7044071767
9144092417
1135070794
6105078178
83098409
4115070435
3119041550
4174006972
3149042674
4130050740
6128054348
4074097476
3143025846
162040861
6102072070
1166036798
6162080861
5138069270
9190027676
4186088840
2155054836
6189099021
8043088135
56089439
7173077221
2132089264
8081090864
8131002148
2120060766
6155033324
6014078351
2057086645
4135022007
7169049282
8137015286
6192037439
169035269
1105030605
6137076790
6154050412
1070070292
169028050
4087078578
3018099058
2188076212
1148077538
6134050391
4186040905
9034081152
3096086647
7156087008
3169037083
2157069452
3185030954
4127053175
8189071324
3111067729
4145045039
1036081433
5165086047
1150075027
7194038933
1164015164
1145034374
3064087007
101016613
5137059309
1136004411
9197097920
7179062660
1082091835
1115008490
4124072331
4178063105
4135024610
3188029438
136039388
4137080444
6133043751
5188092103
7113051478
8124096135
6056096794
3124074618
4126019856
6111074822
6190009414
1054087017
2066084729
192018365
8139037212
2121098339
6166043168
2142048052
135042115
8057093214
5164050647
3173064274
119021275
1165014090
8121088090
9036083340
7180010167
7179079481
2110052377
3074088117
7125043867
7189047459
4108092507
7160058174
9122064985
3159068540
3111086279
111043030
6100073527
2104003239
4171068504
191033918
1136030938
4175045438
2178046341
4196055268
3148086445
6134002935
6191052044
109094107
5053078480
117025359
1113025966
8114059853
9074080786
7014085598
2120076681
6138071634
41071786
9099093201
46099432
5166032978
158072681
4162085787
3108066542
3145022027
1148019667
8194089185
6045087256
4173062426
1189045497
151073411
7148040080
4117082272
8173073459
8074095395
6105040370
101075559
2162060804
3157000107
5142046977
5190027580
4001074276
7165020820
9082098220
8191065130
6193058070
9194040773
9183086436
7083096612
4093070150
9174031301
3160052828
6167019293
4120024691
9066075055
3088094072
4077088324
9005090218
4191057946
4084085163
6190018444
1119095405
1179001208
8135061327
1111029323
5179057849
9107081923
3110053088
3152066396
7105093815
4137023991
5121036586
3054095599
6146054369
8194075074
2046099277
7128006958
6180073085
178094002
2165034385
3135044978
7168039928
1157002458
8024096452
2106058317
2117071705
6192097808
5199096831
4183082462
2124001996
8147000716
9115003072
5128034329
8171025115
5133009713
6148075351
123061666
8090531
5027084198
2122037290
4172080742
4026091831
1122034625
94093928
4151076094
2162010405
1102012908
8071092752
9181071398
4195079607
9168038805
9108030497
9171099609
6151073301
175078216
6041097012
7114038391
141056628
4152090141
5155044474
3160018953
6146047191
7175039304
8189000267
7195070230
3132060087
2121098314
6177043815
9109048220
8173053699
2116024949
5177062689
6192084984
6186020636
3118031618
4149096313
4155018568
4164025692
5196023872
174011472
6151008440
7093070452
7097072279
7172042965
5185059655
5170021615
187010415
9114002410
4191032056
1184048719
1116080660
5177017906
2120041862
8165012416
7119059528
7167033141
7162099424
115039750
2154055661
1169074967
2188032107
2116076315
6146008602
2151050354
8137018803
2083095770
9060094659
3102083574
6193006861
3186083277
9157031247
8039086885
4139008904
3191098025
9001087922
4108073886
7195037408
4040098374
6189064802
9131013111
3111027060
9145034014
8149074732
3096085465
100017263
9199062193
186008691
1168036111
9099090994
5115009355
9089091198
9011070681
72091239
1126068007
6031072970
3181087930
2191026080
3199078602
7114096643
8161045351
7118037023
7170070510
5165029876
162040790
8141059118
2031078685
2031086819
1087097044
2132089235
3186040805
5171051340
3191061891
4191013698
5126046139
4132017130
1108034360
8195087732
7146018955
7193071732
4169026791
8103032693
3103035021
4071080290
5168024901
2094091056
4197066197
7149051035
1029092897
6030097586
6187012394
3131072178
8170036595
7023080279
9191009924
3101080391
7050090498
6078085482
2078096088
2132044790
7184059223
9146043153
7131033739
4143078389
3012087579
2107068699
7092086681
4122076167
4104024817
6132028744
1162061324
7185042375
9142054753
6033091910
8034093359
5013098220
108039194
1139083773
8141019048
6156089402
7170060295
152059695
7099085662
144089745
1162077667
3109078423
3178040766
4021074857
5130081727
8057097774
8084082381
3197081663
8000097639
4168029152
1100025947
4161076946
1189016500
116054577
1148076391
3191069330
5184069066
3107083256
6188041000
5179034121
8042073950
3110080727
137036566
7107069366
1021086876
4104004126
179073481
8179081849
1164010742
7163068871
7027079664
9139076724
175053519
2043094506
2199081076
7124051104
2127010061
9178067497
1119010668
4176022447
7084099674
7121019626
164040347
9172084388
4147092148
1123058703
5151063048
125083208
167039952
185057813
109017222
3113093131
9101093209
2109057083
6164004078
116061156
6120040782
3163073186
8181050586
71098596
121043557
7049078754
4108013108
9131011257
6016099651
6187013528
8184000714
3161003550
3156069765
9134090122
8120096913
3161094234
5151064457
5152028589
2011093201
7147087931
8177042544
7134085089
4049079088
3174004551
8086098074
2111035807
1107038095
3116088656
9133030596
6143086544
168015010
4131005088
101001320
5119013767
1071094797
3188084716
3165045276
6159059851
1107000233
8186065844
151036255
7180004998
9001095858
2126052584
1142018931
2055094767
7119046061
5042096169
4124003525
5122062900
7115045136
93095165
2185074673
4133032040
84084701
3161074961
6134094530
3117045456
4089086433
4162014710
2195014715
7120023455
193033843
9093074553
2055073770
119045533
1118081932
5081089364
7072081334
8172052555
6184044492
5155036310
8073091967
4165077447
160029500
134027229
3146001903
3157086705
2121085696
8115014244
3167083791
8102088328
1119042382
7190031830
8171064680
9123074633
4078084277
5171019050
8150049124
3057094210
9091092390
5130007508
2188009970
74070294
3102076884
5175066893
2125068190
6031089007
5124052806
6148033369
2153019902
5162010278
4183049059
7168070815
1136027117
9077076281
2113029680
7194058552
131038894
168086691
7198070294
6078089569
73090079
8171021338
6121026965
9065085142
7038094412
3199062408
9147020895
8165005238
5187004722
8182083241
2191028091
8197041487
9185083772
3153019873
1189026929
3160040199
9128025794
4151014109
4082072081
6155071725
95072946
4175028151
6041082790
8133089327
64091861
4015076890
3108048753
8077086818
3154017140
9136008028
6181065812
3163009712
6128056015
6111089935
1126074733
6167067235
2110015618
5086079382
4020084151
3167078136
4196069525
170041301
8150030176
1116001964
47090668
5023088469
6151045628
4133006210
8073083220
7078075091
3166009782
3124052434
92096012
1160063185
1005079460
2189029462
9197039891
8020079575
8017073051
169045349
2111065306
7110043972
9107062714
4133081438
3118041108
7173097717
6007089315
3191008307
5105084967
8155022440
3171060947
8173046538
3140080278
102082064
2022092756
2107073549
5161012860
3162028536
6110057070
7142067876
7143080478
6150066501
7100015487
5065085840
8054088597
5180011903
1182009922
9151024675
115077977
8072090979
3190002945
146050502
6113027762
8118058531
4022093618
2106042417
7127056292
6183032835
9194054966
6124016780
47082056
5163016696
9133013784
2042093985
100036026
2084080170
1020073771
1124084619
71090663
5159027507
8174084836
