2160053848
8184083173
6002083576
10095530
1157006359
4122033329
4102088710
3180089646
6191022849
8159091631
9114054733
8061093740
3057096333
5137013517
146044558
9186063791
9111062755
3140010493
4061098199
4152021145
4029099909
7035093384
4150005691
5116005730
2157001988
4169075032
1138087478
128044764
101068881
4183042779
5100088233
1007099275
3025095770
3068073191
1147042079
9186000195
159096700
8052091298
8183001293
7155038304
1139084492
3198059813
7143034250
6189081828
164072248
4162054448
5123067737
2132065045
4104041623
59079086
9012070266
7130054843
5184050867
4096081651
2107096445
9196018187
4122094835
2160053507
6123066211
8199050468
1109062312
1132054715
6164007386
3131074198
5118015434
15076086
9178024845
8100078894
6170000338
4011092637
197085405
5181064995
9122033186
4124024472
4142096704
162072409
1173070224
9121005026
5193067174
9147061803
2105025925
7166098123
6194075190
3195071007
4175007567
1146086174
5143049088
1101001336
5195056129
95079469
4180003450
4157089583
6110057691
2022083307
7131017522
4164087837
8075075959
7067089069
159054193
1193044235
8078089811
1137066769
8166007054
9012089292
5167009906
8124045314
6156046427
6195082351
6036077387
1173063762
1117097015
5129059953
6178097515
2140057472
2040091470
6152067456
2159070170
4129029006
8134030336
9188032859
7129077955
1108025132
1128037757
6140027497
3141026237
2148090841
4171083738
4199071488
3181009689
3182021232
2180067902
2100084377
1157003919
5165031046
3131068051
7166048008
8016096644
3144071588
3110000505
2065089200
7149085873
6132031394
5118099213
6188025509
8162045839
1158085267
8061085886
3070098248
1029091812
2148060059
6133063094
4191008620
4100087556
6129065028
8125000003
9148002246
3179011031
1114051176
9169088992
7173087645
5135027641
6194002054
6059074094
8152079230
9172021432
9094098079
3164008841
2132012762
3032080373
5030080405
153030341
5155047953
2138054418
2177096610
1015094327
1137031771
3189040980
81454
9140007656
3154001853
149084372
5127066639
8168044817
9127091313
2187002396
9007080032
5118085161
8103013313
2102032347
136023869
1005073072
6175086402
1126083327
8156011820
7162056600
66075083
2165027279
7065098931
8175070031
2122016226
4055089142
3015070758
1015071981
9124050461
6059085686
9125050482
120032749
5175055597
9139060566
99098707
198035473
198082653
6139082762
8138095623
1156033578
4085098211
8126077778
6119072019
2107081705
9156088630
7085074162
5065099713
5052087245
6110079080
4105082963
3077090928
6013074090
4163066221
1033089147
3111046186
2136089035
4172015520
9161098510
4123004524
19099646
7137056637
7037099556
8168075501
6019075660
7167012795
3113026413
8033089864
5127010500
100077929
4102074455
9111067816
6146009685
6196039982
9071096517
6156085254
9151003765
2086099079
7170049885
2191047238
6169074449
5018088889
9142088687
49078281
8109058455
2067078992
6180052710
8184052164
1104007947
1172051038
4069078793
107076774
6151029643
4113033627
9114033228
7179024101
5134036536
9116033621
3162051181
3142048624
6004079093
6197098922
9151063229
3185070267
2082089217
174059250
106098947
6154022613
116031455
6142014255
7195078257
3113000372
3157053601
160078926
6131000318
1175017090
1107060314
5002097715
3131008504
2144086450
6128059694
2144084576
3166079367
189090538
8106084609
5139001795
3116018910
3003095733
1162024087
1086086649
5138081217
2161081560
1118013197
7114072429
148095113
6041078494
4124085493
6111026238
7101079677
1011094343
2198005247
5000088954
193089662
8160013369
8118048988
2127077786
6134079230
4016076362
5116019720
9122034935
9127040060
2174084658
9087083671
5104015966
2179051823
5185000306
5153055339
7061094540
7178034523
5166007516
9187033917
7120045345
3106011370
1141015711
7147046136
5100013786
7176006643
8107042195
10089849
1196001105
3166024533
2123035983
5152055637
4010080460
8180074757
2115004472
79089556
4195098709
8186034344
6145057637
8185077227
2164054571
2076081877
5185054636
8127047474
6100044853
7163065077
2103015414
3010082196
6162014475
9106042999
3053085487
8168005290
1142061348
3072081708
5165079460
3184069527
2110092623
7110081914
8141052853
1109001204
8039087799
3190005815
5128010355
6165024964
9182073147
9188083348
7187091925
106060259
2137075018
6000090996
9146001886
9107003080
1176067833
1115068471
4119073696
6073075279
3132031847
1176041687
6086088347
7161020570
1151019639
7167076333
3011079685
5003086436
3112023426
2106006874
2169097618
1117075313
2197005668
1148073053
5143025364
16080146
9122026457
4134082309
6037098866
5193030697
6108057633
4102088742
7027079873
4191028882
2164079712
6155023664
7156046745
1123034300
1111048152
8153041528
2123077261
8140010480
1142065516
2057084077
6132058227
9152071538
1127042745
144018599
6102085058
9138034465
9104073810
1115073557
9093085431
7101039326
4100053209
9192046336
3166063866
168049517
4129036631
8073096738
4196083221
7140047145
20073070
9151079361
6104086587
6098080342
8145060583
9108087523
6166017494
1077093347
5144065975
2052091128
171080440
2181074476
9115006255
2196028368
6102082002
5152037458
1102070328
2199031391
135006913
8130001735
8147010087
3136083877
187057798
9130040083
2024093881
7181068183
4046093360
8134046101
3025086176
6129034812
6008084684
9118003300
2172046032
9198077712
5173069586
4114036878
5150042867
3152047667
104070658
5112054475
169078745
8135072486
3182054450
52088247
7137016323
5160063254
8117067086
7197035860
9031092301
3183064646
8135064149
1123068977
8141067032
4192069780
4029097563
131056533
8182002473
7113074551
4030089754
9109074385
5185038154
3122051068
48077954
9169077480
6115065606
138037144
5161036219
8064090139
9004094841
2171054428
145085454
9193051526
3185031067
8109043999
102010063
7164081712
4125037889
1119001974
5158082208
2194049229
183077447
2109087578
180079508
6151076279
9039082504
6147024720
6108075987
3135013367
8111030401
7117032450
2126053640
1023081543
7170042736
6035085122
2196043088
9111010413
9129057392
6108009053
7150039324
1112070286
5017094690
3139065729
188077559
1139006820
3173014645
1175028225
5185014775
3153099737
7130093709
4015085502
1148004949
4162058328
1037076590
174028016
2164089089
2089075472
4000077278
72080458
1172063390
2137072169
8152023839
7111039074
9179020019
9114007380
4116083120
8160033551
147039302
147016083
4183040251
2197087851
9148010676
9133009704
1009076568
7198068802
7176072189
9124051692
4161066904
8151017280
5029070696
7066076456
3181077810
2134094503
7109025550
5135044670
4137051494
8150082259
5110056003
5167022985
5034096155
4053084794
6149099214
8134055366
9198059810
7133040161
2190095210
9052090474
8100008177
157022912
128017023
3164061548
8166049975
5080083188
1125079274
6142030762
4134072273
2108074307
9057075572
39076967
2109056418
5127021933
5167022354
6039092548
194086048
3192084807
163067100
4126042389
8020095824
4105070622
9128055061
7134011559
3102019414
7009080086
8057078977
4134055332
7185045102
5119073903
9162017747
5035071392
8143032170
116081897
8137065937
9184088004
8181077911
8134000687
8113045994
6071094392
3134042508
6111038879
9180089397
6110046836
7197072333
2184008773
9140041398
3106043730
6122042100
130032563
7176008421
6111034450
9123041596
8155043809
3091072866
9171089426
6157044443
179052637
5056080453
3082073278
196001324
8196051930
6172062970
9192083033
66092912
9159025132
2135012896
1124031070
102062085
143065445
147013355
3187081472
4184059218
8155032161
9066082752
9173029021
6164032386
9114035725
3088085500
7175094427
8185085871
7138004515
1100045797
5140081053
7177028428
3129038559
3154094129
9109017620
5188086573
6197005482
9120078871
6137069637
8171097524
9172003252
2149036175
2155035281
1107012977
3126075251
1123068544
3176035141
1167012966
7014082811
2135069191
4123069519
4153016543
168042112
6191052183
6101029518
3146018597
9140044319
1146007972
7141060990
3044084536
1131047450
7105089740
6092084358
3164072578
2172058438
9196074264
8150041748
2008077886
3101092902
1072085789
8120088509
3102099443
2160079052
4189010199
9045089468
4105007147
148086817
7009089849
3127038254
5160077489
119010394
9142057693
6075087922
1120096213
184030973
6135079394
48081155
1121078216
2149009567
7122098506
7123013104
163089884
4190088427
8171008932
9112064093
8106017569
7116006771
6194089922
9016099572
8183075765
2185027065
5187052846
4154053456
5144026066
5046080162
8155063883
5196034156
7108034026
9193062517
6130080122
3174019021
1126061581
2124036802
5001089040
4014077097
4125023651
2191045016
5107025804
8098080024
9144016280
2148034061
4174067808
9128045703
3053080414
126062039
6081093806
4159080832
7110000147
3130049734
8183051020
1143048758
1017079364
3037087418
8162046851
9109075344
1141087608
5018086448
4159059976
6126039864
3195074129
3053091273
114034366
2122086079
1035085503
4174055178
8142030609
6190051350
7153001341
8124057721
3173010099
9192067349
8178012938
1189069186
4110043300
3023089538
176012842
3112017703
9011097054
9100036380
7016089707
3196053070
1187035448
8129034283
5114017954
9160034152
3198039639
158027337
6126067370
191065974
6186059544
2187012736
9123048640
9119058459
9155033142
69093123
3191053624
100054558
9088087861
174027905
7049070958
6102088260
3181044481
22073771
7026099751
2124090221
3107030355
6187055851
5162018673
8187022451
1185005804
7081087250
6029097539
3056098324
7186092403
2119080531
1124037272
5177052164
5013096025
1131028974
9088087723
7192012550
8139073470
8149051983
6050086009
143007552
5045083885
7146074846
176058240
1194015599
8152040851
5178085282
3137027551
7112001395
4119027977
7124057071
3105039250
1125044044
7160073466
6152098302
8120082307
188067719
7026088378
9110064815
133055040
6128003510
2151071253
156042622
96077962
7144071988
5115000487
4051094349
3116087150
5120077386
2111064490
174096829
6055079060
1141071890
1085094286
3195030564
3117046662
8039072989
27075250
6158083732
4140053902
5113081492
7190007657
6114076097
7194058930
1173035905
1056089906
6126033090
8080086049
1155035209
6040090781
148059870
7196087371
3178031679
2107095337
5197020210
6133010417
5195007927
2132019532
8053092012
5097093896
6151073310
6191088773
7149035272
8100090544
5185003800
8173038913
9169066353
7159060457
9187014864
9077083801
6104015651
3116046630
5157065369
7175031975
3126043467
169086716
9126064589
2068088719
6170025586
3189087256
9019086433
7146089835
8166064898
5198009255
184003974
4105083877
8106091522
9115034063
6195009098
3148005115
9077079779
109080749
3147018688
8117061364
3021082563
8140057953
3158071716
1110051065
5153049469
5108008093
1025085684
3111001786
4184038055
5142007034
4168010129
1159088458
3116082746
110064301
9107099342
3112071826
9106070930
4063087534
1085087789
5180065252
6073079890
7159074071
4080086687
7195008424
5107095719
4191008006
3182089630
5196075237
2192057506
2159074964
1105057935
3164045748
1087091409
6147073296
3134016337
9169018593
3195036085
9189033189
7168089315
4123078045
5135083284
5048073699
8023098954
8161063458
1135034445
4101036941
2002082471
5184089858
1177017136
6125012668
4125074491
2124053966
9190007791
5180047227
5059084687
4195004429
9003070065
7191073497
6023072371
3121040383
118014133
3188047684
9015088026
9188052232
6125069706
3010094396
4119010009
6025073554
2149055683
6101047258
7140018300
1135086237
5092184
4127073828
9166036241
70084434
7083092126
9076087890
7007085754
8173064540
8080092002
6198021452
3126001976
5105048973
9012080265
9140019760
1046093609
9185002405
8165066373
3044092889
8033092746
3122035858
7114093637
4119066580
5005083565
5148063497
9161071547
3195006243
5159065959
4179002610
3038095131
7161067373
6074084606
1120062712
7117086002
4172046803
3102024431
19072367
2107008363
7192083989
5126083827
8144053047
2113021398
4118022641
1149027170
8093087841
2102040056
6189075726
4159002831
4199061129
3050093125
7137065235
5198081722
7121079715
1147088732
120079834
3188022018
116069797
9106089898
8165057770
9139084821
6147006846
5186058874
5011082997
4180037362
9101055030
9131002525
3142048514
3156072712
3174040294
9149023082
5112039581
7100033382
2107062095
1125009050
54093640
7099096205
8198082831
2117037142
4129025441
6185011418
3143027821
4167039048
64074499
2056091565
4127025347
9002076970
5125033645
8171093332
9191019465
9112078780
4123025112
8125046699
4129065678
9051096817
1165066776
1104098041
5163023223
1155019114
5188046274
152081783
9049089443
1138074330
2185069120
6140086499
2122017380
1155054246
7117041133
8057099432
8109084450
5035091803
4158087514
9156002180
2162061454
1028073992
8018095222
3042083781
98089805
4160077015
2173068443
5169012868
6142090337
7156099430
4117063944
4105006888
183054098
9128085942
4049085464
6048080046
104013221
8007070089
8105002260
101083048
6162079580
9185009540
6036081744
7141085964
8128035164
1109047293
1123099430
6083470
4122000798
5106069693
185012163
149092234
8170023285
8116052592
9124080403
8143047067
9171027779
9014088099
9162030542
7156027339
6144088196
4174043612
1019083578
4157041124
5172045902
114063028
9089091684
9189071139
9142005754
7145083400
117045490
5128078755
1168023052
4105080258
6020085093
4073090454
2165037063
4114070426
5174061698
5192068769
2121050225
8197038931
9062082650
6145039471
2090088180
8183017414
9090079474
5109067237
4111040967
3105057529
1096071283
7003081384
6122060088
4106044618
8192034079
8112084754
6170078010
8148005282
2130038102
5015086909
2114019113
5133001562
1192083736
7102086966
1192039589
168066346
2130070607
7176051574
5184078356
3107020536
8171084240
8152045662
161070097
5103021126
9113033345
5177038155
3150048885
199086106
1181056909
6157007189
7155082360
7163052555
9121016604
6101014616
8073083501
21084681
1098081262
6102093910
9179038417
9024076684
7119034742
4182028283
9184008938
6014090153
171065264
4151025143
3187028301
7029080843
9173098021
7109069526
1104046453
1109080080
3123078697
5192047125
1118089422
109072786
1155027328
108051344
9007084327
4198002194
7193088943
1126084654
1154060847
2184059542
9155070831
3102053918
6101076785
140022840
3128030914
9032092570
4153031158
9155073283
4191014492
8142088997
5043086298
7155034684
6051095398
7182034355
2177010070
5144008388
7112029801
7051090065
5097092929
2160035694
5153025350
3157099033
117030419
79083358
6049081265
9152016654
2156086815
5122006154
6115011597
161062127
9157046634
7145077082
3181065460
2171044791
24076376
6155044935
9111025143
2143020539
2116055721
2123000303
2163014955
4175082543
8149071686
7122085136
138001707
5133042858
5178009480
4126073356
9115060227
3130015494
29094195
6107019452
2114065966
9145034699
1017099703
9166075717
196042665
1197078387
8114000190
9158035969
2148093927
167042889
2144022763
7174009423
8172066383
2134002894
2175044634
5065093058
2169071578
5148071458
1072092227
106057010
5142013642
8194073655
82084836
3124016377
8041097586
9153018048
3199059191
7127090040
8153001842
2116074335
2000083938
9147079372
8037096569
9163016699
7049075476
2127046454
2170083290
9141047561
7111071320
4123008961
1064093054
5020098017
3171083493
8164034624
4181038937
2088083017
182079340
3118044566
6064082292
2145024931
8032080240
152087262
2135057713
8065088297
187051678
4163043777
5141087305
6003085596
3066096739
9187000160
8114024147
8138015503
152097124
5141092510
5195003120
8106027053
9111001090
6187043129
2131035164
100086399
9117014183
7078081894
4149087872
2112095612
1177081848
7046080547
5133064906
7165089920
8048096666
4191027615
1011091460
7107097739
6097077158
2098074176
8128019858
7198040847
101055106
9146083490
5159044256
7075082162
1114044366
1168061019
7160045613
7109047029
8039085542
1191068136
2198048899
3178066177
6040085120
6139037742
9079077376
8111033816
9144045708
1147077773
9071080936
7138048105
2128038718
4133089586
9137022228
1054098406
92098500
2057092133
1124025013
7117075941
72087063
7148039154
3174048700
6098085061
8013081086
4060088132
6118023749
192086216
4164004626
7168063422
3177043970
4106075518
3124099633
4181008776
4161039785
5110001519
5170027690
3057095163
1175061785
7115005867
8186063676
4103062418
169020458
1080355
126001447
73085083
7063083482
1170028240
6107021667
9103042008
172067623
2147074571
5191087546
3111037169
7105081678
3168024161
4142082269
2088071265
5120047126
5170074725
7149081806
159049105
1110033712
7111046906
9132000794
6155021032
5105086726
2139084977
9065095580
1098085883
5044080511
111050886
2191041139
5113019082
6119037744
5043092575
7199080697
8147089341
3187064716
183061516
181010864
3197008610
156025722
8139048729
5142078988
6183061499
5172072595
7182087398
8108079317
4169031416
5048082663
5130074719
7113086415
177005115
9177090412
8062099057
8133054129
134002973
9115016287
2147031403
2110076092
2080080795
8005091404
5157077099
114066782
2172019457
3143048106
9102031068
9118081612
9179062536
5085076058
2085097692
5172025141
9159049387
4176034048
121079485
4114072560
3019093344
3117039016
1097086142
5008082784
5185013235
1189067292
9039097946
8168075073
7177059340
3190073956
5037094182
8045085834
6160000279
7044098144
9102028083
9114028878
1115054174
81087840
3086083263
7180013485
8163007838
8167069472
1176086418
4103063594
152039795
7015081726
8115043874
4190071424
3077092164
118009587
7141007807
122019545
2091085566
4147068953
4063098487
192025603
148033051
5183034136
2050087183
143058982
7165030869
2146084672
1155074873
4109083715
8135006700
9163083589
5166013299
4153049775
7179078258
8134004901
8040099296
98096570
6024097052
5143088162
112077020
8186004499
2178043609
5091075679
9092098685
5083094050
1004092564
6147039099
2111071823
2131038102
3157003306
5175008047
1089070281
7147018511
3145072134
8121004317
6021083017
5135082579
7183074918
8001096243
3056083868
5189064486
6127069131
8187082895
5101049840
5123007985
9160066024
9008092590
9184052315
7195017536
3108004116
1042085649
1185036439
2144077379
148008498
7137024173
8094094347
2115072348
5164071602
4179007800
3132053610
8123043334
6131002927
2122006440
2166064181
4180082357
2193038418
2070070465
1169053803
2016083680
3170072291
5164036860
2114028226
5104077675
1173014757
7160063613
1168085493
2142052335
9130015141
1108084817
3089081705
1146001004
8164016365
6174040012
1185067721
8124081281
9158043880
3131098349
4149050099
8199089519
6039084614
9109007540
4035092777
4154035411
196023468
9120049792
5053077377
5189093812
3161006928
2163004781
9112099505
6046080142
7150072783
63082191
113080901
3138060729
15084758
7130016371
6143022985
7100055299
9159062122
3188048923
8105070421
1180038148
9165023174
7131076659
8131052949
3102064294
4129022200
139052237
3138000743
100051412
5190025381
9110043778
3195070115
7057080202
6160088024
8094071568
8145092500
3189037803
3164020315
6103017577
2108018026
2136087249
7103042386
8093085643
8164016255
3153086780
1144078524
3095089059
7189061838
5117027983
2193026839
2150021306
9099099959
3168068528
4114059462
6180091511
7172000240
9106006596
8049091211
7100049292
8196064769
4106099120
3010080738
6121036678
4157017472
6171078218
193061875
42089420
7164017264
5071080056
1061091292
2101075226
5135020572
6195036041
4064092521
9068095231
1110030391
3150009510
7168087351
7119081490
6127041076
4008092218
9162023879
100063971
6105068487
8181077181
180033362
7197028941
8052094430
7122061680
157063684
2135061173
1031075252
7146073321
8190020977
7182020115
5063093114
3145050682
4088082639
7116082643
7129068745
5113095728
9103077611
6133063197
8119005941
7115047920
2197081768
9169010392
9178067669
4132020554
5177047579
7123046192
9113046975
8184014171
5164066628
1195084462
4127040464
6169003442
1161062246
7132095216
2017095402
5124005511
9153015439
9173022084
2183069432
7144070239
2030081249
5119045449
2181069391
1079083447
9139077008
2150010215
6100041703
5097084489
8147028542
4166064943
6104066016
5106057477
4061082486
6161047394
1115000376
2158066615
6077073698
5103076042
5000088394
8175035281
8142026644
156039522
3128049641
1193040438
2116072871
3039096724
3078070391
6136062360
3117077240
7136083206
8058099752
2035083717
6102093146
8154072228
73086219
6037074082
8015091023
6170062578
9196068798
9165086026
9187058797
5123041114
4195085269
1189061807
9068095075
5159088721
1133063771
9168018139
5143010296
8161041569
1180035043
3166046609
8124036654
6145074985
8162041945
3055096562
7183094310
3196082070
2154001656
5198015328
7156010841
1157084381
6102013472
3091090267
3110037951
9126015900
8024091966
6157089230
6118029745
2092097407
8116037487
9197006107
1114070271
4193052511
3130068462
146053934
2184067105
9191068023
7177025295
56084763
3159056824
2198027169
173031536
2198017181
5100038817
7187031140
8166085476
4079080638
7144095423
4087099095
9105037649
7141046979
8031096924
6197089225
117023252
4132044747
6022081542
2174012386
5138026673
7085083427
1072094016
1144018096
9163090118
2166002055
1147045923
2198025576
6027073396
8122001561
2193048354
196083320
5117082076
9102073793
3196017811
183077176
9087072859
4106031971
4164003460
1142018016
2117038740
5112006184
8116076044
4152075075
9061080839
121031722
9190019704
7188080397
6018093143
1186056126
2184041992
3161018182
3171032220
5120062009
3054091273
3156072736
2183010770
6096083846
2165052164
165073615
3170071807
8158005708
5016089655
8168029827
4170045805
4003084282
8126067694
6195066107
9095073553
5149070763
1167043833
5088091397
5071082753
1173038360
3067081358
1123051185
4041086877
1167017764
7043070669
3015081167
1140079954
9197082398
4187018617
2193008935
136052138
5017091461
8037098019
7074086987
3198086980
6112017223
3184017851
4179049243
7114081470
3180033223
7157008881
115017066
8149003709
8145077921
7072073978
5166095613
2059092416
3009081232
9072080604
48083226
1190060051
3105023243
6134064492
1106078559
143083419
9187081473
8139064196
145042753
68096362
101044132
8145075229
5162039393
1074085079
2172075232
1111010660
5144085612
7158077124
1003098622
9016082756
1188082298
3022088609
5119026475
113082994
9192010738
2168052408
6131069979
6192065928
2164067080
9024094888
5085098207
8117030873
124032552
6047096736
9170089153
4196084564
175034762
7158064634
9046080638
4123029612
1019099944
1127026717
7165068380
21087479
8111077028
8115025052
6005090950
8192034114
9013071188
3151061680
9166053860
3159078492
1186010509
2179042492
105080500
5136062627
3163031296
9126022242
9138006237
8011093917
7121054691
3188019606
8171078254
112066287
8186058356
2022084981
8031085596
5128031573
9133017983
1181070992
9147002149
9118070705
5115099821
1061082358
9172073851
6087091329
3157069755
8174089264
4199018916
7116030044
1151008070
67083116
9134092224
4117053309
5085097694
2045073173
2084073067
2114059524
9068081434
5158009256
6198034627
9169056393
2141071985
3026076157
6012094590
4189077673
2104046601
4133089940
2198058306
5028097513
8192091829
6151063094
6107097229
1149035342
7171013921
183031156
6170076567
113081014
2059091680
4165029262
79096289
6018090957
5016088037
4186080470
1118036101
3185063895
8195082584
1084540
4176052692
138077631
5114085879
2042081677
2116064886
43086460
6177017249
9005092952
188020700
1185079844
5164081535
3124029181
8174038455
7173085128
9104002567
4154035701
5013082319
1137056281
1183060262
1186042130
6127059979
6063096995
2161087375
6190031550
2177034308
2076077462
1109030591
8134015286
3144022436
9001099660
2145032181
9197012061
3115065823
7161072976
8121005279
9186029220
5151056138
156016553
9194050231
4154055146
6083093167
1167086647
1150038847
5084073094
187064840
3084071975
6137012977
4132080797
9186091912
112023402
7121046503
2144041163
7177066926
8030085437
150024734
8133079463
7195058751
36092022
16075960
8113040339
7021081828
8156088981
3169016383
120076213
6117012135
6199032152
5107086218
7093090201
8149034599
7175048387
3138058672
9043092731
8022085937
3198076427
2145075939
5149041463
9170085704
4183072979
3138076878
4161013851
2110049459
8177000045
9127037830
2044097126
2113089270
2118026656
139006796
9126077096
2164048490
106088783
2156024579
34093857
1192046686
4096095273
8122068677
1130061242
8107036273
141006714
2115089869
3118026957
7106021713
198082004
4146050354
9027099596
3175095605
8103071004
3133072502
104020981
9062096493
8101006152
1143032848
3105072880
3032098573
5105077091
7130085104
6139035848
2156076150
7081093064
8107081946
7181066020
7116005919
6170065964
4124045101
5152022957
5196032735
8001084296
6189034091
3196066744
6119027661
8035090342
159063297
2171021294
7162061044
7157001167
5097085498
5131036098
6159015945
3138082905
8189036404
63086760
7100033897
4119031772
151011557
5048070773
8095086215
7174036485
3179050989
7102078537
7088093797
4123013467
9123067519
4110019843
5031071196
9108034201
5103005383
5189084404
3168080149
3179024157
9167066035
5168041545
6025083914
147065650
4117032276
6163038862
9132030646
1141056736
6176048737
5192011841
7104034045
3109088138
9130087427
3097076771
7185085332
8119079699
186048498
3100020738
3168031049
5117083371
161000312
7099086411
1101081047
3170089427
3100013084
7154010745
8065084053
6092094664
6167040552
1010080547
1090088522
5178039073
8072091373
5132038129
6149078169
3129061551
162057352
8144047897
8121049981
5165049691
9175007244
64098306
5194055252
8136053854
8103031507
166072899
9181088276
4113092849
9086094203
3164072280
2068089189
3150051947
1174039108
1106019984
9024088128
7196064454
8177071587
4179054237
7186025498
9138058694
1171097122
4166097806
3141046928
2173064127
7093088840
4172057743
6130092923
5169086261
1173072931
9076092998
9145082009
3166048928
7099087370
8192000868
5138079194
4165088098
7118011055
3171053194
4184084360
5111075503
2159014109
177017251
4084093570
7066070274
183078722
7029093062
9115070007
147087291
1127050542
2103051133
5119069248
4048074983
3063089688
3183084637
4185038903
3190006900
2191012235
2100018255
5188017005
3092073081
7186074370
3133019331
4112023449
3146047436
3187071449
5128006755
8042081058
1089079461
7090083971
4133079569
3192043479
166077294
6145088349
8004096099
9173029213
152067753
8173056345
1136088464
29082102
1178001170
3087096800
6090206
4160024947
9192069592
5150058053
8149008881
8156024418
7143031973
90095086
7152040277
5107016735
5199011656
8139079230
4031084886
3117087501
3156050928
5109075539
7123080249
7140034181
9140012110
5090085204
8115090831
3105076947
9004093586
2158021939
8136068645
9150071673
9076084875
7039074651
4114049047
8107041391
4156071842
118082657
8199076165
97081924
6026099205
4186015591
8147066925
8113094234
7174057759
6155040454
1147082737
7177042008
3131099431
4130034276
8171060888
4182039499
1126051862
5119083991
7130013531
2104036551
6167089858
2032082312
4173017167
5131000975
5170078364
6171060010
7076096904
9147086170
6164048321
7177031770
2089094210
175080741
9150076806
6131062142
4173049925
6168022591
7111044241
5010076661
5194015258
3186010862
181081021
2142089318
2192019325
2176042956
9091071883
9136017992
3101041407
8184090209
1095083992
6198011128
3182047539
6189038035
5139046983
6171070543
3040086233
2029099860
3134008543
5108052423
176035689
6114042352
9181052424
3122027632
3092073494
2181046222
4182058529
9164057357
9148080487
2169013887
7004094276
4184040649
4091083451
115071584
6123076716
3144076872
3192035995
1171015883
8156008445
4149078261
5154056143
1166036783
2171021371
1030086662
7198005941
5122074681
7038091128
3144088381
9145011029
9097082045
9146070928
9171093719
3116080252
8122081202
3107000165
5021099775
3124069767
3054072961
5149063306
7038083004
3131047700
1086073798
1159074235
159055279
8084090704
4149041560
6196028104
5189021064
9125056205
5153035692
2004095559
2120086256
5066083332
3158018929
9190050493
4045074972
5193082756
7166055916
2005099582
9040091170
5127080657
9128026505
4156000104
8052073779
9117019748
184025575
1123079737
2117032891
1137033159
3164046363
1113052023
9137046276
7181003519
4141033451
3040089245
5111019714
1147044612
8105081322
7189061356
7080080440
3160019931
6114080898
7156023520
184038233
5145032934
3174032365
5128055363
9070088067
1133056861
4100000959
3145084007
3163003641
126000799
8191098507
6103009888
6075091451
5142053001
8110023989
4077089799
4153059380
6155059889
8125011471
2105035448
9120084005
5159024083
2164002217
6147074987
2100063332
150075608
163090428
45095909
4178054664
119045569
2161071585
2002071780
9081080735
2113078430
2181025721
8152026596
1029090087
6190054723
4164085014
8176065674
7184058387
1159009351
2153020791
2146087905
9119060070
7185091621
132079720
5032099163
7060089197
4159019787
9196073012
7166031693
5118021080
146046528
2176039208
1188071636
3168052409
6106020420
7161009817
9024075993
7110079140
8120069729
7039096080
4059070656
4108093635
5015081622
7156041604
5134051174
7061073166
5106060080
4060071075
7137032694
3173081083
55083322
7170076547
4095081211
2008072160
9169020792
4084071261
9117015165
7139009475
2007080817
5188077366
9144040555
6107092423
7060080047
3130097012
4000079194
2149023639
6072091965
1189067885
3185074213
7191047355
8101020096
8084073763
4027085443
5179010359
7114033052
6039086155
6107089279
76085728
5137050747
6145023401
4180013812
6167001693
4089085737
1139090630
6065087443
9192014422
4070084106
5068099727
4176064737
3081097695
1105085120
2198000404
4121019671
7149061499
131065287
6147083508
1174019831
8104063991
1093081778
7149041494
1198065596
4173047128
3181069497
7176029171
3148003940
8141001211
144001879
1173085044
2111024959
5166055479
9135030157
1139067186
9134039445
4173001748
4108050207
2144078135
7004098701
9181031175
7004081179
3107022625
2199018720
7158070929
3133095532
5133092502
5191062630
151018489
9135016662
6139011693
3172064290
3149098035
7107023341
6071085932
5148008121
6026089297
6190080049
4113075395
5145004119
8123066286
1186014047
1101015156
7115032981
9139009148
8178007899
2106059946
6103070488
8006091819
4083080720
1138070974
9182041054
9143053635
4169002802
7133062624
6111015359
5131098318
1157044688
6178085487
6101071946
7113048293
5154066067
6113018004
5070088723
4112037545
9008088589
4145086768
5156067934
3108089789
9028086270
3115070625
7109009211
8084094116
6004087679
9184002999
8108063433
8129078125
9073095728
106083806
3046087424
1179079847
94099326
4027089903
6130079786
3114067076
8166006385
8112034509
6004099728
3146032364
9185071453
146085349
5174048272
3102029017
187087802
2114085647
9138054601
1193058543
7154074810
1052089580
4153037649
3106017352
9075088386
4069091212
6108082575
107039589
1105011340
8105043013
7175000078
7092085350
7045076270
7114017589
2198087443
4110027715
5111042486
115066261
2144074374
8163000523
5118073574
6186031871
8063070355
6156062744
4153062281
6189061579
9144097715
8103029135
5124030768
3082090307
9145020825
7070095355
4086078999
149091302
5102032509
2134046755
5120047663
5024082266
4106000603
114074025
66099303
8074095432
142017038
2110027157
1150083488
2111065648
3011081706
150069600
7082092574
6106031886
6164019089
2072099501
3159078523
5095091868
4135020573
7152017777
4109029107
6195011840
8178090134
8135088709
4017096019
6128088630
4170040914
7158020770
6173082583
6176064216
6034075575
4101064036
3124029073
1166099301
4154020512
6129042148
8106008568
6198091834
6097086019
37085356
5114080785
1162033125
2110023545
5137007532
4157036766
4099264
1100064091
8142066677
130057147
8095278
1104060455
4024082850
2010073182
2061092463
9045080366
5183057271
6103041542
3117053378
5175095714
8104042926
5195068581
2181027779
8106070603
5149065337
5124088862
2192081553
6004083898
8100061622
3184051180
9030093888
2017097734
42085431
9186085042
1182053803
7059090809
8172049411
3154047388
2036099865
2092090278
9079097474
8039091315
5054085514
3133064922
4194048067
7143084834
9145077622
9117065793
3141061772
8167070906
3140099844
4143030906
6162003034
3157061707
6037086055
188079601
9101054907
8112071226
7169046778
3134065969
4139071517
8102043948
6003073954
1160053060
1198016549
3177064364
1193064077
185015588
1106096111
7101075934
188092825
8164036391
6132022080
7163066541
1122087463
5169037363
6119055994
9115047372
1198001599
3086099820
139058627
1044082045
5084089926
9098089161
7064096706
5057096564
2150003014
2191047589
2130075972
4134028524
8053076176
2147081120
6191088438
7019089170
2111084673
1115059604
9156040589
6157061141
6178009143
9081096443
7156017499
6164071190
6178004130
5140066067
8154050688
5059084306
1189074349
5104026888
1184007704
8188048988
4188086099
9199083975
2120065820
4168062488
99402
8108039436
84078067
5129099123
1158090725
4022080018
1103049226
8109022496
4181051450
9118040537
5135071562
8124067655
7046079752
8107051211
2178053502
6137080532
2175016867
7094083835
8091094997
2103001310
185048132
7133076573
1186080992
38082783
5105002984
8008087082
7061088829
1179089286
1049095944
3151082601
187084885
8095099967
5178083121
3154014384
7161026270
1105036471
4156016922
8036094314
9180016959
5087087377
9112097630
7185068432
5019079782
8194031817
4124043182
8188067540
6153004553
4136035114
8175000119
3171001515
3110084819
1114014362
129025754
2083089901
9185023429
7140034495
6139014689
1144064598
8130083790
8132036459
4140041458
7155052639
8120027032
2108053788
6048088406
7155042709
8176055672
9109056866
7178028845
5013085687
8102021787
8179018326
77074554
1163066564
5130048135
9146079270
1189031398
6109004526
7144034498
5163026557
5161055885
3179087065
130014818
4159080756
2196029594
177007018
9114001559
6134038136
8161025055
4169082493
1154030705
9177052058
4176075639
9028091553
1149074863
7087082670
4197047535
9022072168
7131047898
132047677
4155044147
3031094186
6109033025
6132037397
1148017794
5096259
3149085070
183040640
3011077785
4178028754
129052305
6125087726
9043095120
6179082980
3153084474
6137067357
5046087896
8147005964
2167011697
6116099012
4199036187
2071076788
2152077033
8154007159
6135024199
1145077185
4104061676
3159015440
4164043708
1013088199
8119058988
6113010459
6126038083
1145009307
100081306
4104074398
3137001671
8032093365
5155009224
1167001591
118033276
4149085861
7175070102
9113010532
3180055109
4165019175
5143092542
3173047760
9174089823
182087981
7192080241
2191039645
4013092900
1139069353
6139044332
8184055424
7121073648
4163085560
1158074826
2153096310
3001089285
6060080134
8156063761
8174048201
2148060299
9133019075
5153008592
7197020013
9049079175
8162088264
5182085864
1191017504
9128034846
6105021645
9179050315
7147021493
9199080640
9117040159
1191061694
6149013182
102085827
2110025865
1156016960
8145036875
8130075961
5122061875
7191004347
3162022405
138095042
2174041224
5076090192
3140024998
4188059051
5031076253
5190092413
2155087880
3135037176
2119040588
2174070048
8112048105
1179085615
3018086809
3123055760
9109063334
3195089200
5149056889
3034073260
9184022548
87090889
3196072682
7142044112
27084479
1152023970
5189014534
2133006896
6131066198
6118088940
9119038436
5159002294
34084372
2074087081
2196061734
8022093426
8114023302
9109087832
3093081155
1124097723
2118086207
2102097306
3194081863
1181093905
5138038832
8067092549
7164002488
6184079391
9162062683
2175055005
8081092513
189077078
2150047556
2127092811
2007099249
1101038601
4149037854
139045011
6141050340
4130011265
6083095594
3118014041
3133028736
7107086225
5122028483
2133010066
3170053603
62092620
2120088096
1130018000
7134005685
3181052441
9097092842
8080082780
9185063654
8117029862
7124047016
2193058974
4150025559
2129048763
122022557
4101057026
7111083225
5147087415
7133073718
83084985
5165057595
3170061320
6121047468
105082329
8166026111
2095098552
7143027867
9170080576
2167034596
8122048227
188000783
7104022483
2176064556
5146063584
8027094979
9177005012
5163016282
2127045051
6101025125
5195083460
9076090714
5114089136
169067945
9199078829
7190043135
1077092190
12093733
174068073
7179044750
6097098224
7101071220
2110031121
4184043612
7164021436
8153040458
5193063394
8195040794
8146017131
142024775
7189017556
8197080527
6120033644
3184033864
7198063388
4187059455
4163017232
4026076567
5172051170
195044451
7006073154
1165081271
113056627
8167084148
5117074181
5160045262
146072255
9134056574
5082070494
4195010771
1159016737
5178066809
2116054547
107015987
4121006619
9102084476
8162041392
2126066184
6156086033
7056087672
8190058598
1181035569
5129086510
6154005821
3071083247
6126025878
7147058370
9097081826
2085297
7148008462
6173056473
4078099425
8180042723
4089086049
7183078651
6126075013
9067077480
4100088315
8087072070
7158040949
9058092136
3175005816
1070088776
3197057945
1172063527
2134063034
5121051748
7146073972
1190068949
8116016981
4107097227
3185087660
9160008464
1047094417
4002077979
5149077823
127067964
8150060009
8156023598
5032082787
2102074906
2117015989
8119079402
8190023459
7086082646
2180006903
4155075509
1111084480
9193042113
9010090602
3142038458
6117045570
1169033086
7127037269
3151026980
6076083292
2120059245
2109057873
1095081392
3105063602
6138073604
4197069689
1084090911
1009083461
1082073969
6006089875
5114077456
1116088699
3088086235
4171054529
6159042606
5180090808
4165020757
7107073107
6105046007
5148001100
1000093272
8116063383
2167042177
163041209
1075084591
5161046096
9005083172
4177028538
7054097369
6048082362
5126067291
9136001159
8101028441
5144040684
3107060290
6163070249
7142038668
2112084883
8136002472
8183059980
3129059026
136040887
1100058504
9112059849
6128010109
138006592
142036001
3179075525
5138052924
7110088452
3125045760
9059090718
1060086436
8180009812
9156041626
1109025806
6112041975
5115048425
7169090137
167076068
2161023621
6100044328
8179049224
7098096846
3162077002
187026244
2162012122
9104040855
1173034484
9179007745
3166032323
1045093838
6148063217
4165019444
7087086157
5143082076
5127044641
5083085715
1116009728
115086836
4099085789
9117037868
8160079535
8101074590
9157021379
1119011991
193079227
1121068888
4187036334
9028090724
3016091711
1193000044
1043082021
111064783
3138037813
8166059320
8097075184
5082075199
8145039772
9174083810
1121080753
8155022967
1174053387
4042090562
1154042724
8115065144
5126038980
6108031741
7107041291
1166014994
6127089806
3198077093
3082084244
7101086470
8117065410
5194049496
4156053793
9120055142
5142080779
7103005077
9147024987
3156022419
5177061736
1124074752
9121071970
3096085198
9155047528
1184024707
1007089974
1185078625
102033543
5087072854
9143086934
7113088647
2145048007
9108039424
5161090624
9169097502
7111054080
7157001731
4128000095
6155029177
8128065972
2185081869
7159050655
3138004348
7010098500
1137055635
6142047407
4124055694
3115090044
7189045713
1175006794
7018085824
5119004241
173093204
5167001932
1105036618
1010077176
2037099865
8132023024
5137031885
6004093248
3147093532
9105077529
181078795
4162073007
8089084427
77080760
8123040890
7128012839
3184085411
2126011058
2094605
9143056176
4157035206
6176027548
4137086664
6085090083
3147030881
110073671
196010878
3145072857
6107055691
4140044473
8114091429
5117024203
1038081533
3123040086
5140016970
42091962
1120076458
178079474
1080088843
1138006106
5049099173
3046087763
9180029953
5164066030
2157063186
4146030594
9148088469
15088046
5125044624
189044940
4139053606
3016085840
183079031
9177024012
8116052737
1142087009
7156020987
9176042545
2047097259
4131062049
1088095539
186029102
5183080950
3002092132
1065085647
2179067778
8173049416
1101048097
2141036518
9046076181
3109092431
5151079149
4136032981
5136010687
5101010628
7115077493
1119089927
154066789
9168019455
8030083758
3132024346
8197044399
4127087702
3131059597
169071533
7125079609
3003093831
2178062247
3122094749
7151050630
8133028934
198018369
177079732
163068740
8185078147
3022078361
4130021600
1111071747
4031093322
68087077
5084082081
4190000818
7156054121
2177037186
4012098035
4067085727
106042054
5160099235
3196055281
4153012100
110025883
8059097210
7159087464
8166045881
1128020980
4004076562
75099315
7084082692
9185040306
3171081615
4126064469
7091078462
104065775
7114033255
3073083992
199027886
5107088357
4196020891
3186079735
7121044386
9169075355
1148037555
9077097045
3106028260
6192087311
3119014045
6159013162
8163056327
5028072571
6160095005
6131088344
4030091706
175008589
9163015516
3093097495
4122064631
6089081710
5182050700
145042323
6152015426
6196082619
6171049025
110055464
106042436
25096965
4117060922
194035695
7121080313
140080356
1016097702
5149040742
2064095942
1167055254
6185049791
4001095501
9187068107
1134020986
8132021273
3123087357
4196022597
3135051842
1144080065
8141074573
5183058182
191004118
6068082235
8149021108
6175036548
7041095458
14099594
3174058540
8158080138
5111031240
6097090594
4132065195
1145085792
3187046144
8008094924
6161070081
7148000738
7175043364
9155064085
3102085399
4165080349
32076098
7102043472
61092803
8192039532
7126074616
4144039853
86075558
4198086264
3147095017
1104078341
7196050567
8119078815
3002074765
2011089431
3099076782
5140097235
4168077641
4142089466
9108099408
153074559
1169012527
9070076390
8085680
159089152
179087939
2122003921
7151018399
7128033190
4162063054
2086092523
8027098608
3088098135
8158043808
1031080103
5173067469
8102086036
1113015141
6194062868
9057090141
9184002344
8040081383
5114060483
187082969
6057088065
131097809
124005983
9162014297
2131010584
6144039337
7062093863
2143099425
8066085096
2158044798
5184057226
9111039035
2125047362
2000083494
4071657
6184086450
7107080963
9100048609
5100081531
5169013406
6188022815
7108088766
8141024918
3010085679
5039089878
2158083332
62086366
2027078481
4002093458
5182027056
2160063097
170045641
1064082286
3159060683
5140000551
6133028227
6108071694
8040084157
6115021011
3139002878
166018161
7194011045
1056097509
192040243
138070683
5084096582
8027091888
7192002868
2100026842
3134058307
6156070251
9085092676
9175099032
2171071812
5174068964
6152062584
3132063997
126060474
7191021981
3193040853
6118086567
2183010619
6082082168
1152024278
6183006173
7133097848
6176038137
4168066599
2187009606
1012079879
4188003571
4176013943
1198029344
7058073565
2148047515
8140095237
2198086750
2132027257
3127016230
9018098920
35076296
9135002221
8029087200
102028018
5132062217
4101051783
7102064541
6129052241
3138011949
1139072993
4088086844
6151042341
2106004324
2176055128
6146060001
3108077911
4101047058
2142084624
129087803
6014091378
9154029517
3177047662
7106068096
7127041571
4165071899
2118089340
5158028244
5153052429
4195009600
8152070998
2194028260
9112072314
8111082855
1189002861
2194089446
8072079184
7177073383
8188055148
5195035702
2107000734
9055097500
1145024975
4155093302
6173092930
4176012775
6190063839
1184087356
3113077503
5018070978
9188074663
2140056820
9141044411
5041084643
9195037145
2111009193
8126076370
3158030894
2179060647
5001078356
1108049802
7193029009
1090126
9086092855
9142068018
3137054927
2143038862
4151086896
1166050265
7174047977
9110022832
1189031050
8184030488
6174078197
7189079484
104039524
118019629
5146066747
9148081876
5145036480
5174024208
2185076598
8181041493
5039072182
7116092816
4105077607
5155036135
8003090439
9033092816
6084089638
5189022508
7146039639
9083087384
6140059743
5114000840
1182057628
6151079399
7073078282
3138077151
8103089975
9018075376
4164044471
5112034021
1188066868
6197034135
2108005917
1124043094
77094551
1057099163
6198042560
1184013463
2089078659
6122063235
5163063807
6111002235
8113033692
9107058063
3114078530
5132003098
2160019076
1162021673
2101049882
6166000814
4146025714
4150061481
9097098540
5004095730
7101007876
4140074976
198043523
7037097327
8113014410
4165061292
4006092096
2161064154
6142061191
7176031337
5134007529
162094238
8148072683
9153061574
2117010059
9168027098
9127027914
7024096342
1098094798
1107023125
3147018793
1190029762
6102071472
7140034871
1145089670
3106089957
1120039350
2031089535
1195023279
8177028208
8146080500
150003659
7152071219
6128095222
3011072766
8072097954
8185001618
6176029464
7061096511
6128057906
6155064761
9121080044
6108026950
7178086172
180075362
7197045888
3117024665
3036081816
5089086462
6139028844
5128073043
1161021487
128035779
6150088865
5169057291
2115009411
6184060359
7100000408
7062092320
9186032022
2174024330
5099081970
4155037936
172079858
130000071
7185073833
177022991
8150078604
2190065087
5157036306
2167015063
1143040566
5106041441
2124055915
7181040102
7194000539
3127075642
163061318
6098093430
6144016130
5129082948
2183087726
3061088985
6135081300
7115050364
6155034800
3009089090
9141010144
6159063825
8190013467
5001082074
4103020508
3058088081
8171024174
4178016220
4065079277
6149053213
1166021232
3188074462
6195030796
9123069840
38083166
9046092190
3141020286
5167090029
4131044034
2169092405
3146052419
4195089628
182098804
1120056586
3107062270
9167047201
4033083577
4189030645
2123073857
5097087369
1165019534
7145021079
7121009743
6126056740
5177053644
4172021888
8054082779
2177096236
3130034699
8180079554
4190077183
5180030336
4197077848
9063092630
5187007364
8159040700
2175082301
1095077055
128022975
5021095568
2032090012
4110098214
8117039328
5138077131
8148097623
1006094101
9095081388
8110094239
136067068
5061078753
98093682
140061348
8155029327
4199002962
65079997
6021094504
2098073777
5175047310
3040077189
8195066976
4057076577
3124089606
8147002696
45091733
2007096202
3014074563
9162085555
9136023842
3116099727
2142059537
5141033095
7043073850
4138012189
3102028392
6185010791
5124086834
6105027777
3108010420
4137015799
2129008193
4146064002
2133022234
8192068097
7139020570
3100073575
8089096399
1140088076
2066089979
5197049277
1063099225
9191043870
3156030641
4024070382
1100006049
2136014184
8083086909
4130084355
7009073966
8137088741
3063091397
9158013817
1058093570
167034561
119020551
4170075820
6138032184
6135045020
1189028895
4128077166
3053079086
115018036
3190093526
7029085961
2194016086
3124079215
3100041081
5140009221
7148070882
8103070256
5162069341
2076090567
8092098780
1112054735
5163062871
4133086996
9153069957
5074081756
6186048311
2129055044
2128083807
5122059715
7037090311
1027099048
4117043069
3177089029
3075088313
8117038255
4193042682
2198032598
6110088649
4158006985
4188010843
1130059662
1106066549
8180047283
8169004898
9033088681
9125012863
6112052202
8198003639
2126027733
7109070296
2057095024
2089098785
195033047
9176035272
6141033678
7113046518
7039070374
2173051058
3165067608
1195021858
3082095012
4140056193
9138091920
7095084437
6119016691
5042095762
2153083521
3196097632
9150073691
5170060391
9118090220
6197062080
1146008836
7177080321
7142060740
3134056130
1197055835
1096380
4192042890
9107058655
4105053030
9127034965
2135001181
9138087815
9127055995
8120078195
1141081636
5059080574
9125026035
9184075069
174009592
9129009625
9094082460
4128003239
5122080456
135085715
4142059956
4177093632
8195081088
3086093971
9111045006
3187034641
3155038945
9141067937
4120027839
1111041066
2197021218
3114084394
8102077529
2189015089
7135008822
5059088762
3163071593
9055090580
6099085686
9133051127
190009523
3145044661
7171071685
7170055379
8017085192
7109040022
8092099884
3155049232
6126039745
182076272
3165007511
8045079879
2124033969
1151075598
5198011235
4047099400
1171058196
8141068295
3114043586
9178004953
1121087076
4129080745
6101064142
7113028441
3182008825
4118078760
106016930
6192087638
2017098233
9032080955
2174004511
2132052792
7187072174
3124077648
5191050373
1148073070
2127034640
2129001177
1123074222
5180045862
8147029947
3083087364
182022742
2151065206
8183022854
9125010458
181019947
7172013636
7092089794
6198057074
8023097317
8114077769
3118038170
8137063331
7137015530
8065082619
5182015621
7060089018
1164031684
6134038703
3184017041
1113070428
3176048777
4174059415
7047081123
4130064624
5136076293
4118083544
6138083541
6194069663
7182037740
4163036741
120052471
6186012931
9185035267
5094080025
2184069087
7107052251
3096079453
3163083392
2146098818
2087093313
7006097573
8154018459
6199029261
3161057083
6185077270
6165003649
2126056715
2110088589
1018097462
7173063786
3155056879
7167076928
5143066768
9130085651
3187012427
4014083423
4063098338
9173045125
7158077333
9103015089
3131011155
8154049125
6191075319
9199022784
7178019803
6194074118
3132070487
6159078395
8130081447
1046084680
4179040721
7160012157
3028091993
156017355
3088098925
1012070282
4124000709
2157037602
5137065098
3144004488
7176010976
9109031336
183034748
6192054624
4134076688
1130025226
4180004726
9138068666
4041080206
9167005561
9144020469
5119009613
3067084653
2179035446
1178054824
8131097232
4123011555
4156097110
3153067665
4081096014
2037089502
1111030567
7170067045
181073217
9132091724
89075650
1130053108
8069085800
180016241
3175002711
1044075997
1083072468
1181003231
8168055502
5116063758
8086078780
4191019883
5018099337
2162078724
5196023565
4000083825
6055093875
33090008
4031088497
1123021294
7131083477
7144019528
9080070687
1163018296
5124006890
132076056
9098096962
68095093
5178002816
189006742
8168059924
2196019548
6123060580
8173016816
7122015532
1147008875
2062093248
2111041004
1187076702
1100064188
5187072409
7069083288
2178044536
2171026588
2118025232
6061070288
6114015162
1170088221
3070076696
4120004754
3026095448
1058084401
4101018762
4103035110
8146085152
1161044678
8139074112
8135084397
5135036760
8139044499
5151079594
1106031893
4144002102
8199070221
5196062803
5157067950
7061074268
9191074472
8167030815
5042075954
3157049852
9151081506
1196021566
1107041860
109000299
5168069344
5180031756
55094650
6102062628
159084551
8056081343
9118023747
9158083316
4106044670
8133036515
2129079258
5064091244
2150061209
2178047734
7151089098
8130000272
4129076583
2013070456
46093369
4128073841
4148074873
3018071351
2150057891
139049822
2164038271
2081095220
8093090449
9120077959
7144054354
5196024303
6134017849
4066086340
5195000160
2139031624
9149066609
5018081820
1098077153
1165008861
194017021
4103057064
7140075815
116035708
7106061194
2126075317
8181039183
8164062985
2156085509
4064084494
9122016894
3124019560
7047080902
1167088569
63096911
1147061298
7153012571
7117013762
8183077163
6102059411
6136087132
4100063327
2149021659
4008086261
76093103
7178004723
1170027265
3155075018
8135077348
139061423
4045073591
8132060499
7190004539
1168057625
1105084551
8104071143
9159016480
194093732
3140071686
1105046723
5169034742
4066087538
6106046364
9022087658
7127085716
9105045528
6020087094
2091091243
8139070188
8107006807
4012087886
9118094601
5179077782
3115026212
7153013930
161056340
2182062854
2103006011
165054942
7185080376
182039487
5062099680
1197026454
2057071786
7131081988
4145074820
8139033553
83092537
8171050865
3030083188
3121062406
8192058972
151018236
3178033940
3110083797
5189069760
8114042817
9129076444
8178060092
7133033587
5149001649
2130019310
7162017577
9093084134
2016087029
1168070188
8184018450
4149043653
3102007962
7133098209
1137002120
3101030184
4101006971
1193049227
9158003602
6192082819
3166031292
3054098769
9177030251
6141010768
5009088862
4174026807
9166033370
2148057969
2092092507
166079929
1145078286
109020787
2193058108
3156050112
1175097839
5176089705
3107087114
4193042745
9158060244
7045081951
1168032511
8177006412
1191019205
7137055349
195051311
5051080426
7050085292
1197061802
2148068557
8059093512
149036821
7179056569
6041099443
7176068484
7026096352
7193001245
7096085562
4108029055
6159064785
3118026364
6179026409
7128023850
3198080130
9164074875
3160028963
3141090503
2030072451
8185018528
4150096829
5043094810
188058138
9113011159
4131018297
7107079107
9149081860
2088098512
1117085836
33081486
2114039948
4089084698
2033094952
9119062053
3153051089
2178091019
9136085881
6166047471
153050564
7114066373
4138087072
1126031071
7182058776
4173090730
9127072275
5173075793
7142054511
170015765
7126079189
8112008137
38084030
142072612
3111041734
4088077580
4173041641
180029852
7194004457
9186052216
9135004211
3094073780
3122010816
156083127
8120059586
8199010058
5145064940
9155083855
9198048093
5120033579
9181021159
5122059357
8179064973
138026513
4186069519
3177061292
4144071205
3180058944
1050094975
4151022130
9095098870
9159077655
8111072915
5140006540
7131073982
117046392
9119046547
4194036210
7138033584
4145028325
2171040152
2136014864
4171015389
3131042951
182082101
84084263
6061073587
1100039861
9196012830
121017468
4125049643
1074098722
5146086822
8096087649
1176031867
6151060945
2119080818
8015090424
186058609
4072071454
7133060683
9162030183
4129051904
117015149
7098097207
6101086749
8187074572
8199051346
6153063433
4131010775
8161024235
6157060385
1005094817
6180065982
3191061934
6095085684
137042926
9109019349
2102078695
7139015496
8141046520
1165055648
1169005002
7177030286
9102038928
7092080822
2078090797
32081326
3142083713
8110059331
1188007114
4148048628
7153050314
5177007793
3116011717
2197051982
5101085168
8148059069
2155025460
9171084990
3074086587
195049307
5148081557
6137055571
5189061170
4055097392
9152075491
8154068966
9151084058
7082088593
5021089841
1177087732
9132056622
1164005309
2102041792
1127024272
5188065788
3056096271
6172053698
4001090991
4151003888
4096080993
2017093214
3188037477
2154065049
6131082917
9110068867
2162024120
136024196
7101077736
5018071158
1134093232
1107074931
4082072081
6056094083
9166025612
5096079875
9145037289
1004090502
3194084178
7171061719
9184061391
5156009263
6100057762
4109014338
4125067590
6021093039
6131095336
6182072396
6162026012
8170020556
6119005644
1123031989
1135091022
2113094008
5143085740
5142033645
7142002520
1191058008
2082092284
6092085152
5014072179
5132060872
7083098887
180004621
2182028431
3107078147
8154001140
1192006416
152029531
9094071494
2177044820
94083536
5099082400
179062155
9117033899
4122050380
4102035040
7146061879
3105041615
4160056119
9044071973
179039923
8119068818
6099099324
8104038062
193040686
7104043096
3199001799
7109013156
7132092014
2168080769
8075092110
5111084033
1143055017
3105022625
6099081782
9156089461
3069076298
2015078268
7188050464
4103016579
1164071988
3101048063
8115064298
8119080729
8017099618
2183081685
3107036231
2011088218
9190017171
3103028645
6088095689
8005079280
1184047503
6126041001
6190068168
7163048563
9158059636
7081095649
3031085033
9186012292
9122055232
6103053508
2134052213
5133066635
9084096579
8150023047
4058091240
4128079233
2116039017
1135005914
1151027070
1166051334
196013781
5137029580
7041098200
8115082576
7018077194
9140022810
6137052848
7188083076
7126020031
5162079784
3182051411
5198032307
6156072906
1117010777
2044096810
7001094100
8125040242
4131053330
2119015884
2165059053
3151061608
9148024500
174047058
4128008014
6142084379
4173005680
166065305
152087396
6161047175
197003851
8167078598
2121073282
179016060
4069086607
8153023632
9129092033
8106024915
2166031682
5086080579
9114051865
4189009712
6190001381
8171033128
7005071778
1135065739
4045095878
1111023281
166038316
173070450
8039080714
9158060052
3089091709
8198044251
8100079932
6158081384
6122008418
9116040702
7185062314
7031093872
2129036167
3064081732
150096630
2047091990
4110022821
6112054575
9138024876
2061078966
7106000522
2192065890
9069098935
3134089303
44093744
2044083010
180048290
3136064666
1121080154
7197051894
9111063462
73080347
7043080447
1089082843
9006086147
1064078453
4100040256
4198072302
2056071863
