7011099091
4000095616
6130006385
3054099160
5033089483
5178026828
3119074271
1159095630
5092092898
6102086331
4152092327
4162018756
8031096018
1106022796
5115035629
8112000534
130081647
9099075469
2008091449
5113024290
3177089626
2137050978
7168072754
9048098965
7176000527
6185033443
7147022439
4142079568
9127031534
1002093090
3147005413
4094092259
3146058164
9121006934
9148032756
6133098730
1110066522
4006099826
5134051515
7158029035
2095090771
1023080722
1117035762
141071989
4083092973
6151037457
194027473
5057082494
4191058596
7077071483
7191024658
8142000525
9153065053
5074080472
1119029019
5103035019
9186004806
7118055272
8103021575
8165022722
8083091733
4195097027
6194086862
2164029884
7047083525
7132070916
6156015817
6118016245
4111026122
7165091937
5190090522
3140058989
8183033101
1188005650
5138023133
2139057009
9109044726
4061082408
6149094346
8008072579
4176083997
77090898
2115010832
18074361
180083635
9134027395
3169029244
5037098092
8145082882
9165034503
8127047520
9094075757
93072983
6038091580
1192086895
1199080257
59090874
6019072571
8102022353
3139077840
3113009282
21071669
1155000108
6129099302
9154065503
1198075889
7169017175
8122076420
8100041439
6108081987
1107001162
46097437
7191017870
4152051621
3168054278
2154011444
2166012527
6137046661
5198066059
2071088381
9164014788
9117033454
1034071491
9151000475
4139089774
2156035148
7180034294
9134022329
8089098800
7146000589
6155092635
3117075299
5029098874
5121079116
6150083197
2176038486
5186018571
2161050454
6154080599
8132050823
3170026399
7104084274
8192036023
6134037501
6150072832
1139080226
143003489
7101092537
3144032797
6108000435
8033088193
2066092017
6187076181
1166021555
1162081972
105097845
7046090615
9116037494
5140001839
6101001309
6158069170
6092086053
5114024545
5154033185
8161086710
91091601
7089078157
123006921
4023076583
9185062618
3064085669
145007923
8026089786
5140045968
139075894
5038097907
3037082088
5153027156
8117079725
9196087122
2102026763
5102027044
7129001476
195084816
7169087728
9127016252
6152000512
2105046997
1157018317
3140067682
9102015421
7033096355
8155010462
3120062788
7134013932
8156086192
4168018137
6099084312
9066090419
1166003359
6198040780
5069090059
3141022555
5178088337
2160006598
1103005708
6100065537
9156080875
1160078907
3113050595
8050073954
6115085121
2180001244
6024092165
5183056493
28088898
4159011734
2112030070
71087993
6152094201
9060075679
8142023837
4099080142
3146096413
139083614
7100030164
6071077397
1154054637
5088098283
159089476
4038087468
9128054937
7022076491
8116076798
3128087591
1194028612
2160051584
9164009713
2192000569
5055098032
8179054841
7135066075
8046080405
7018091181
8155024923
6153029357
1120011155
8009084064
1016092537
6124086595
5179078402
7136070871
1173027780
4181083561
3121029329
8171073401
7101014114
5118077600
6147053829
3156074058
9018098749
1119008027
5018096450
1106078589
9116072912
133071381
114037942
6121098511
7159021037
8147043956
2152018139
3065084748
8114069116
6037070063
7161023919
8124031650
5093089792
7101057807
8120021052
167034704
8134092613
4163033217
9100032466
7090079967
9168069840
9167021022
6181069565
7033084041
1180084360
6144086754
4170043782
7187067823
4132057996
2163008692
3033090430
7109047359
3111017864
4101008291
2144066778
2026097862
109016591
3107098833
8184060846
3003092574
5082084640
3085086071
9139072769
8100042010
7173022272
4113086106
9138001306
5128037965
2172017987
84079976
4011090027
1161067016
1104059018
9183000516
6002087526
6137063588
4045099076
3184008242
7181047459
9028072478
5117007453
7106072468
8130082015
1123035673
4140061054
8189046201
2073083768
1164098601
4196074743
7191086948
9148051926
4156002101
8059084105
108048230
8174036585
1113047128
5139002989
6173079011
2173098229
5166004915
3158076116
8158064100
7155086808
3117067529
8167009710
3133067732
2114014297
1151025521
4048084309
2102079639
1104077698
4189054975
9089082197
7054081482
5102031970
6150010792
149055224
1198063888
65080242
3174052567
149021754
8197065227
7109063939
4156041656
1112058781
8049083661
2198044334
165017571
2150097731
2128021976
5155011744
5131099307
1135028090
8172040246
6131040336
8095087907
7144063887
8153018968
3185087445
3147000758
6112038158
5113086824
4106084005
9174063964
36092464
7169033990
6027075677
5118000587
6153020723
5104035827
2103041414
8171085180
9170022803
1178066869
4107046969
7189062282
4105082074
5055085032
9181069277
187024294
3148064467
7167032616
4133023911
2109038678
139078241
1134087139
8125043173
33080535
4142077814
5128030524
6152044921
6007092797
144019632
1186014676
7153021344
7182081053
7111027371
3137044580
72094844
6181080409
9182088540
3130073060
9156055361
9102092133
103073940
190008815
7179031380
2142031558
8180095318
1171060680
93076263
6102013719
2104055424
5002088669
4108080160
4159043095
3106015734
5190062527
3192064199
2064084964
8140041415
7139018632
9114017002
2151095801
1145037127
6113027719
8103073077
9016088693
8156040653
4187048021
8031092240
71098453
173003112
6163080244
3186070799
7161001600
191012834
8183031970
4110013262
8102005603
7147061718
2178006678
7054073058
6103049471
7173079695
1174029370
8157069182
3109042157
3138031231
174063701
5008088899
4104033084
6130026630
5092081320
4124079131
1059078286
30093961
8192037783
162012553
7162097911
9113003997
6194078700
9145062928
2126067164
1018098595
7161009788
7174076293
6124020213
6188057791
8134079801
78080368
8061095620
2022086948
9135031021
151049257
8187093331
5006073683
9119001538
4107061409
7106095510
9187045473
8100021449
5144048889
6118067669
50091232
2084081261
5187076041
9068097694
6016094953
3081081525
9130072489
6146022481
7184044028
6125021529
30097135
191073500
1195060512
3112053468
6182030574
3004079979
4121057893
5067098132
103027506
1143086078
6133026066
8102098123
3173035838
50095733
2037091034
7190000132
6181036142
3103004733
182089985
7171069935
1143031203
2120008514
1150009900
7104088944
6100035613
3161061903
192028698
142081975
4195067488
3184048828
6157013564
8149057662
3196006412
1121008987
4129068259
3019089941
9157099010
3115037983
1170021775
3194027716
5022095949
2140029490
7147073027
7011083377
9013094709
5154074741
5155065151
6137033971
6113024271
5155021886
7183065304
7197084273
8127074249
7123050577
73076176
2155010557
5176070125
4164017727
1052078387
7020092718
1134059214
4156049049
8130008537
1185048585
3104099426
7111009112
140076843
8125027058
190084579
9125010464
9124049217
7101024525
1156076470
2112079796
2176021798
6181082250
7151022186
8074073964
4130028263
5101069671
6027091872
1185027589
8086094810
5159024994
8134069495
1159068162
6052080875
6061085852
9158007058
122088744
5106042622
8149074112
6159068334
1161071799
2021070166
6111027662
8149073164
179037054
150045291
4106015761
8097080680
4197073486
3102040579
7141068432
4143027917
2133090819
6022090184
7108087512
7136094712
5118049215
5133057923
185004982
6116014029
4072089086
2150041472
9190088913
6199068983
8070098430
7170079379
3127040020
5129061230
8154037924
8079083180
1178031358
6042070463
6122041056
9138008824
9182088161
5141044521
4181040904
7058090898
8156033505
121047791
2101069724
3120084108
3042082991
4123033069
6148021153
7156032877
5178070920
6121071126
7143095948
1114032833
2150077226
8158083335
4122041683
4152088141
2123086657
9116054435
2008078766
4153084817
9114020100
7083090472
145094006
7121065368
3194021061
155008327
7179077992
7181018032
7093095805
2019077055
6112076448
195080974
4111071388
121041873
2166054326
3192062644
5160021150
8152005780
3153004547
1165050536
2172053761
8145039729
9189092408
4147035178
4181089466
3100073708
1081082962
3144013655
7183014865
3118051674
4124064399
3122009156
1107042571
4111045459
5167079205
6168034469
7195019867
5161057985
5102030454
8123081408
8152012475
9102020315
5051090965
7148061570
9198064297
125008330
5198033787
1027092714
8007089403
8143071306
4199097413
8169050979
1139065419
9188053540
8144035358
4060098654
6157046430
8016091316
4115089477
6107071003
155052358
9160063147
6131076357
6115067024
9107014961
1129072694
9068094369
4101068107
7140019521
6169017130
108098834
7128056413
4161087871
7193041011
176069330
4007088348
7190066395
5023079655
4120020189
112058107
3154063013
7115044779
2146027611
4185047126
8120006512
7104084041
7153038879
3093079976
7105025440
4125055839
8196060379
9100009903
6165025056
5135083580
3118071324
9086091381
3036095092
3005093502
1082070591
6055087935
8154088039
8104062830
8140042164
3182020236
9105070761
8113066164
6154047299
180010467
7175089523
2036094364
3149077221
9169081878
5106049627
2110003586
5142063470
1194043503
4001091836
5180051125
7147035591
2183019519
4050088861
1178081972
4046085472
193039219
4111095932
6123086174
7116091308
9157012162
1123051489
6194080536
1145067202
2186093209
75090462
4009094951
5117065066
4152004249
163055802
4176086081
4160021182
1145072615
2176024288
8173009423
1110094937
4107044129
5109064041
3042088268
4176017748
1154044107
5161062591
6198098619
3104032905
7085099468
9126075096
5143032256
3105044510
8123012944
8190077388
1118078485
2173006060
9103063225
9133052582
5132069616
1196052659
8125042445
114072607
8143096910
4077078772
8166064504
3109073963
177064890
5156093500
2125059125
2038084851
4188039022
4090085492
8150023361
4169035893
1127002627
1138025527
7150075618
5160027525
3170046423
9116082910
5105096120
2118011786
7141046400
5194018507
2105094742
5113021436
7106036386
103017872
8154088221
148075915
1144067302
1121026893
6194065865
5100044080
184060332
5135081406
8032079698
5153071755
3189086756
4115092634
5195085133
1056094929
3046089162
159000609
3110089060
7075081573
8019080155
7121042663
2018087822
7179016110
8030089346
3143022991
9138079934
6102050497
197004608
4111061553
2196022559
7073088797
6144070178
4179072898
3180088832
5115002976
136040217
148055709
6185039003
5040075872
1063097289
8155050577
3121039548
1179074324
6187080767
5134054550
7161064213
8113062749
1028096857
1198078766
3190086479
5112060147
152093033
3194003202
3198021152
1022097169
7117059476
127027734
8099091207
5139036838
4135006018
3156010185
7108041460
3160050068
1000099471
2062080921
6106086995
8141043288
2141079483
9103046520
6142009099
4197060406
1130093942
4088093422
3184048541
2125033796
1143022007
145016010
1153039895
8103016946
4112071967
3171038601
6122049269
6121006784
185090732
8107042921
2100024769
7168071071
5123096932
5144077038
1116026520
7140031364
8181002749
1141079118
1102012980
4185083229
3179063049
9107022999
1121071025
2181049984
6112050509
2062075083
3144038746
1149094949
1175043988
8162037683
5183087599
6161000404
158064731
3104021259
6144058786
5122036380
8199009695
9085089605
4123086211
2129076136
3001085225
5109038494
2143012562
7192028426
4115009702
6076081818
7178065175
2149006195
118026787
4165021157
7124037732
132017810
183018061
3168044830
5143089458
6123040188
9174095338
9151053035
8084077872
5171089525
2183011904
158014593
4118027921
2144011901
2194038868
6168015937
8146079234
6107006000
7151093137
103045168
169085378
6023099692
31095185
4118032220
7153005773
5138038673
1130067816
6173018562
6128045340
8075085951
6199019712
8125084086
5077087080
64086368
2158047730
5175059071
6005091118
8157045267
3126060096
8041090886
3178016617
2190050883
6035094669
199043848
2179031308
2196056146
5189065423
3114046525
1132018626
4140028979
1136082473
3170040154
1151015686
8182076775
9156090341
8112040603
5077072161
1141075051
5110017472
3192036076
147014285
6166052028
6173024127
2117031860
6198011678
8149062613
4108025136
4050071855
4052093726
9115084481
22093395
2138069282
3129025658
104043661
3111028165
7063087000
1127075398
2194087545
154045714
5093077649
9175074917
8143023197
8112045040
8118043973
2159070502
5166024619
7151083785
3119048227
6105043997
2185074059
1097077284
3121043576
5181087363
4121040660
5197032970
1170058116
7193046136
3088072071
4168002401
7190087689
2181008175
1104039220
1199034378
176072273
1187020810
4182087188
7141069649
139035390
3153074433
1100010128
8121062750
5024083076
3177056350
5102052911
4158017482
8166020920
5009091817
9080097860
6133086753
2124082505
9141082831
6197093032
9092086167
7106043902
120010157
136080005
3145063699
1125045744
5187034942
1020082214
6160016004
1118059207
9153076517
4042091022
7127044758
158030018
3137003618
3192036624
6010098808
180032549
9166089475
6083073784
114025324
4161018282
9181001186
9169017947
125081035
82084002
5129030562
2138048082
3135066480
4042083961
1183031939
3051099648
4149016186
8140083315
9024096129
7164076659
2176062932
9171035524
7144093513
4170025952
3179049916
4079099106
3180030954
165031482
1141062505
8120031708
3070087151
6188063316
4189077017
8038096065
5175037485
2132024626
146009608
3196018660
3147048445
4112055231
2011082542
1177001653
1150067750
1196043529
5054081798
4160063132
193048300
3147031412
7145068702
6186022463
1132085078
6122063658
8180027538
5151004841
6028079992
5192055136
4185081764
8179074586
9086083322
5163064702
1091089750
4143082513
4149085053
7199042957
3188017223
9100007932
5182053562
9171058183
8170059539
155088464
8117024277
7142009469
1183057882
6174078379
9191045679
3108069631
5130097226
6150035894
4178005486
1145023714
1087087499
1149076379
9117097837
7077085014
2138066106
2148094347
1102098337
7131081409
189036642
7162005495
9037081068
2182051981
7108027692
3142066113
114045864
7137043905
3127087754
5046073693
3024093756
8172087979
3189089576
1127047261
9093085588
8150031842
112014953
9168073895
3122058814
9163094701
141082921
2195027427
1013087586
9177068684
5086073884
9197081384
8125084716
1168083002
2142038683
6176054741
6035091632
3075094619
25089372
7177085703
5012098467
4192081851
2146026203
2114068541
8165032807
3166086703
8065085487
131045662
7140048846
9085094537
7178015560
4175082970
8120069793
2052095342
6085085244
1198084827
3178006430
8146026395
1178011314
1092097028
1041092589
9141011343
5134059846
8150034203
7171040212
2051092031
8173071293
5138084081
4176051047
1155039184
5177089820
10087212
7125064958
2195047051
4057099869
7082091676
4190020905
196049370
5101002152
8194015825
135067482
179072444
8142070066
9133062641
3130003243
2127039138
5096097947
25098612
2120079492
8117011233
5131072398
9149004987
8088086150
4173038312
3122075356
1111098616
2032087431
9106081537
186003741
46071054
9197022188
3091092045
122087326
6169066950
6102002233
6176007231
92075745
2122064285
8199072705
4132007957
6161037438
5199041633
186021664
4162027137
8000071284
9173074626
1193033596
9182040295
9125062953
4134078571
5115036719
1176028819
2096090949
5175044976
6036090464
153043981
1113047220
8003090286
3075656
1134018881
5126037937
137001356
6012073050
2195005899
4128053580
3062089051
5025084669
7055093410
1172043650
3175061645
9147070840
1011083562
194027969
2086072588
5076088242
8104074972
8157043693
8139021843
7124004880
6025098425
1112010587
132039406
5152035161
5149021274
6159024103
6022078160
1048080067
7070085934
2172035715
5060094197
6157083651
1127034269
8106072686
179015416
7113044806
4042090371
126068609
1147014961
3187033688
6119041400
2113074797
9183008910
5140033551
2163097326
4153036220
9122075422
9141020475
7104062738
5178079412
196045188
9171097429
2154074333
3130076535
7147099048
8183029008
5050083797
103088138
6088094920
9129045490
8165082323
4184074410
7134050690
4190046576
5187083100
88075779
1030076879
6107016774
5129061849
2166016893
3098071587
9177091524
8006091672
1113047221
2194070754
49099221
3026099793
2159029883
4042082375
150089279
9001083325
5160066188
5186023748
6177044174
1192002624
2055079662
2076091634
5107048596
8182004091
2094087107
175062243
9179053939
6002076753
1147066311
3116041697
6188074869
7113047886
3146049031
9194047456
6051099547
114002767
5193022905
9087083382
6193062688
2152091600
9002071498
1175088133
1047076778
9187041473
8112052977
9109037711
9178077516
3105013534
2046076351
5160067871
6175050953
2152086848
3147017103
1111013875
3198071997
9189022450
9179084401
2172022464
1009084153
3111023360
3154003566
7142071385
148051167
4186033996
2182069979
9046083126
6021095565
7112097541
6106035340
5151020544
1175060348
9136051033
2119023470
8102011384
6142010567
9179026549
7137093334
6166067160
115042774
4072099035
1001092822
1063077291
6119068260
9191065110
1107002300
6103073775
3158015173
6154002143
4166072252
5157046453
1170072397
6044081564
4131089618
2104030945
3117071567
6115023232
189015024
6098095880
8167047688
9111051865
8119010194
3162031317
122086651
3133067775
7184072008
2194063365
196077818
6108088011
6046096438
9143098336
1151033823
9197007358
2192078177
1193075272
5198078007
2071088894
1110004265
6171091521
2088083722
5166054428
7156027961
8031076862
4047093365
6089073054
155081214
9123022775
3101081107
1150064732
2104001767
5076096533
5156064951
4198000772
1130030186
2104072373
1114075290
2006093862
120072968
2000080030
184020852
3189060698
9125047062
7123063036
8132015121
4102086813
4146080326
1118049634
7195020172
2158058881
182002949
5094097181
7026094068
1174068829
3120084380
6136006898
6035091917
3174015069
123033389
9090080608
9194029461
161015096
126025283
5158034820
2192034127
8109020670
4185069062
129034401
7174079491
5142043016
173062040
69088525
3134017359
2195009181
8134073599
6006095546
2104047591
2141090610
8038093286
5162021410
4184063112
9156006033
3191087084
8173051662
3124089352
70092400
2142065223
9110014255
3168086809
8152051624
47085980
7098097430
4132029071
170078775
4118012664
6190016675
3014085320
2054088570
2135020644
3087084262
9101092742
5178091838
7113063867
5041082238
4127013676
4187018846
8016091551
6178092108
8155044387
8147049998
8103033116
7028085714
6128029455
8090075447
9189006790
5119075189
8156026678
3133045316
8168025472
150076984
9189099825
2134056029
109089276
5115002299
5088084724
179049402
81094306
2114050296
8075097630
5113050805
2148074229
5121058527
8145053326
9187047765
1184010456
7150009567
8193079856
5183083438
4176030983
103071488
190006219
8025085698
7138098614
4174051871
7152074097
9156055903
146019600
3125054056
8041081557
4034073285
5084075391
7161051615
8104034096
2108002223
6131098914
3184088083
7138078505
3190037728
9190054668
110020594
7124064869
5175078069
1174067115
82072268
9178013056
6156043383
5132054435
8178074289
8163028780
2120027563
1189052270
3084085756
6034092492
3058094463
7108044758
4108076719
8159051949
6197065439
19081693
7034085545
127024079
4106044560
6153016708
9105063942
8154041030
4139037823
7185024084
69093117
9141015649
2171026347
6165076723
1169059814
6084090137
4193099416
8104078562
9011097742
1020081393
6195086407
64099835
6174092723
7069073372
1149024362
6048099571
188012038
7149058084
1161018366
7173076662
9157046755
167043568
4104041077
6163004047
196053052
5198031280
4078073167
2166004821
148052826
4171047950
3175083112
2105056962
5193073045
8197037305
3161013071
3140058479
2171065274
7145001220
1176064659
4035091953
2147049595
5036074163
7146069570
3196020771
5110075070
5146098602
7147069407
4146008099
7177044469
1153064690
9159085682
3037088022
8162022515
3193063734
6174051347
4190063060
5143054943
9046090277
4112063890
9127015514
1136067671
1176054456
161048863
5050084187
2145038493
142067531
8124007930
5154010172
5161061316
1000096411
7151081696
3102093133
3109081351
2075084780
3174015692
4138057440
5107008569
2056078651
7125005695
2195004798
6105085235
1165058869
8132062677
9172028147
7115064818
7124038958
3052071761
2123048695
3188064363
6018095220
6170000796
6046085564
6194045282
1163069374
5102010984
8086086466
173020576
8151009692
7148001406
1145080083
8141095134
9097091422
135088429
9185051525
1192064243
1007070593
2176067252
5139010753
7151013930
9165078117
5172038306
4108083855
7143077011
7178035730
6170065906
1147085661
9144074979
1116020506
4023098459
3170075882
1023080818
8048097703
4118097021
1198043214
6044098813
6018071082
3170079407
114040976
113005874
4176067559
6129087044
2066093981
4130047548
9195057106
7172073787
3127049347
5128097749
6056078496
3136069661
43098607
55091310
8189061274
5147057999
3165044832
5143096343
8162061085
3102041130
2195076396
6150020998
8188061523
9179038757
1130081085
7052089690
1108053071
4103034694
9186071416
6148058712
2188015653
3193004702
9177006114
4142061174
7172057149
3105063095
4164025252
9132060983
4125085661
8140000127
4113039625
8029086427
138092227
9169000956
6147020384
5102097147
1186032611
4194052248
1111045426
1108000574
3142051619
6031074477
9159089397
4111042412
3142074750
1013099806
2102076634
7129010212
8121034561
4054098689
174087368
4133048213
3122036918
8141074661
7179014877
4165071585
129022866
95094208
6158030450
9151012237
1132081127
2167006710
178014381
163031991
4174062301
8079089483
1175010303
1091087616
2126071172
2112051406
6159041081
72071176
4031091232
1114025128
7104088239
182002267
6019082337
6111066517
7187086479
3130011426
6113077221
8098080787
3045085786
9190050301
9148032726
8162014638
7158070740
8138032821
2149037429
2013075789
8137085336
6040091728
3184094414
4108011909
5164090321
6116091828
8124079539
7143054035
1151084552
2163045274
9161023037
7145045016
2000078983
133035018
5168012454
37073073
4177060251
7128074961
6199008930
5193058446
4188013596
1128055009
195072803
9016099403
6145042058
4133014214
180050551
9056086944
3194067936
9016095081
9135009509
6012095130
8156031943
182061578
5109004702
7022088669
3134082230
1166061508
2180076335
6171052321
2143025600
1068075797
5181042422
6076098525
8007098448
4101080799
3077091066
5053089375
1141010817
177065556
6118011619
3052085074
9194056490
3097090238
5015081749
9122021318
5030071769
3145067354
5141035817
2172012279
5183036295
6091096267
127043222
6193005475
3129004204
5094080236
7105096136
6177087602
9186060010
9135049884
3028082266
4023084547
108008790
2178023713
2161037728
72085519
9163005340
9141015816
9100079292
7178085663
7183082368
4010075653
2088091796
6066085133
6149010863
7121035227
3185059495
1118070120
9126096929
6092084750
6087099914
9107078063
7063090103
39084419
2003092664
2043086294
2185016953
7154035749
2133033295
9116046131
5009081303
5093094510
7139077239
6021083803
2160045746
9120011403
9179082416
168076616
5134022685
2124004709
4149093041
7011082507
5050087962
4145073811
127007485
9026086363
8194073295
1178059256
7123020715
6170027743
6121041645
2198060485
3003088536
87091162
1163043725
6115056577
9146087505
6190035542
161030433
5142074950
7100016445
5052075373
8187028024
3125060897
1181061173
3122019455
9176060559
7153013488
8105085783
3145019739
188076970
1129076532
7140099909
6119083317
103005605
4048071078
8001092411
6195087920
2054087302
2133043231
199008924
6191063244
1165023561
6174099104
7103033231
9039075480
6106084377
8095086661
6138022596
5170001417
9060077579
5173060018
8030089751
7019085199
9118062513
4140065951
3165025045
1196068992
7161093432
6046087898
6134049073
184081138
121061360
8121008601
6035093038
5193019705
3097305
4112081911
140092406
4024099310
7179078716
5128090144
3164032141
4153009737
1177029312
19089584
175005416
9108089702
192023340
4169001296
7162038490
108008066
126029586
4182024885
6010080574
4148079822
7127005136
1129020569
1042092290
2187070222
5160039062
5007090955
8172078690
6086075189
2165078892
5063084188
4173027040
1176005613
3159016543
7148048914
4106064699
3152089155
1139008684
8063084103
7133045776
2180073581
7157024614
2191059092
8135067550
9097071684
8099134
143040504
2088096422
8111043875
3109022944
2193085774
3175088765
5124081317
3076084520
1174042504
3156052751
3131088817
7012090591
9186062004
1176044576
187018715
169080824
7112064619
2151068088
2166026063
5195010133
1190008116
7061077984
7112071950
1145088696
8103061184
7154050220
146012599
162047303
7119003767
9174014168
3144091948
9180072814
2109002016
5108055275
3198009152
9191064173
5032084907
4132007884
5194071358
3147064663
114089090
4181069478
6165019912
5153085320
1143029141
3199060377
3012093247
3111003335
2145059971
4180063476
2172047887
8113050692
3186075237
1083092314
9128015329
1177005044
9138019986
2176082356
3146024225
5196046396
2188026362
2092073396
6132012676
5063088941
1148084078
1118010146
3194052761
5177037925
2186086547
5102056765
9190083526
8129061828
2106011741
8114095126
4189097809
9159071867
3123065797
8102094932
67089659
2153046049
2174012190
4106045393
8135084534
3146081031
3183019170
8178011443
9166004510
5152074439
6180000262
125031201
103080203
7133023125
9162005429
2152094810
23098710
5172006948
9182071648
8111058135
3126045430
4110051101
8174050230
6191014202
7046086861
9191095020
6040084495
6114031077
3100048297
9196011782
8166045890
6071085485
6144036847
8187067923
7046078159
3192086822
75073481
7171036458
5146051550
9169028948
7141064189
1119056859
5111054726
9188030266
6111054969
9020095144
6168062642
5168070237
7169088731
110082733
3102064329
1163059294
6022076856
6117088515
4158080915
5039083094
2136062891
128018536
9168084000
3045095414
6131093616
3195007777
9190066204
8113038236
3198044074
5074096848
2150088831
6196046658
4188009211
168005707
6112080106
4102019143
2122055088
9194034758
9109087560
7129059993
7122066265
26088424
5123085029
3196056480
3160036983
101099639
8183082339
104033168
2125020980
6192061187
4180070988
7035075583
1177066962
4128030335
4157012349
7195066689
6130019601
7126073098
6014088852
6152004610
44087271
3168074983
9187001853
38093821
8055096328
7087090757
1145055304
2081089062
87080149
133088636
9133015255
7097094192
3177034791
4179093237
6004087931
3034081497
9100081935
4132073529
1196051249
5125038453
7167088221
1109087729
2078081183
5157018299
3071089163
3096087309
7126012366
9098078053
3052080348
2089085878
6052080276
2189032162
3144005735
5173064770
2160041414
5173030709
1106071326
8068088564
8163052107
1191009239
4005072155
2134032014
6152071888
6196087752
5132039523
172014249
4154056023
5018087070
4181010944
8188043577
4010090282
4032085646
9101082831
6106023634
5153069672
142019545
3119080699
5013073657
7110032372
3013084751
159027279
7196000709
4046094018
3197032057
1073081873
4101084836
2058082112
9153087244
7185034299
4196021126
133084373
6185001453
8069089684
7142092921
106037036
1114087339
4107050986
6175012848
3046095324
4010076887
8017070362
9119067467
1109000303
2150020117
9056083050
7092095352
3138087269
7138064410
4039084420
8119080192
1016073852
1045087964
141084892
6166013394
4050095930
6154004822
5129007473
2131057307
2041080555
9171078724
7144025892
4122037122
9182089650
5166056270
8116057226
6132079991
5191066804
9188068878
6118066547
4196009928
4031084089
2176070224
4114043405
6037086783
3000081656
9198061541
8118058402
5151045969
6018096753
5130050232
3123066494
4139083754
9132072501
6176053731
4195011657
4112022563
7124012118
5152053345
8089097933
8159073622
183051715
3129066985
5067082303
5125045533
4115036756
9120081798
5100049337
2067093677
1131086843
8119054056
6168028439
2136007671
5008080485
2081083072
137053838
6181056351
7017095148
8101001954
5151034612
3102049254
5145040644
1054090112
5004088198
132048961
1199088766
8129020893
6115014205
6174063973
9167062103
8169034052
129079452
3032096305
5122046331
4051099168
8189086043
2196020398
5179017177
9053085464
3174012491
4118050407
5117053633
1178075772
9120035794
9165024855
5179066733
4137063253
8130087119
5183052367
4106046097
1142023728
7110006928
7137084379
2101028897
3164032121
5156006301
1015099159
3116054861
4180087344
9184045759
1142086572
8044096585
6149088085
2170082734
7116089087
131042241
1143064309
3188044178
118048576
7095098067
1172048854
7173003524
117034061
9147059393
3051081240
2189026903
4154031848
4152076056
1021079059
5135006385
8132037664
4148044006
189031193
3106033413
5171032870
2153023849
4121020844
8157080317
9020088802
3117097227
4190039291
5165058730
9139032463
2196012767
4126070349
9121035042
116021224
8184042097
4175063914
1193064023
2042092042
2193018889
111060836
1148012064
4139001552
9160068394
5133050102
2162059207
9053074583
9165078863
9156088264
130079636
127012120
8112051014
5153024630
8177067254
8157004712
2143057917
7105067568
5059089322
8057082659
5006090016
3127037636
5170026892
6109075715
8030094357
7030081879
5166009290
174018887
3177047706
4110049480
4140073090
9151050649
6079085341
7177063645
8116057226
3173074947
1180014001
9158031066
3147007908
4125079347
5110094701
153057591
9104042174
2108045268
197082707
7161030981
9190015845
4167034419
3127073963
123043753
2168030757
3112056269
5014095511
1106023593
5101085890
1103082469
4070097574
1033085017
9195097507
4121086622
3103084536
9060082405
1091095174
8192026356
71079752
4176009233
9125074584
7097086355
5132052395
8108045456
5119012773
107001296
3194036955
9103088893
9155054046
8191086181
3129039896
3102079358
5107010908
5004098654
5135006497
3004088037
5121091804
5157001852
2199029868
7154004267
7126085774
5133022705
4017099514
9148069204
3160087266
2138067612
3069074166
5083451
7197094738
5103079406
4128020567
9119022880
2170068480
8141021449
6126038171
9157011073
9152019046
2182005380
173068303
3180074243
4121083207
4170097625
3166060835
4156040769
4094076292
5189081811
1029071785
4048096629
7113087970
3195015028
6132038599
2175076224
7108057905
154079509
7070099598
1039083889
8145033944
9126013661
4100080625
8181046256
4130050225
2191087941
8048093384
8189092138
8150071691
6067088133
1166071653
1075095681
6133022063
1122049795
4176006370
8103076008
8110099635
198003213
6127032075
6122040877
9130078635
6130008887
6118026411
1167083629
9008099960
5170005412
3106000949
9110010157
6124036421
6006080243
2163020622
6110034314
5107045181
6044094727
3149026950
7140033642
4085079150
3104018573
3006092993
7109039613
6024098623
5085087259
2190023690
5158063735
67088707
5107073587
1136002524
8159008857
2187097631
7162004920
8199057697
3130036606
9130004225
9183029356
4188029571
4161005611
3181000077
6192006615
5161047146
4129035135
3177086514
2164055155
1163038186
5121012098
6126060476
9106042347
6182072407
8167086160
4060092579
1099084769
2067099322
6044091088
8180092323
170081582
2100039938
9079099904
3166059113
8060082579
4178003728
1010089998
8150017247
2115029873
9149005918
9172030489
2120055915
2187067979
4193089668
7079095671
5152085261
3177038295
100046115
4146023866
6179085340
9191057537
7135032852
3033097967
4039086302
9088046
5038092064
36083016
120072550
7128011787
8148026139
6172013791
7169002248
1156067882
6193039985
8137050742
5194062231
3160071461
7145005691
9138013746
3149069697
1198010799
8173069053
8143088471
6193045183
9167084665
4169026716
9124014392
5159009004
7119019774
5082073159
4127068730
7114044615
3112026630
109092213
122074690
3033087097
8016074257
5160012166
6173044665
7150021210
9021080259
9172011167
3118049767
2146032162
1118058355
4032085983
2182018979
1116020866
8100067813
7185093835
3129087400
6001090219
8154045351
6158030872
2079081754
9093087985
2111070693
5189076116
1195027345
8181085973
1011095234
5105081020
8142013086
5187030514
110075003
139004414
9120073294
6157077487
6191051316
2187031047
2119013541
104023059
2008070274
4189030579
1176023814
8196006987
3151084574
4110009563
1125045659
2164017043
9143072686
1103062766
2146063194
3139087571
1057076177
7133062951
4145007846
9061083739
2036094478
1140066502
1097088968
1120002501
2142027315
5123072192
4190012816
4053092346
5091092056
8199063497
2119028118
2065084463
7165053194
3120099607
1160012528
1192027250
3111060933
7151052831
7185060491
7167069467
8133043429
6133072885
9120045655
4050071250
3101064761
9134098331
87092291
6177054613
7102027942
8178063281
153073583
7163045244
8130051929
7167025409
7124029674
3153077048
9002077259
128015128
9187066576
2136010474
167068341
4034093437
1144071892
3109094548
9117028345
1146063215
9054079967
5112086947
6176096928
2153008532
1190033934
6101040942
154040888
1158047465
9067077975
8128006773
1026094973
2020071274
7097095979
3089087762
8060095368
4128015528
5017094896
3196004561
4102077111
5154085678
120080711
1132008323
6137062593
131062598
4174019390
9158085871
42096403
172036460
77088684
140072550
2147015904
9106040117
5108026019
6160097332
4131042519
2160085343
7188048315
62080810
2126029901
5113040475
9035091702
5103049796
4196013348
5073092241
9168031539
2002090185
2145096027
3133003489
1150066404
8046090541
9178081977
5141008813
4053095507
5069094479
5144066882
9169009331
2068081990
6061091575
160044010
2189047842
4121033966
1118036382
1131009543
2072094923
4189089023
5172021099
7105089570
115088579
2042093677
7144025372
3168072908
8081096073
1122026872
1117093104
2193086061
151073062
4166084426
8095080883
2071092231
7136002205
6175086432
154004959
5177086728
7150088040
169083960
2069097553
5081091201
2165028854
2070086360
1057092724
6018085142
8117071546
5126074670
2077090070
9026076853
5098078941
1123043474
4104071166
2142058213
4148001844
54089633
1104010049
5120012316
157074831
147061646
8115065419
5138083861
2119050075
6107098331
9193031176
6182041629
2157055980
5107084192
7196023945
4166075616
9147067240
5139001573
3155054458
9171003459
8198087002
9126084186
153039623
4044092252
6133042522
9111055598
1143070686
3031072563
1062090011
8149046113
129052332
1148080593
5137087701
7118091432
1184084433
3172063477
9127010502
7171070199
1175063488
2056094370
3133008449
5058087894
5087096722
2184008381
5124010213
1181082229
7061070190
8016094535
1169066495
5163069320
4109083163
7128099640
1009083784
2178065822
8154069274
4125007369
9108062973
3064083146
3149058462
9131012697
5193058638
8072093562
2136022670
2102047803
5123001780
9117010271
194049319
1140012277
6196053842
4183051959
6155083836
8150037947
6092088737
2135034497
8185088153
4153075334
6067082827
6157070721
5196064846
3084099639
4115043407
1128023580
1103092602
7199087866
181067683
7002092958
8195055671
3187051364
9145046428
1092087442
9195067432
9041093457
7059081288
8169085589
4183065640
65082437
6136022999
4121004060
8181044135
5178085242
1183077787
1185070678
6107023318
8109075460
2112045358
2156006508
5114071331
7089084924
7109087291
7108001367
1094094091
5020080114
4106086774
8197073694
182044962
2139072906
5140024391
3198062621
4000077392
4176073424
2122081167
3181084772
4177034576
7146031568
2194069609
164048757
1123086587
8009099170
124027498
182092218
1126094614
3145084109
9143019367
3053088892
7078087120
194063660
7189036362
9185078177
5162045483
5143024819
8113004466
5147046465
7164072965
3198007298
4170017201
110006505
6114051517
175031929
2170083917
133060464
5116007964
2074077692
8161000864
7125072084
8118077790
3174027263
2118027683
1139065724
191064993
1199009570
7085070379
26086573
4143051472
1164097809
4008091400
4123000389
6103044348
1121072139
6152048040
1136041546
5117063749
4141023867
69097549
8197067560
9176013719
2145083605
3101062637
6013097978
133005310
3068088185
9122022121
2190062570
3179033075
1124078386
8186020132
3068089337
2067096101
124051669
9173038379
6002075759
2176033152
9159068086
4188065647
6079073884
2183047980
3120018847
1188087190
5135022768
2103085169
7142094923
8122001833
8127087104
7094083423
4080076773
4086084598
1004095490
7124041351
112036834
6183070143
4067093913
6145077772
4024080009
172038186
6145067948
3149062793
1013089431
6100061809
5054088092
171014300
6103028984
5131079180
1144071700
2166021131
8170080082
2172075822
5188027030
121051603
1163024507
1136099848
5143064709
8165045494
5138032856
6103043881
6113023961
4165027927
9078078183
7122064318
4184095626
2038095735
9199037534
2118012770
120071626
4027097838
2088092587
3100080603
4002092070
1118086065
4195009642
4177024108
9185052188
8180082643
3176015763
6019074063
3187003703
1020075298
3049091106
3187074512
7109082385
2141035443
3045088833
61092407
139055491
8192034335
8108079600
9169011253
6181044719
7103011971
1157082121
7057088639
4091086853
1007099974
4145055030
6132098012
5023078168
3133056157
9178069367
5093087380
5197021185
84099728
9036093857
4005094239
2150033577
6121038377
5158016862
2077086234
1135013665
8113046874
143065688
6174059835
52085767
6173042971
2036074556
5037096710
5187018665
9112076070
2136051185
7184084559
7003097704
6021082140
1115084194
8053079168
6183032051
6023083482
5115016041
2187077547
5197080087
7150013505
4140064232
7170020230
6122076142
2102056993
9197036680
8142045045
1141064081
4183028674
2135087761
7001092334
5109019146
1130025301
4025084603
3015091645
56080170
7035088872
6039099026
9144078585
7149080169
6177034316
9193027346
7198061506
1057080771
9167015908
9167048580
3198009062
135059164
3161042507
7004076499
4116043340
3196069636
5177010018
3124036532
143081412
4197088890
6172077946
9162037874
4151019329
6121028463
175018598
1133080268
4188050920
8168008652
2196048162
8177055075
7103052913
6072077774
1158057607
1185043506
3167049725
25090901
4191053091
6185038780
7139054833
1152087733
2165077762
1142082291
147050579
6102069153
2199070293
188056495
5112023721
4072071386
2193034614
5072090114
6122031165
9171023615
101040939
3161015982
2159087359
4130076389
3134077627
7009070453
2010094448
3104039841
7167072848
4172093512
1046092110
2118054684
9130012304
8106071181
4109077987
2126044195
3190079690
4186013135
9107067974
7156021604
3123071386
8017091113
8108037510
2065092894
3089084750
1183070284
9139041596
5131057284
2146080664
8190084460
9118096408
9029090455
134039489
2067091932
4146070957
4140086077
195084981
6103020146
10088302
9096082546
6130006336
9149047326
9105088437
126081358
7136044666
1160059287
4012085852
6045088697
8054081492
5144041244
148006641
6004095653
9022087756
192061880
169060776
5158065273
5192048463
1123065252
8051098132
136006620
7012089681
6098082921
7013090165
4115018412
6125046402
5069091100
2192020367
3194009606
5015096764
2141079329
8184030875
9048097204
6169041092
9157047418
3182054164
6189075440
2179030190
1092087391
4139083692
1154008828
3109042943
4127084307
4120020611
3115000663
2187040601
102010886
3141033445
6040073053
7194083230
5134082189
106049701
5062092323
6176005340
2174042184
8079099986
1115002713
8172064225
9044088643
5049081537
1187080006
5181004206
7060092673
7110080526
3195072839
8117088061
2126024068
4077087715
2030086690
9096095017
9161045031
110079076
4080096204
9160029827
5084088086
7103006714
153038988
193014100
2046089848
5105048043
6140061876
4132069494
5161070455
4104084923
3178097616
9081084225
3126081082
3013086631
4158090004
7102041531
8105099102
5199060729
9182073079
9162043429
2140075274
7181087831
9195003159
4124052853
7115072283
1134076534
3161084169
8105065977
9058077687
7134003424
5103094622
4127062028
9101058733
2192048888
6179072049
2120093509
5129044284
7171071623
2117002462
4061081641
2133000181
5082070285
7197029535
4026090986
5072086088
9105049600
8040098300
2108026651
9132085878
7193092102
8112035408
4149041462
2197034025
6137014421
1181063578
176026046
20077172
3051097756
5133042379
7153091729
6050070980
5153076425
3025086360
1118062215
7169012160
5112091119
8152030034
6114015551
1101080746
1120037315
1068098177
171012182
2197083538
7145025246
8195040214
4160073092
2186018472
192056748
7156049021
8105016738
9167027011
5185080487
1045098583
4177051991
198073065
155000399
7041076655
1133051432
9031085218
8138078332
8131084847
8179001425
1005074091
7163006683
2190009707
8133063294
5139046270
3130031583
1178041028
6174067038
7193015867
3179082336
3076075670
2100065921
2171035153
1177074793
2123087954
8139004850
4131077941
7150064293
9097084555
6158008737
7183007009
5096078695
2129030263
5134073134
6043070558
8163024051
1158017187
5059097073
1160095023
149040268
2000095712
8161056398
4151067352
4194022835
162002212
5106029363
5089090427
1117098013
151053569
5182074900
5174044908
1173067331
3104063174
2151044986
8081095406
6105062424
9158094529
2105086955
5156064942
6146056632
2074082210
8168044814
5020098965
1106081330
1176095305
9145029444
6149049247
8175062880
5177049557
8188083521
3123067077
1149047523
4185051285
151025007
165030573
3142024075
14095921
9162026461
7070093940
3030098242
9100023154
4178068347
4172059760
4033070769
4013097035
5152073894
3019077684
7170041823
2110004298
8116047380
9009093865
125006739
7050073479
1175061413
7126014012
4196014978
6150042270
3177067296
9024079493
8188067302
5199070462
5116067188
8181049208
8121011285
98087236
8117025917
8181073480
1119033848
4145033478
9129062442
8141086748
4134040625
9180025823
3104005982
3151025881
2171015798
130087469
3014098267
2175081680
4115085967
1175014574
3128041699
2189065831
7185065580
5144041562
3102003359
5164082597
1004092119
8184036527
6058086485
7139024321
6169013038
5118018726
2189022325
4152052771
8125074417
2168068009
3146055801
5115016998
5129098217
8107063685
4044097336
4162082465
5185047652
4101021461
8092078187
7106086179
1086088233
9193056801
3137043295
6088085620
4171047284
5148075702
181043211
1070085493
98098421
5168029417
140073572
2142082475
8034086408
2056081768
9115010390
69096660
5104069426
5102041604
9187011728
7064096413
9115076964
1137019790
8154082005
6032095756
4143005351
3172010112
6125051722
5132004739
5012080644
1136085225
7115062133
31099250
5195049673
3163066547
7137069292
8187041076
95098615
4196054119
5135083503
4110036858
5098078258
6178065009
6101045867
165056589
2154022917
4148040287
9144041613
8185005292
128099419
9164057601
5126044621
7188094221
160034825
5151013797
9117037390
8042072085
7156077867
6056086385
9146015536
5129066508
9110090215
4072099357
17099749
2136085936
1133082130
8133071081
4062083390
9189040480
2148024220
6178049338
7051080355
81091359
7108049925
4178081730
6170083126
1166074873
1176008523
6106016868
2178023127
3084093172
8184007106
6172044159
4199025784
4155025602
6081081668
5028071579
1145061889
6199052977
9187072026
5114090932
2140038053
8019091458
4143089036
8143053922
106032358
2178089975
9149001190
7095081330
7185044366
7095086094
6108065371
9067087162
6156055893
8151012440
4199049682
1154010593
76081479
3099093171
1164044014
193074886
1041084585
5183072659
5099083562
3130011667
8140043861
9115018658
5138074395
2195010743
6142047409
9177078844
8129009586
144068188
182048670
8108057572
6196070042
8184025444
5197075806
80091867
3182038689
7141008180
6153087764
2102087156
5178007913
7195024302
1077082702
9101032363
9117022421
4115032580
4124049185
5100083275
2141084438
1035099677
1158002044
8190040288
2116008780
2002096073
5179067387
3172068480
9103038502
5158048634
2190053684
3196038022
2194040617
2129013634
9102041660
1162073497
3175082501
25078693
4104013573
9156076269
6193079536
3099090421
9134005298
4154006015
6009088598
3116041576
5057074553
1124086518
3192022598
6187082530
6036094279
27085239
1124056210
6149092533
2017088863
2102061453
8182049633
6196075250
8171058493
2156056854
76071795
3177021425
8061096413
1124022844
126079988
8128096413
2081096185
8181037886
6161038773
7193080729
9118028026
4035089615
7126033192
8131045221
7114051013
1101054956
1174067165
4121027077
7172033825
9136048813
180062266
3163026586
4144039114
8178032045
1018084961
6091088053
7181050968
8068097344
8179089062
4053094592
7101066294
9178014642
7022074758
1103024935
4138080831
7117027138
8051094911
9132001497
2158087761
4114046600
3197078094
4121075680
2189069743
4142054222
6001070376
2138089521
75095362
1138078350
4145081371
7115049899
7015096435
9001091121
178005478
6031070154
3131013117
9190074978
7155039909
1033096094
3101025845
6159062062
120099546
185076045
6168043699
9080072066
1089091519
1161085675
7182064245
8140069092
8092085657
5107021688
1170020690
46072578
9124083353
3079075290
1055079572
1136007668
9159053705
2197075246
3077080463
9147077924
4112095316
188036036
8189041939
7030089876
4146036020
9119037433
3005083278
3159007842
4137025456
4147073149
9107062895
9137041115
6153044475
9166074261
157093836
3163066599
5183075651
6153024755
2128024302
5161037386
8182010730
9118086888
4107038708
8178041132
5102030876
9041070698
1104072078
6043098130
4115080014
9123010900
6094091481
106049706
5174058356
7030091211
116067838
4022080774
7152092531
9120065799
2096082284
6161072984
2077086298
1104015314
1129077966
8051076677
4075095358
8189065840
6129033883
9134011801
2178009169
3104068368
65096365
9136011955
9159043771
4082073580
7116010454
3115038624
3048085873
8046088506
5045087865
3169065667
7010072287
3131053039
6122029812
4184022081
2150025199
3138075061
195079997
7120023774
8122076215
1158079943
1129042811
2102088782
4169005212
7140031263
7170079505
7190064083
9181016684
9131000998
193043523
7178016323
4163027821
8090096586
7164066851
2143054801
2160067981
6013098442
6188049164
5132049323
5032078551
7079093192
2156043201
2116074790
111036344
9163069468
2147009010
122041993
1178075874
8190053130
175023737
1159072967
9051088049
5138040659
1149042366
5106019034
3064077181
5129027425
1066094965
9109048887
2127035827
6187061781
6177099508
5167017970
9103040490
7128078461
3184070444
2115056467
5128054430
8114074266
6030093334
194096816
5132065249
3148098417
6172017833
6155099834
113031493
9134075735
5113049227
7112037489
2162049561
7025093359
52086533
7035098327
8132050631
7165085852
124075997
9138045073
2086095169
9173007124
2162011085
5109007478
9162031995
3150098926
9130056369
101072524
8159074431
2166078449
1159041137
9095099517
1189061899
2148028939
3169005091
7109071070
7159028663
3010080873
51093075
162051080
6167065825
4178088912
6057073773
3148057541
8165086203
7179015054
6018090472
5170005337
1113054330
4100076406
4124064220
3054070870
2175060158
8065071969
9137031628
6089083244
6147085282
5021097738
8156040592
6136043344
8049094760
5157060423
4176065282
1176011508
6106092709
7149034495
8098079465
9143050808
3077083558
9110098912
7179082233
7183043105
8105092337
86084584
1144047900
4058087543
9188055157
1086090087
6175055123
2101044234
3198036076
1192098825
9106019588
6085084842
7198039801
9117032185
9126072022
6134039568
7157077623
9116059571
6103011935
6059074256
8158075692
4020083407
146008294
5179057445
8016080105
9168042014
4156051656
6133041167
8143046118
8116078696
6153086784
9187073761
9128071280
4019093494
7093085443
6148001696
6110025532
2013092861
3156021011
6007093844
114059267
6064080799
6113073544
5189021227
9152054889
1153072482
4159045673
8153014069
7025096637
8094099473
9109096349
4152001950
4131045377
3191020609
3162087155
8022099160
2167047944
3110071276
159065278
8196060665
6186089494
5125057743
5077089746
7147019733
2068087107
6137028341
5111021048
7187058946
4160056338
7159061576
8196050752
7173039612
5151005798
6132000885
1132059023
8199097813
3120064129
8152074327
6160048738
182061877
2148078930
9005084227
2137070160
9091090435
182086449
8137082538
3186037251
6056087066
2187072195
6112073475
2185082409
6129083249
2180069523
6106094916
8092093488
8177093715
2034070094
2174030308
3035091420
9101045362
4141063361
1188058427
3148082566
3198000356
4116059679
1146084787
9190011896
1172087959
2197081080
6085085689
8148076079
155011138
6121038636
2062078453
5125040088
109019956
8139034308
4057093358
5172046413
7128004414
8117038002
154066863
1137066360
1100076626
1180011423
9079088370
76090708
3133053822
8020090620
5116078591
9045078255
2087071352
7159020257
9145041170
165081458
9102062127
3042093664
3175075992
8058076691
2134039196
6116073920
5111069300
7123052574
7101074520
5110047801
5098080692
2195055824
3079093275
9168030525
100032121
199099822
1077088049
3172091932
9148076263
9067086468
3139014767
1176070339
7006097960
5179074443
8194032227
4104084105
7110058164
111021216
3105077095
5142064796
8148015896
6038098689
4139012267
3115059694
5106070760
9123044995
3042092182
7101050567
8180011872
143039682
185066665
6106044687
7177048935
6181026756
195064754
4156014363
7100063500
2112078196
3049086248
5169094302
7112086685
159073830
3165002564
8120075089
9184007513
1180095924
3187088785
5074095084
5083092672
4190056974
9127096829
6151049434
5197018195
4177014276
3185020445
9100078077
7156065569
5185003711
5139099506
6178074833
5138061537
5144068248
6158033424
8195067474
8160015650
169034765
6155041734
7040096377
3199042476
8195048598
3185086301
1138051565
2184023140
3193099434
5021092375
1103084336
6016091631
3126098906
2010093618
1147028802
4129040186
4136062252
1125063780
8060092102
4025075371
5198083477
5140017162
9172001253
5163038430
5187001362
8156065287
7013097202
7055081771
6115078052
8181015974
7167020507
5166056821
6198061605
193087706
6163030391
6172004686
2038070166
2043084293
9140074927
5197021865
3103061158
1175093001
9109045830
8010072888
8154045906
77098221
7153083042
7041079953
2098094701
5048088402
4181050513
4142016999
3143073196
5143085996
6165087947
5077088519
4142046877
3135052846
4106085176
3195085175
3101064706
7177088038
3026094185
7148071451
7156022512
3180085067
1197002827
6103083319
4164061168
4136029171
9151052939
7135072488
8114012185
5148059611
9012095410
113067760
7071091479
1174032653
5164012749
2175073248
2171091506
1157083739
5039083888
4026077890
3180012138
7160072094
1157080031
128058538
6161075092
1170045565
5015092662
4131072989
178030522
2122074624
2110087814
4180002065
5163058315
8158062673
7188004408
1112006483
3104022155
2198044690
4179055106
9118021541
6092076260
4126082482
4175012218
3117046466
2184028273
3149089619
3179046360
4152070893
1149087599
196047277
9156011657
3153065254
7147061707
2123015233
5199075626
128071196
1145003423
3127045150
7143076726
7098093332
1196010053
1188036111
6145085429
2183020733
4103055669
6025076571
2197016667
193046826
2194049482
6185040135
2177026879
15098942
7164062888
1177003713
5020085261
2047090136
5069099610
9093080425
3121024419
5123001931
7116030960
6161015733
5137011408
1121033414
9096083716
2160011526
8173095636
1112057974
3081094457
126074315
6146011170
1124024131
7167083622
7121032175
6000082012
3183047981
1174041589
3129073725
9107035912
52081558
3120026822
6015086420
4132068223
6121068776
8032075487
2192062618
9191054505
6142063860
162005741
8001070366
3126066816
4105047890
4041087615
7029088478
7127047469
8134024039
9151009928
5139043531
8177077048
5123030240
6136084386
1103040958
107070240
7196011093
3076097178
6175037480
6133077299
3196008436
3157044761
1085081268
3115056089
2198095638
7030097583
2172058232
1147063578
4197060928
8180070274
7192070403
5193089854
1135036797
8044085664
7187039321
1116005389
6151079488
109002059
4184027586
5148093306
4121050417
7127045504
3115068076
8196056478
8128059153
2038090501
4128040731
9100041844
2198020435
168045983
2166087857
6077950
2064074795
1131051121
78076199
3182017663
6019086646
2129012650
7162046961
161080468
7148039052
9133064571
9131069149
7158080614
2121027458
3168085563
3137041966
3166056490
4134083543
8131093528
5010072588
4183071093
3164053178
6032081697
3162098116
163085132
8129056612
1141060004
7156026524
147070268
4125012933
3182047783
8149070236
2044090514
5159077764
1052073284
2106068788
6159079552
1114075859
3071090222
5128034305
3032078282
4155033189
5137021443
133087868
8028071262
3159095323
5053083890
83080480
7176026169
111082750
4064095979
4149024526
1118096714
1136052702
168058772
3155081068
3181048337
4155084847
7182082775
8097089701
4104059209
9170003220
2153055032
6198040858
6121005182
3083074161
3115050185
9062081202
8189063627
1013097318
2008099027
3186065736
103056650
9093070153
7147083135
5010084264
6110025617
4135097706
7026098540
1179017652
1019086130
6199055124
7014072256
8160046945
28099971
5177043906
2033093155
5158063498
3153084287
8080081578
9147082418
2109046479
7136064598
5173052574
6122036575
9028096333
2009087060
131013341
5189069760
4163002951
8188036788
3033087802
7180017109
5132082218
2142041720
6161037292
4195013309
7118020124
9005088314
8147073127
5118045708
6048084544
6149092619
125033490
7142035377
3000092569
2144079611
108082779
7135059549
6111051327
176055537
3062082780
3150020487
118061754
2142056215
6054099449
8115077945
9164045102
2132016013
8120079276
9195079062
9017086269
7070097225
6094085730
7132058838
6018076161
1180035008
2033081951
4182027687
6108098735
2149018090
56070052
8138078306
7172081842
6180083611
134029019
4196036538
2131090204
7177049861
2185038470
1122055580
191039445
9125004442
5122049502
6110039004
1028079563
1164067005
9156050003
5021099406
180030039
8111082473
117067450
8136026583
2044093664
4043092971
3156000659
8196002370
8057096488
6022095804
5098076643
9169037853
9151008041
2151074541
9132033098
9190088679
7199035955
7167064393
3183022656
3116041598
8126070174
3066079268
5093097582
151057714
7045081243
7199058729
1180030246
6170024591
6193077963
3166015925
3192082828
1132041669
192083647
6121048241
5179025512
4042098722
4163033135
175053467
7138068748
7192071771
8052087924
1137076141
5184008596
5182052490
6183006826
5171013416
4199024563
127040710
5190030005
6148077173
4174048252
93082089
7151019454
7160017447
3104075592
2099093233
8103024179
8125023701
130069523
8063074881
5156058143
6122014855
2137060485
6113042352
8170057157
3189097907
127012986
8042081352
5100080701
8195020152
9144023397
7086077187
7075072573
7187052362
7194024391
8104026442
7053088415
7122044275
6104019470
2055096041
6157077909
7178051408
3112093203
1161048698
6036080392
1191082960
1165087088
8001082631
6138011414
6126063307
87091444
5181005524
8168065610
1197010833
4077071197
5164017556
3092070393
8027087050
5195035655
1116032566
8193077077
3143084267
9139086269
9023077597
6109010173
4134055926
6119092637
2162075792
186022488
39097410
7166059279
5123085758
4041093090
2129062471
8153054051
6176062929
9117044443
8196015088
7058088573
4188014252
4193074176
4140017267
3101076300
16085246
2178013232
1091074090
8159000319
1189091734
3153051893
7047080904
1170051724
5102023704
9080078488
2008094976
7179020958
9028091947
4142076137
1024093082
1172036743
2045073452
4192021186
3163052845
4095227
6121080814
2147087888
6145085956
1115047766
9140046580
7022080662
4190081242
7121038959
175002806
119081098
2113016953
57098907
2094074957
6158062210
1179074364
2125019475
3125070187
2124087704
3139067243
123022697
1148017832
7155070349
4107039263
5131028946
9109004671
4172062694
4152064661
9188098729
4176072690
6159002644
9039084071
3107077929
6148063883
7098093754
5082093828
9183087280
5138028463
9094086940
106060953
9145040400
54078977
7013078187
5055086248
5166044472
6101091539
5143000666
5110034967
6188066302
1041093446
3137080756
7173086060
2098077078
3182067845
2050090432
5191032482
8100049735
131040551
5111042646
6120000246
2102059416
14097015
6069087555
9103063700
2159033198
7125050341
6021073785
3185086179
6021078451
1134011109
7103062954
2127075744
4167082442
6148054034
6102011465
2126070966
7191015454
7198079682
5071083796
4196063210
2106051466
4126008995
2075094978
7109054966
5100072435
1129068295
7139081754
3082083351
8114082462
5102059069
5155050341
1032090756
89078196
5094081823
7135074803
6002087178
8123093717
5165018735
1028084445
4112030642
6114051319
9038076057
1164041086
6104037370
4126070135
4173087846
2090074874
3101023252
7191061744
3034098399
9162070649
6140056757
7113041951
5073082644
5142089234
7195051019
4127035186
4186041850
6136019106
2173028060
