2183077790
29096561
4147024166
5174079293
1155002503
107068337
8152032102
176077529
1150002865
5178092430
4161047293
4178026297
3112060280
9135033849
9175029686
1031094826
9108022873
1049082590
8172011736
163049041
4158043656
8189055324
5195052563
127023855
7197015360
167075041
5187059901
8113097523
5165077524
5189084756
8191056404
141043610
3142000309
7163066965
5140032047
6190030609
8019080808
1150004701
4130017318
1174004048
6037085561
3104086690
7123030113
149047447
7151040554
2046097546
8026096331
3160008528
4130076015
3114057903
8132033997
5158033004
4037084735
6102017318
97084297
9032096578
94099314
1192023863
9153063743
1101088403
1167093432
1122053817
1073077773
7139064126
8192061267
8176032273
8199000803
8079079459
4182077548
2044073454
8186032339
6186035294
1148002048
5142052238
2126014582
2154060680
6183078427
3148088778
5165045575
7185087085
6188057657
6102061371
8176000182
4033088775
7144088765
9157023093
4041091924
3108027056
9151035088
6114043367
8108002257
1074099112
6028082480
5015081526
2145036144
1165008291
8163071861
8018089795
3192042492
8141001793
2193057690
149048212
8173028566
105097146
4179042276
8066087517
8145079137
8181050785
2105070718
6176010118
8170030727
4197056625
6152012441
5113054397
5034087827
5111052300
8153065520
9169006001
4102069743
8128089614
5193078679
1162067075
7079072757
4199025148
8143076751
8139018832
5153039067
6169080001
6164046368
4126069501
189050876
9124062628
9019074971
191041093
8058076650
6016091378
2164059457
2102048523
1149072113
9035096736
4146076099
3101079264
2128067695
4135049186
7174008410
1168087171
8179035071
7078092340
9178002806
9168029625
3197013730
6099089077
8125033843
7129076929
1138089005
2131020248
146086172
5123081272
100029315
6039098708
5161084885
3153085418
9137082813
115019481
5195058367
1194019494
8115021032
5079094232
3089072895
1075073951
7130041919
4175056640
2161086931
4197044754
5080080288
4158039801
9168021875
112089849
4154047569
8155052385
7033084170
7109035094
7103020612
2123084729
7137075004
6147002862
4170050360
7180094400
164075054
3107051971
4110008723
73073178
75085158
7099090549
4184081410
7102038714
126078664
5118019789
1193083647
8133022379
4031094161
4088091886
7125067298
8112000799
4079082130
6163071262
7013077996
9094076589
7143032627
7186068405
8158058333
1193022582
4039082281
4119016021
1183075188
4105007773
3141073154
7179086417
6064083284
3167081715
1108092500
181063314
4167079573
3174064514
4068082205
1037078380
3111040964
4155003146
8175017667
23093910
8026098640
6181036487
54089963
9054072759
7104077221
9126064979
102039737
3112026022
7108058202
5038096576
6128037220
9139067634
3111067510
7180043781
1145027837
142007114
8111071045
1138007395
3174033931
6190057203
6007091256
8128057248
4058079550
3048074789
6195043977
94093963
8018089170
1002098290
5095950
1078089597
8008084704
4104047665
2152095127
4090084031
98080557
140045194
2180061048
7071094993
4176017627
3132089938
8184084800
3115095147
6131059905
8178097517
190002369
6158094806
9048073458
5135054818
192003964
1131045438
6100060815
5120016641
1093087769
3184062173
2012098524
2147073015
4149043541
5042080343
1160053012
4103079978
7123030898
3195070854
7047084066
2137065814
8111071634
8162024448
2153024349
8115088809
4130039322
4152058662
3140006652
9097079590
6066088642
145086594
140053515
9174053221
8169006498
5126013370
165044693
1132031281
8106007502
5158005514
3180044539
5104045042
2002084857
5005078984
141041604
6179094623
3039084629
145043025
4187000414
135058577
8152019444
5171046448
5114065940
3165054267
1192031009
5059086448
4133032655
3089091741
2071074270
4183021302
9102065235
2193018583
2057099854
184033402
8194060188
4053092884
167052289
2005088516
4181048111
6036087962
7180063189
7162029459
5126079309
6185094511
2152056220
6139088003
7141031365
187080733
9122070243
1139046871
9115029554
6152019863
2154046817
123032858
3156045690
8043086956
2085042
175078063
8181026497
3163076415
5194065511
1113016946
2175094110
2037080281
4138048441
8165093105
6165077098
188050222
5188027209
3166083510
4053077056
4146002323
6081231
5199068555
3125004527
7102086103
8101037580
3165027346
8157039178
1168041750
9018093874
9005088911
2125016803
8167019836
1002088580
73074197
6057084726
7179088928
143046581
6131067569
8132008281
4188027164
6018079882
7120032788
3159048571
2129055665
4125022781
9128016080
1163093921
5026088739
2176075996
2036079664
3137027887
2149084340
1058084155
7166044475
6133063499
2123007672
4137093400
5104036760
8187007115
6143053829
6145083506
121041267
3129058119
7144066085
7193001791
2135042069
8022094000
1077097680
2165076042
9139031675
6190040466
7147023361
6018096391
2111018939
6076093958
7174002342
9132087512
1179047452
7167032589
5102058871
2136083413
2129062235
4188077481
9104092516
9132050824
2161050910
158080398
199025385
8150094032
1086081122
7183000325
4139024192
6141061508
6132076473
183096503
3138084289
9199025993
1135030215
5198002695
6133027074
4145084939
7106026834
9032097024
4186093409
3162021718
6130071712
1162048249
155057270
2190052302
9008094008
9187048354
2164058802
8175071719
2140088301
6074087469
3042096676
1185037223
9125062683
2164065537
139029006
9039070455
4121078342
5157021730
9149084182
7059080721
1192016359
9033077374
5149048477
3137059534
2066079798
8152052964
7071091744
3141065181
4152087407
2162090820
1107065643
1187067985
5107046296
5075094037
5181011329
6199020464
89095089
3189005004
1157071613
8142033015
3113079900
7161062864
7184051829
6118044237
5132082532
5121090308
108083865
1110077403
2160009994
3126031247
7166015307
9138041854
5157050032
7141025526
8169012758
4119041837
9001077371
6134067610
6135055752
8141012425
8162085275
3036085638
7169065768
5174096309
1108081911
2197069272
5196009556
3194039133
2193077760
5148009636
3114091905
3175078897
8108080932
1197035785
4186079114
3199021043
4156059464
3181073953
4153060741
2120039175
3102052414
9165017007
5152072726
5180046175
1171002432
7027083138
2144039856
3073077099
5018098810
167064712
3137002413
6000092170
1104086278
8105074680
2169049561
5105064321
4009095632
8067087647
4179083617
5127067554
4166005531
1031098923
116014119
5115038370
5150076834
144081443
6088091898
100049773
7139046896
8043095230
3161010219
8117098114
7144010878
1083094672
2167075059
7127086333
3159088527
4153070285
105070914
2127052135
3155064678
8076075598
7166020128
3120001502
9117078541
4126014189
94097622
9158052176
1199033731
1186020599
2164047944
5053077976
4101059361
3181035329
4122008989
2159003153
2109024509
9147017918
7134068527
2144001015
5007076953
5198025099
9109018789
9111069096
181052251
5035082305
3193011605
5181075230
63077278
4019077065
2030074594
7117075495
6046096496
9155099917
1101072388
7194026692
7156030551
1161025732
8151042363
7072087362
8133021717
7171020962
4168014757
7180009046
6150093923
9006070892
3050093569
183079408
6118017652
3174018804
8080074177
3186029316
5196077380
3183018950
4137028506
4170012967
155081742
9074093047
6128080030
4070091427
3113088409
104010457
6135020257
7086096922
8149057201
6166041805
6169038787
4149022749
2188026444
3040072859
4153088350
5143031773
5137059090
54074977
2175081284
8091095287
4157081898
7039096286
1102087504
8088084372
1195013489
1146039076
7044088676
6041086323
7018080652
7199042001
9107084505
7178076382
8187039890
2110069204
8042075092
3105087981
3173079439
7106019104
3120071608
3088070862
3146067744
5135027446
1183054178
6046078556
6123059049
2129007731
4102060500
167014518
1108073840
7116022251
4036095381
8005091672
5050095997
116082540
1105026179
4132066710
8135045004
5146031142
5181054494
8127049110
3170085676
6116077443
2076083274
3105074248
6152097739
2049074471
2152006495
9070098514
8059083514
1147019777
2140073251
6182084048
8175021160
8127072962
4181032417
3111055734
4066089212
3110038813
6144003739
6177083822
1140002942
1154084837
5179075534
7134055424
2007087829
9040083065
3107088394
1196057703
7191060938
8107006212
5059081035
7145095032
5162010612
6156011834
2124060475
9109072698
2106068633
2053086192
7127057972
8136015325
9104086346
5035083111
9136016519
1092076340
3159084810
8109087405
5022089899
2137069740
2162039517
5123080394
8108086255
4174090819
4116028109
3086070570
7168020684
9167065902
7177027884
4105032862
5054087606
7153056296
4004083753
6100046123
6154008844
7114034541
165058821
9175084040
4149081434
3155017588
5189019684
8189065937
6102035204
2081083446
5167090625
1197032425
4195041962
7105076609
4180059238
4113029787
2199001934
5030095627
9118006218
3173087648
1039082995
181041198
9169056837
5110024385
2023075061
3182073701
154060593
8166001174
6155080565
164052109
1028090027
3101067789
2124038801
5171025864
8136070115
8127043046
6180030638
4102044462
6160065535
4181052359
8196085871
6158020987
2153047172
9111065655
7158022471
9122083106
5107061289
7047084733
7104089958
4132071769
8130070763
7158067843
42079887
3059086521
5158018481
106063809
7169020228
6029084814
5191039434
9079075894
9149074874
8189040314
9062092675
8035096163
3115008245
3187046187
38088223
2112068483
3129007347
5033089760
1159011902
2127016933
9155079831
4119001742
3013097694
7108073872
1001071095
1193030042
6172066911
6188044023
7060093913
2149042817
3114055619
3127076518
1124015888
8095089972
76091994
4164041348
1124089473
7149044117
2170030810
1145065558
6193089064
3110020362
3147007593
4158087682
2066083955
4114031772
9020091014
7181081242
9143028880
3119045540
3022072493
8151076620
9166025718
6168058670
3195061767
101006064
4063081051
7070098300
1150017417
9071098427
9079094691
6154012892
4034087641
1083092268
81096521
7023085456
1171041552
1123068874
5173025418
9104083221
1180029053
1129069654
7134041477
6013075558
7140056435
5182015674
9123047338
3128076880
119011455
6133043362
160010568
2188031151
2083078253
1116065328
173012101
164074059
2158039338
7123076525
8126071164
7103039894
9044082197
5120024732
9107059402
7032099559
3174006678
4116000280
2102044413
192062454
1151091527
7043070663
69089605
5159088596
9187055599
4007081599
6140098618
4186074578
5140023934
9147032370
7122054080
5153083886
2114028100
6176048313
6143006159
5128013633
124044667
7190080932
3131005056
6180035294
3129076046
9016073172
4007077075
5165086007
6135058508
43090250
3172021822
2039091833
1122066502
3041092437
7153043762
7118085906
7093072574
8186082180
4171021153
6181045289
7130073746
4091084559
2176056461
2098074544
6071077676
4151008167
3087091900
4162077809
5197017140
1100046775
6101030346
8067094562
6192027305
135039337
4158065829
9054086097
6165078722
9170035589
5188047463
7138000020
5041089091
9109083934
3107080497
8166069379
8149032883
1028079884
4002096064
3042094443
2160085088
2187043354
6187015668
2112038994
9039099963
1123010375
1019089731
9048084366
1155004872
9136024062
82078780
3132084656
5183064898
7126099445
5096087619
4130065890
9133067521
4119077576
5081088744
2131025257
4036084972
9193084101
111018768
6183059083
5128062896
8121042382
2138055626
9132071326
147097706
6172090437
8020071473
4176078079
3136006049
7190063685
2125085031
1050094264
9166062266
5139007019
65093622
7181071869
7129029296
8065080764
1029071791
2193013423
2093085351
6132086646
3160086586
4115044847
7190048218
8021085532
3093074454
7177001799
6193084533
3145089603
8197054405
6116012633
6128010019
4152031566
8048080344
8134081691
8039093275
3142083268
1013089270
113054698
7033084375
187005968
5186080554
4142031066
8157045147
3135062435
140012621
6172053769
3119020779
9137018706
150024684
7145037649
5184020789
9164024913
5149013808
1125089306
6122004724
3113078461
2197084912
7132013643
3117069910
5193029298
6094077460
136047054
4144047885
5187069839
8152016839
3017096379
5128030442
80628
6164048946
6136087146
1122093444
4134056179
8182019138
5091097375
6155077526
9184071268
6136007582
9149011727
4169017607
8112055550
4068073785
67087334
7170042623
6147047050
8177034397
180086745
8170081568
6161021583
5171072167
9158083899
3137095047
158053621
9175084550
5002090909
6147054705
7143029244
8024091992
5184051357
3101036427
5107039796
7164000369
6007099150
8124060106
3109026941
6112043633
148083461
4199031630
8188067273
1115081303
5179019778
7052077680
4154029213
2188075954
2155025199
7119013369
9177014962
4186006042
4127068464
1130017560
8108017560
9189078020
177044966
2114049787
2107050433
1182068927
7184012876
5154069766
157099826
6120094629
2100075153
2130032094
9152080037
9197098207
1129018847
1112007500
2160086363
7173084970
4156083548
5127047352
5125089955
4071091179
2107071551
7114047562
7060075581
7113010533
4133006614
9184049642
6160056757
6151070796
6189084944
83093419
6173088844
8183011725
4194015349
1184072850
7193098334
1122061831
1130010817
1186086543
9174065201
16097771
4101010677
3109056459
2135017259
4152043311
7115011295
4052088148
3114096641
7180006829
1109049343
4038087701
1038097295
6142080225
5135029334
3164010496
5120080883
3142065413
147077103
3157053809
124074407
6043097927
8129045248
3173019307
4167002777
1168050131
6024099543
7188072606
9175068953
9005096032
2053091302
1108020906
9029079290
1158073329
7027091123
2152075058
6182023526
1129084169
7030081024
136020475
180093020
8129044662
4107018350
108007793
1100085040
4111008654
4045097690
1065084611
7082082554
4048091811
6125060580
3189062475
107089779
7197002020
5110074377
1187041502
8152097119
5196002807
181080593
3193046013
4020088200
4148038882
5151064013
3181046569
2149063713
8135016651
135015646
9131063179
6173011399
1193029613
2092588
2178049605
175050585
3125035035
7186089187
5183084569
5148076117
4134090130
2152061068
5147033961
1152065073
1160006485
8166050026
172011769
2132086483
8163036124
6197099838
9128072901
5184098812
8165061050
1182086876
8170063871
7119072004
2059094238
6119074609
7014098989
7101083494
138066238
8135075902
129064261
2109032151
8108016967
5143043461
3038094537
3061070150
4183074609
8016091792
1173090406
8161084290
7128079902
8047087332
1088080930
6012070461
2152033197
5181037481
5195070691
7011078668
9110018048
7170016590
149042374
3087074397
2098071857
7169054298
4005090690
9096095165
7122062686
6157038589
9176039952
1021088857
2138005011
8135047710
2139049702
4127059842
7132064399
6197076868
6152015588
5069086179
3038082876
9039084335
1141027795
8194037772
8188040163
3182052022
6111078480
1164074735
8143067786
5195033031
1106017750
7101024999
8144030879
7171086267
3166053410
1158078877
7186068070
131068620
1180026327
7172066243
6118023550
3039089922
6034092231
6185042566
4129061065
4121034155
5166069079
1118089033
150046482
5103036259
7012083565
8043077953
5133067248
4122020624
2162040198
8091088505
3030097484
5081098674
7102022957
1028087521
2107070365
6103081452
3153064685
7176002754
2137038551
48096874
2182066451
1149064877
2137031624
8095097102
5162086158
7007081477
6003078057
6168088635
7131061670
7145094322
2104061439
7082091564
78090004
2187048147
2191076821
3156024455
3099099009
9167068537
7188032227
7168039908
7188084359
5141089844
4122005467
9104079800
2120055820
3166067770
184068972
5169064886
6158059809
4056078473
2181012488
8194028565
8140022640
7123076290
1171007233
4188022006
1146045515
6171007189
1192017941
7048083652
8181048451
6117057846
8178046439
1049090496
4166061500
5008092306
4076079458
1187069180
6061076379
6011093018
9157085027
6081085186
6134044671
6025098781
106030768
7195036499
5028092572
6188070447
7174087385
7156009548
9094081018
6160048212
1066096082
10092218
9135070238
144050352
2155086840
9163006097
30088422
8117054085
7060087682
4192039369
192081433
6027088818
141000643
2173015103
6183091113
4194016566
3088071079
5136019455
8166029076
5029081663
145071525
2036092997
6116031584
183064884
8114035443
7160046823
71098381
4184032013
1090082089
1145043806
3199078620
163070644
6157093614
4155085168
148082779
1168051548
9140049807
6196065810
4100036650
3002095814
1155006395
3157077943
9185066114
2105072252
1138000540
8130086178
5152076588
5178072426
4190072887
6009085901
2113078760
8114043793
8060099458
1138039256
8121008409
2105003851
6104061505
189038361
1154025604
2132035850
76096126
3172066427
4192036437
9036098119
7160090122
85208
9175097509
1116012360
2151093228
7117084300
2116045294
7128006530
1164080380
8026095320
8141061604
7137039027
9178075674
1145059988
9104070271
4114005792
1199070282
9191064984
1140014358
7162055709
3050081071
8056077986
4195084584
5156051434
9174040671
2158043014
5097086180
3138033187
132057576
5152049702
3137039456
3025082799
1149076064
8036080073
6029073761
5184081561
186041331
8149047996
2147089747
5116046707
4197004697
105024391
4125074084
7106006489
7089078397
9034092193
8169083624
8082086767
2111086709
5062072794
1165008001
6142020933
4019085079
8124041303
7111031049
8073073698
3167033035
6125089323
4193091516
8057092925
4151025847
5185073199
7121069629
5119076094
4128076715
4171041754
9170034717
8116014853
4177082615
6178018662
5069092141
7122057154
2166005552
3136002942
155028786
6092070681
5095072444
8107022421
4135006783
9183072263
3160001338
5078093006
6195076432
4126075215
5164095309
7108065799
5161085987
1157044073
7143074994
4109011504
8140040935
1149011937
167044335
3139031736
6180070609
3147081512
8169051011
8162015097
6077099073
5132074824
9109084370
136048749
8194006821
3086088203
2131019715
1124015697
1132083748
8173054904
9136087263
9036084147
7038092408
2130097719
6198064067
2098094515
6167056202
7151012456
4030096397
107059775
7148076539
1139014279
3029073450
1174071671
1114075494
174076725
1163015291
7179058211
9039081433
1115023205
5016070277
8118013063
7198088236
9190031132
8168094635
2063097747
5198019934
6196087935
2135024849
3198007821
5009099969
5195000707
2023086730
3036099719
2127068788
4184084672
193034925
2103051059
3178034528
2181028098
1166034283
3131042673
7128089460
1111027453
6174026418
7087091892
8190031241
6109061731
5102077804
3130008661
4137038812
152038610
6018088784
3186086146
7145040204
6107070024
7199082038
1177075212
7062090674
9150020250
9139025111
2141074546
3159060644
7193040566
1170021829
3170044243
1176027587
8126083310
8114029839
4118088064
6160025459
100041663
9112086056
160041692
2016091309
4168005499
7123064552
9196061281
1193065397
1108010059
4136068697
2141005129
2169031199
9116056772
9112075250
2043088577
9190026840
1102056558
5102023905
5148044681
9169075068
8128098900
4182087255
5038071070
8152024527
6120095632
8015097972
2121040987
2156012793
4136055049
8128089051
7036092863
7145014762
6119069444
3198068323
4004085889
1102043025
7063089566
9188034554
8194079585
7187066376
3094078297
1198048409
1091098966
7082086746
5079092875
8155087545
170047842
9180084381
6166066751
8103072195
6103012298
3134043139
9110072284
4054071499
7083079350
4100008800
1143056810
7195075437
9124084181
64083035
6176041465
9097085957
7195055897
133062269
9023092602
5148047571
6171014128
3163019755
8119063283
184067776
9019072257
5177026566
2151094901
6184072457
9173087104
4074079169
8181075320
6190031487
52077295
5145070254
4176079247
1078070166
8159053935
5118021356
3006084032
3064090044
3154034392
9027093884
5124032419
3101085006
4033079878
8097076448
9167014844
124086897
6151034067
1075072476
174014323
6113069400
2105085409
4169084714
6115091813
9130068026
3186039501
106052006
3101063446
6015072870
8182057401
7030071897
104041663
6133027330
152053050
6191049905
9141046746
3112060545
7121058277
162000208
4192077466
140022149
9147022016
9156045795
3122038336
6165086500
4156091133
2118075169
1048088329
8100020215
7000096607
9152067346
9118078035
4094081605
4179067400
4143042937
8001095182
6195026706
1123080306
3120098741
5152081226
2100057058
4068072787
5123006708
7196020305
6114090612
4191015497
3129056903
6183081394
3053081308
146057241
9133064885
9083077969
5199009614
6121077001
8119097412
7136010403
5007090239
5146065071
8146059030
9097072584
9194018216
8131051349
7104060909
4158082672
9116031558
9188036302
2131023273
2102057595
154005772
140050878
9190058698
7018074178
4118047335
9182004116
7198035180
188064102
2052074077
2190063082
5108085684
8196040287
5166067782
7099081212
3177068929
1182053969
3114046534
8168074739
9144041841
4052090092
2167047384
5188050215
7064088642
1191018885
6143067508
2168072271
9124075111
137039573
5092088454
4107074457
2102035477
9169027550
9152064490
3160030840
4142004913
8110041586
1106010513
5184030441
1182007560
5141026379
6180049654
2156091740
123042616
8007088410
143041607
6016070371
1185089151
181009349
78096262
4182001021
8192089144
3149042491
9037082656
8196049009
3176044296
7065091813
5119084308
3189034472
7173016961
2094097745
6119046835
7113050933
9191018413
7127061960
33082028
122080176
5040097977
5105003117
2051090647
4120080783
2174027236
5014092105
28096742
187061105
4134017794
5103061116
4162063815
2147059187
2126050117
3165044218
1138034184
9173006202
5164083268
6070076560
9176025824
3149075652
175002082
3151074226
1167018069
7109080550
6023082157
5112001619
8100007274
9127075357
3158012003
4188064372
5094094992
5155023665
86084670
1184054901
6011072177
2150048472
125073288
4104051474
5042095076
5092087069
6148084123
5167037759
1109057339
3159041850
3122032411
5138006573
2107083922
5118062694
6061086828
1035089752
9101004534
1078077462
9134028440
6100066245
9129061521
9158022195
1181057391
3059093080
128084735
9180055595
8133026844
5184074589
6177048315
7070095897
4183041911
1166071079
7165037909
4118013230
2134013499
3167044563
6165040750
5180045467
184019361
2121070755
120032984
2179085112
5040077455
2149061591
3174070291
8173009654
5170075394
7047095146
2113083047
9132072811
6186078308
9051077174
9138086522
8113037858
3078097682
2169036540
7181034538
1159004015
6044090657
8161074716
3076086149
8103086440
3004095948
6109076854
1126018878
6112067641
175075701
6195014720
7197086653
8065086859
6143006770
6169034249
5180076701
3068089994
6191001899
4179071975
4169025183
8189049203
2018096970
2174045646
8186086386
166046893
1092086320
5163085787
1116099321
8086083593
5139065085
7120004827
4190076075
5018092226
3197075057
3169074189
6121032021
2152078267
4012095803
7138006312
7177067182
9142018206
1036096923
3195087029
8111003664
9184060907
169016526
8169050892
8091084167
9101049739
9012093125
8178043895
3105096836
8089078385
6171060555
1135024808
7173096318
1009074867
6114068587
4172036335
5013096927
5152068581
2123089522
5177090413
5106052736
2127050423
1141070960
9035073380
197018420
8168038610
7008081000
1182068325
1094090755
1098084562
2095097011
5189024883
8155090136
7120090248
6050096422
3119050325
9111002355
7109017213
2195074354
4114018752
9168052504
6122082050
1124069969
9160030793
6007073380
8107035298
9159070568
9128095435
8107011432
9035097753
3182010702
6145020324
4121040661
7199096722
6067096049
8128067570
2167011722
6196027945
47090915
9034075895
8124029861
6083095813
6029077150
9121077519
3196081909
68080301
4114048807
1060087779
9183023429
1135087612
8140000443
2070091799
6136076584
4167028937
122069766
5138049129
7130052894
5094094154
5046088145
4108000799
4087096429
6176088403
6115035243
5109091409
6041087068
8186029623
196082672
5119068745
1167088765
5183059430
2157010497
9136090314
2134029833
111005279
6163085789
5133084381
2192093304
5122002193
6015088281
2175042175
9129006381
8005079763
1154045102
43080758
1156042474
7162052642
1072089841
6145022607
1176082460
122043246
100027396
8145082586
4169013925
28079784
7158051001
1025090913
2187078173
4185007834
5115051531
4194042097
21082370
2173040469
6171049533
8119068244
6110008913
1170066710
4119040423
9189027609
9185041176
6038088117
8177016423
2196069843
8142017254
8013087134
5162060726
185073931
3194027703
130031033
7107057671
8091072969
3183047124
3131002645
5152048453
105008250
6132062919
3181022415
5121093836
8158060723
7070092533
4193090510
6179016730
4145040391
1150046103
8032092752
175054807
8112021664
4172073001
3144014754
9167037681
7141061243
9181058922
5175049343
7115050045
9160022603
95084164
6170073288
2130029638
5084096765
6068090555
3093085917
7137050197
7194074902
7068098938
4047075288
4101084103
8195082162
3104026178
9148090146
3080081902
7019084484
3109073003
2176061295
4193037372
5177029548
6008096915
6171048980
2142051014
4172029187
2133072718
3199031082
2113085692
5191044827
174045348
9125019878
7154056097
1020076274
1115047258
6152067958
5142085587
2180077783
9122090628
1099070274
3013098613
5120084206
7182070760
3151063758
7142043564
165002749
3146023976
9132082805
3172001435
4184009623
1008081944
6102055513
131050189
5199046396
5148085560
3056082308
9132063095
3044090897
5170049474
3189023073
19099159
8108051832
5195059244
1172048873
1113071623
9094088944
184087424
4175028784
5199074055
4155001389
4177088728
1092096297
1110018850
1136066912
5169095009
1017086974
5167003117
9025083018
117002257
5192028173
1178066525
3039098666
1106009842
5176016817
2130078838
8125046380
1188025939
7164080403
4043081703
157066594
4073099949
1197069201
3136064170
5055090240
7112025336
3181060562
1150068617
2104032639
6158073378
9187098502
177024088
7100077514
8188049413
3119002526
3170074282
4185098918
2153074438
6139087765
6145050030
44089960
4174003926
1186070269
9156009268
3154028805
4122048817
3130041511
1122058901
2163002334
7119043619
7179002391
9157045662
7030093226
1112089976
2164012378
1192006545
2145016449
1123026823
7188063450
5111066915
5161034750
186069725
8181045693
7139035644
3147059624
1120034584
6144071551
100080260
4107074659
9158024652
1010096457
26093598
6155074779
5117067818
2116062075
6047084740
1115080300
9132034132
6133016513
143072310
2160010123
8180022513
5125009577
7104068639
3155031400
6170045735
1143054665
8098099101
2160030804
9114066518
7164030225
5028083260
8149055158
7155081635
1174058645
5190038633
6101048638
8163008737
8110077294
4099091080
2110011896
7180079997
5145042154
1140010885
6160039728
9167029862
6167009461
6193079574
8117088250
2124034817
5193034257
4134010715
4105049779
8117081843
1156068383
1180050531
194076591
3137019771
9029088656
4171053475
9126013845
6187067265
8127071500
2062078975
7056077796
5061085721
1012088811
5125034346
9146043399
5168063824
128075268
3073095659
6156019348
144079654
1094089825
1152037697
111085081
2131061266
7173076773
1065098397
6041097709
3176026924
100082656
1112043824
9048088549
4173072401
9172076454
6118081308
174051840
7148095907
1026087088
199093730
9155076389
8187038102
8152037384
5193043271
1149007245
6131038749
9071084811
191069785
1001079861
3184082514
6134097928
3118085959
8163017460
4043097722
2114013044
5008083469
7178070887
6147009894
3182027629
188018217
9155086879
8042081080
6064086659
8165061113
140052974
7120024559
3198026494
5126031080
6073071375
147036233
1175037314
8147047442
5089086786
5046082291
3183071230
2144071916
9192083536
3077085797
7174014136
7036094626
3178068675
3107072930
8116070299
6183048061
1171080041
7125061217
9173076509
2163091239
7108042905
3111043332
5116062881
8097093774
8140011259
3137070641
4169070858
8183000960
2104042351
7143044737
7037082588
4194071936
4037091267
8142036033
7123061889
5092743
7193088529
6167019896
152092729
4136009223
5175069313
173021739
162025644
2183046754
6063095354
1150019527
9126035685
1147029664
2151088365
192046590
9167013927
3083098203
6069090704
8039087114
182069003
7100045340
6146026829
1105076728
6151014506
9174015923
8169039522
7102088094
151042299
7159086174
30070556
4144004083
6113076502
7137017124
4178041852
3053082556
2100065618
8184065738
9097073390
3196038059
7128015960
8133067435
2012080389
2051096560
9094085078
7198070725
6016091506
61079752
159088294
7160060424
152070148
2011079953
8115080807
3131053412
158069216
7131016362
7155094827
5152088369
2172068138
4128066793
142021692
132002603
4140075379
5166010945
3177082985
9152085795
5148013993
3162073231
3155029369
5062076271
5158022643
120059692
2157061617
6113036535
9006074494
8125008108
2197019386
5138022202
6114011238
7048083905
130014152
9172085105
1015076651
6144040129
112023000
166002147
5176000458
2113092611
5105055133
6090086032
5088080664
3093082284
8024087442
3054090847
7191004295
4140025443
4101057284
5127019901
6138072330
7145078910
4093077940
9181067287
3005099830
2105044330
9153077206
4132007326
2146068986
4089094258
4079090175
9043092677
9194062203
1029094799
5127017867
144049123
1168013559
7137040339
2169058113
2131044826
137021120
5027085140
3179050219
146035735
6195098503
3126005283
7138084658
4113058925
4080417
6098077574
6131047770
7143042397
3162003433
4110070067
2169086439
5175089991
2144018040
167058147
142077684
8031074487
6186013465
9115046656
1153044334
2107084282
172032576
9138054934
102026313
1157070804
7113078724
7183005009
7129007923
9192034315
2035080742
6182010490
2177050332
4056091338
8158097226
4107014230
3102004205
26099881
6169011685
9044084421
4110011570
3162057308
3116077547
143022645
4129033376
5167019399
140040577
9106080950
4172083928
3018076391
5167000854
1139065698
6130076408
8161041070
8192085572
8153042635
1135089055
7142004647
3053080316
2161015218
5190038861
8104064708
6095093037
4170086477
9152094330
110059811
5162073506
4111024427
185020605
7124085199
7100035452
8147097746
1154078483
3171032590
4172011379
1101087919
178075043
6009090998
1142010690
1165051721
5113019617
9197068396
2122046377
1117081203
2122035530
4114050491
5158048298
7159074544
4103034588
2196040490
3135056318
8152083902
7125079722
9147084447
9102094614
9129057304
176038502
7147030152
6083094676
7112065530
2179047265
5101086924
3124005374
2158021559
1134088020
6168024052
162037910
5059093483
6187095111
8100048699
148075352
6172071411
6150067632
167079632
9168018771
8012078780
2002096545
6053099792
5154032235
5102052034
9173059738
9144089267
3192049716
1136040410
9139099531
5122059371
7109002404
8010076568
4172063608
7139013222
9129017162
6105068375
2057091367
148092626
1032090273
8136066890
8158073755
7172044108
7164014499
4042090997
7123072554
6125003519
5186048438
4066092911
8032086473
2073081898
9191023237
5141071766
5079085672
1128075092
5184084511
6067083396
148080101
7107039953
161038639
5157058556
3145008629
6152039789
8161078796
6134078283
2158083582
4192023941
5177065318
2180072668
3027096443
2097095565
133024980
9197086605
3061084407
3130079456
5118052536
3058087151
7165071258
97088433
167016212
61090969
6154081391
5124080356
8016096603
5109001807
8108077597
6115015551
7187085940
6010087280
7140042360
6196030131
7045098760
9152040656
3131078006
7062092358
5170010338
4131085710
2194069665
8035094824
8197001141
2069081301
2164049289
4113001863
147037218
8104062496
5071096905
9173065556
2196067403
2159037771
9147047709
1196056081
1143089505
135033914
3013076881
9038093127
7010081335
6032094148
6104066285
5081081744
8113006420
4056086310
1194078901
9141080996
8045072557
7140077087
140077948
8187072037
1158070191
7164080399
8192001266
3171028691
7061090141
6139043595
3088095409
8156071475
103040212
3018083290
8013080454
9191086369
8191063316
8039099966
2090095820
6194085333
1140008100
4182031657
174059831
8183002086
5116034425
8162058683
7191035138
5101094722
9148070304
4198063091
7168064047
8198052803
6174042522
4101044685
9185001898
1139060459
7109057921
4157075962
2177003752
28091749
5128023621
194006682
9185056323
7014075385
9124088113
2175070649
4159081345
6115025466
5131087528
7053091912
6171047035
5136071573
3170010660
8174036490
7043086062
8088080551
3149081269
5131059846
160040955
184033210
160078405
8054097286
6139034135
4121086123
3091092188
4112083750
6090072387
9194011180
4126049192
7198012476
6165035087
183066466
8172022165
102042054
8174001333
1199076131
3056085186
6029080263
6102073609
115080007
2186014776
9139019198
3112055056
4199052434
7070088340
8171089940
7047099633
8009082845
7157010577
5176021239
8118078389
2171022867
9120042515
7158064174
1140056584
3090084049
8177074892
9075077680
1116027476
1145022123
5100019297
4137069984
2136043316
3180032387
142027594
5020094219
7178003459
1157047583
5155030657
3141008691
9134051769
7139056059
3148048527
8126040205
6123040314
6037097273
93087442
2177099530
6180054685
6043088300
2055097077
7005083695
8108056079
1036089665
8113089547
7021073386
3140081473
5071098096
119059493
4116094340
1014095641
1146027260
2170032492
6194080538
2113012168
6002078864
131074862
3192072799
6070087533
4020098497
9106025097
4156013384
9070089149
84094477
8125081923
8119040924
147039423
2136099816
4115003986
4174055930
7102029508
2179019627
194070497
2129052851
3108081091
4182064856
9053096245
3199066379
8197040214
2157036669
6151096209
6161012299
7188005768
5177023279
5134027236
1117009815
103059929
3124029837
8198041753
5115032069
7158011461
8189008861
7118082257
9119054908
5161086256
4116024637
2185004032
2150087796
7079097778
153069196
1199036932
7170074644
184084151
5053097254
6105074099
9147052096
5090079199
5173002184
7025098458
7141047262
9179070618
2185084145
6021084131
6178018169
3194049714
7153047311
3102030126
6184041560
146095733
2133075126
9157024785
8057076975
4110073495
4192062020
155058084
9018070564
2119098906
9190082879
2078097465
5147045967
2150058347
3198086136
7163073164
1023079090
2166020823
1133009538
96096524
2097080731
9125098313
3140046145
6154042257
1114042332
7170034192
2110079775
1162070647
4158076119
4113059164
8158045146
9190080445
3112080745
7115049577
1197061714
108030112
6095079065
7156078470
7164077041
8116006330
140055711
8159039176
111020573
8133004011
9136011374
2119079506
6101070347
1029082117
8145089771
9126063797
3105071321
3136053605
153043675
7185027162
4173046039
6098084230
111079214
1137041582
4176037384
2151053723
5188088225
8179099923
4123013707
9109036160
6136033402
2120056727
3154016697
5167022509
6098093695
5175019740
4175010330
1123074140
3150017875
2136041306
1176085163
8155089597
1199032705
3182007117
3122010024
2002081233
1121091048
9192065802
166021840
7175042259
9044092629
97089867
4154080091
138002435
8071080243
5101071258
120046802
7136031248
1013077274
6047098011
6110072609
6169065487
8031087526
6002090151
8000079483
2181085762
4162010435
2162021890
9089095482
5066095552
5114078686
3199012621
7197022570
7185040161
2097096770
2189031937
2053089796
9148052640
6102099849
7089085879
8166056749
7141076986
7199054547
1104081223
1187056590
7056079185
78080052
3129041390
4186018617
3179078144
1172016518
9102091944
4143039649
2021089569
1082094792
5120088017
9145024544
141095117
9146019197
110004276
143036841
8178020298
4054070352
8113088666
2114027146
1196082909
2111032137
9110065404
1107009363
192004440
7117007704
8124070547
7156017532
8107065161
3104061219
7134060979
8137009747
5112049228
3123073442
4125025021
8195057587
96081808
2199034795
5177030087
5071088853
6158090640
2130013619
3031095780
7190093231
1112064854
1099092539
9041079161
7172001423
5199059038
5106016061
1056070168
1173065560
90078799
3163089262
8128021730
106043378
131079668
111034942
8112050984
3132086583
3105082558
9138054614
9128065490
7127049072
6175096627
4137066686
3154092839
5129000281
5081079465
7133067258
1036083943
8134067397
5176090335
1143072964
4184088465
3119012653
1175076377
2131044173
5163039164
8198082866
3132025862
8138056446
9194084976
2135031099
8177043208
8180038440
9147027259
140070156
1171012978
2167025662
8126018473
73071775
1058090378
1152091009
2184057235
8149041183
3199034681
8086080207
8140007065
8193083598
8169050468
2149090714
7125019732
1110079898
8099077043
2192066898
9119046262
9117038022
5195068814
3117077328
6140088630
8134069643
2155082143
5133090249
1123012449
6194043785
5140005276
9150007651
4017073791
7048094020
8190073597
5076097533
8164065515
6141052360
3167087402
8101051653
2130078351
2164044507
5158029055
1149060143
134060787
7173071373
6121043037
5160076844
9150056960
1149083365
8161025520
1135000062
115083162
5092085692
3120087667
4102099013
4152063745
6020076878
3115023139
115078212
3119083791
1189010994
108086344
2080093702
6102073932
7097078646
5101062399
7156072619
9146021682
4196098015
5112035358
2106018359
4118026500
6188058522
9174051874
1155031931
4004077855
2196079327
2154078592
5040085835
5100053497
9013089051
183042387
6007092935
4162029159
4065099754
9112052679
2178017676
1065082439
3114008876
7157085876
7113036736
9024081535
5130073439
112064841
44092947
2186073351
8191076526
9164049352
5190047733
3133081850
2196069792
9138008931
4193081676
4154071885
3152044381
3042092949
5039094114
6127036723
6068077182
198055274
6188081655
2059083889
5011091953
113055082
9100030739
3174071482
1017088972
8039099390
5140082321
104063818
7133074686
9124023122
8150062322
6112037455
5164054561
5118010566
9096096806
4190024092
112007403
4198008415
6102017425
2100072908
9130053219
2174059284
4192044632
5047089288
1187036742
9028099352
1144071495
3113063899
164036463
3075098521
5158044313
162048618
6141053030
3118055282
1001095997
7192001833
2136013690
8166053929
7018094924
5134037115
7022080130
1001077380
1125021819
3168035681
5106019196
126031156
2174005535
2115075652
7163086101
6093088366
7126052397
6174059813
9158028315
5161045634
3029090709
8159061227
2159069438
8142022250
9194071308
2076084290
1148044132
5194030865
143046802
6097079043
4127063429
5054097438
4174050771
8185034404
8020086711
3029091648
3107037801
4091088745
1169029961
5143083383
174003659
9144069116
9171003083
6073088084
3143067971
2001091640
8113031512
111063219
3197045442
4102005033
2195074589
5191001703
174084652
9031085725
1122051177
3177027607
8102075414
137003526
6044098701
173075484
9164024630
6081073369
7191089271
1173070650
5119012351
5166082458
32075689
5113051738
8189066489
6129026442
3123086256
7117009993
7146076337
4109019636
6176083928
8184038797
2026098441
67070660
4144060842
178030905
7167082579
4133016267
9131080297
2134001084
9180039573
3102065466
5061081065
6173086586
5180024481
8180008334
3134071766
9091084892
5155085632
57072851
9120045799
5168084571
9175035907
4191009141
9079099644
8143021209
9188076006
109061555
9150007841
2113023087
4109008243
5105083732
4122015501
7177014260
7104086429
1171086541
1159068340
1135080266
6179052085
5080096565
9125086276
6108085299
4009092953
8156046748
4142051074
7173084331
1132052770
11079070
116071389
5105067791
51079274
5126025301
2112090445
1163011078
7122036510
5135039523
8115039088
4111030541
5126030221
160058744
6114053198
193059315
9183008826
5161092919
4053080869
4175008248
4161087095
9029090059
3131099806
6192069071
130038277
2179075677
4124088077
6052095559
2193071373
6172061710
4115077998
38072669
4190086459
8111059151
5152093831
4199020407
3109041273
6039095853
7178003553
85096511
3177074450
3123005636
3190031927
2185085180
9166022873
8118020482
9141059975
7144085384
6110043604
9123090004
6154045626
8120087165
2011083306
3161032393
4163032571
6051081256
4105044265
7008099844
113011425
7098088302
7116045465
5122072359
9176046188
3169061899
6107056723
4166028660
5194000430
3171034269
7197055770
4096096805
6032081091
9168076796
2081089260
7149051274
9192021558
9168004809
8129070022
1117045631
5181049295
2136051121
3104075146
3084085796
9151057131
9153071396
5194086457
8133009636
175036869
4142073999
9159005318
9117086304
2024080870
7125045061
8005084586
5189060549
3185036601
5043099199
8152001654
1198017370
2199083197
7131057748
3144034989
2174085021
5103037294
1197005380
7134078739
2119064716
7137070591
6144023851
7167066701
3035072851
1198038450
4033095424
1045093513
6046085550
1115013765
6067092004
3137019746
8166022811
9179098114
169032093
5189090907
8115085593
6161046976
2056093929
1196003296
9187056463
6177093807
146075731
1059088264
2147061977
1029085874
7008088944
3049083125
2125073649
3137082074
8125021736
1069092490
1051089382
6123082393
9182022682
1199066556
156076828
3178059864
115000965
88077290
1026096544
1081084764
9021093334
5073080497
9118092620
8082088192
7185073019
3078094495
3035078484
9094092687
1003094592
4187083612
4171002458
3123064523
3126042257
8176020832
9046085032
1175013242
5107050274
7129058807
6131010300
7180078608
5162050402
6055073866
5034092869
1191037649
3162070692
1184049524
8181075609
7178008893
8045094246
6175074135
2151040482
5152009506
7162037234
7108051839
5117068566
4148066122
8109039804
1014088410
1020085901
2159097137
6122054836
5094099043
8110058867
1197042863
8146047773
6189048124
7160024183
109033301
6192086505
8107068612
2080087162
1152019631
6115069294
3139076757
9023090364
9147035429
9120038926
6132086430
7068084926
8185059891
6198040494
4190082992
8137084604
4179077193
9198072469
9091076849
2061085592
9198032757
3116057538
166019756
7009099057
2118065803
2168069889
6181080113
8100076894
3154049232
14082938
191027992
104040219
1139041796
79097306
8100046881
1196053904
5175032793
1194078725
6195076452
5191088843
9198048587
1016084092
5193014821
7116045610
9103042196
9167068230
6133017618
1173042174
114022868
8136024083
1092099108
3052073488
6025094865
4156073661
8145021272
6129057384
9152093907
4191075793
162013043
141039727
8149009858
1184003784
4154044636
1112083757
6173085264
7118039718
5195095330
5198062039
8143085880
4128070477
7141071570
145015581
3034095100
8147033610
37096633
5013098475
8115044534
7149079418
2171050024
4106054899
5102099222
98086711
8187095116
2195042590
5157003780
6002092270
1109086700
58094750
7149053904
1165080701
7152036329
5051087864
2141022174
8087071990
6173040099
9001074885
6198088797
5107030118
7129004293
6154013142
7193095117
1169002875
6165095106
3156012806
3177049726
2129043564
1181087374
8121007034
8067094189
1133054385
2132064630
1094089212
7145056487
4161088703
6151087497
5158022028
7115099501
6158076867
3164070195
3149022668
3132019493
9109088026
2141048886
9127051051
2129061436
8186046716
6106066973
168030641
3199021318
8192054405
5106077777
6117017565
8127023108
9059097496
7128063426
184029901
4111046603
9142083800
4199089096
9124099519
3132039424
1117030646
8143031746
176016357
1037078353
3164082208
4199055784
5192011383
1002080421
2099089518
7170039360
9169030791
2187051972
9108083504
9188061995
196066076
2159006368
1134014471
106058502
6162002272
5180090012
5024086328
1087076760
2156064877
3017081505
5175053532
8174075758
7051071573
1111063735
5121097827
7101007580
2113054495
5150061619
189048130
2189083050
3147028244
9126080558
1144050701
1126003462
161040313
3082098620
9190024535
3085095875
5178080023
7113035616
5009087824
5153061853
1081098066
4192051819
6074079275
2161064656
8069090188
5161057446
7137001705
8140085929
3193035774
8115012248
9139040745
7147050446
2052096122
8117030756
5019081694
8105012516
5183077433
9197039895
6123081739
4103030181
3106071740
2184002664
5100027022
2159000048
5166027128
4144039904
8156039841
2112038842
195031170
9121094015
2185007889
7150026516
1162005715
8143071023
1135049546
7094083156
4163058935
1194065803
6187066497
7143042261
4193070315
1190006994
4149029386
4107080609
5129085374
6054070550
7101067599
8085086255
8142029847
6113040721
5134061343
7192054269
7167040046
4123044524
2100008577
1026080732
9004085854
3108046837
4048088561
1125002135
5169034945
3178010547
7156030346
5042073972
7124039195
2167021767
9160093302
7175062817
7155008649
8118087964
5014075181
4125016526
3155089308
5143050571
6161041566
9032093526
6135059409
8152047461
4110078708
8163084450
1026087047
2150016841
4138008586
9163065975
6195031957
9199089429
122045806
3107091824
5134032496
7183082120
5064070092
8112048000
4172035665
9123071487
7193013386
1042074853
6137033460
7119012366
4176015808
6114034948
9108079703
8155087605
181052953
5075089990
9153042199
6165000115
3196039227
10085765
180035336
5175076189
2147007686
5100047376
7153069368
6173000830
9158078745
3051090310
3198053537
1150085625
31099663
1182019988
8127078308
4085086538
8014080552
1193002104
4095079553
2169069008
8045085899
6169071797
9066084693
1154067829
190014198
116062742
3124007330
2064090686
7110028933
6148009299
3198033438
3180003804
192001846
8111038067
8116010942
3178060067
4005094017
2169059244
6022093936
1180007604
99090923
142010549
5021082959
4054082497
143077300
8123060015
7197073242
5111014420
1153083394
105068566
3152087283
1195023367
5165044381
8155071196
9187033210
2146094436
7167087301
8004098883
140030757
2163019264
8184047624
6123074588
2199033325
9110074278
1083070092
6164009310
3146001253
5181035124
7013088343
8067071979
9119062399
2145011699
4112034647
2184087807
8100008070
6132061758
6105044424
5161064304
9141006808
2162076092
6115057672
3113028803
5193044732
5118086761
2060093644
8123022071
9180034616
4107076723
3195096029
1181020355
4162008581
1026093947
6191052962
6018082972
110069582
7004097000
4170091801
109075003
3106061495
6142035816
4101028079
8053080507
4096090739
4183016908
8160023841
8054081088
5142051432
1129002779
8135022099
1167070483
3145086132
6108053415
8193050617
9183018860
4112066220
5086082605
1198076932
4155032042
4157051720
2199065533
1043091113
55099865
3127077202
7134013620
98089402
2114000605
102082914
12077659
4124020119
7067096463
3166068670
6013087948
3134073973
3171045703
2161041405
3199036032
8117035881
9175025635
33093698
5085082835
9145089384
4184078088
2163041405
9089099058
5158023894
4081084725
9149085276
2096858
2103012482
5127069116
79098690
4157025516
6145087717
1102073332
7122085170
8135052839
5172026232
4135065886
2143033042
3163068987
4151066845
8188006013
7031098303
6188022765
7103083070
7136062374
5029072565
2144094238
5106091645
5161094018
9100029274
8109023849
6184046005
5176062996
196037983
7102054745
4113057663
1129047379
4189095703
6183096937
4109079476
7071090055
9108077813
8125018740
181084570
184074182
7163008314
7098090337
8172006721
151030275
6108027445
8149080644
2195040083
6033098804
7170019516
1173084919
7152024258
184061832
2150019568
4154050702
7127058364
4192013793
5105070619
3159083246
5172079064
149084652
1170059534
8199065432
7194087077
2167067178
4021080478
7140051091
1138048832
6195075342
3157071569
8120008501
8142072841
1165021211
1188076571
7140072048
3169099611
73093537
6171062767
9199019374
6039099083
9163089586
4023073764
8042079053
102032911
7173038510
6159098034
1188069942
4138037229
8183049126
173011616
9164002746
2165067448
3127014724
9139031244
3090090823
3188040287
1153082510
7184014394
8050089222
4196057424
8174029538
6138061167
1084079161
3062077952
6155053849
6178034357
3101053420
9103080604
8145059030
2194064501
2171044605
8065090417
4163055539
4009081352
133077489
7192099132
2184081626
9177001189
5128015737
137069293
3198033481
1174043898
7195004240
9040094223
3154001358
1042071481
1169032963
6017088345
8000090990
6060084958
7194007843
8167066775
1178064993
4141078314
2195026193
4199057213
2009084268
1193020939
2171013386
1149036158
6102071140
4080081195
7106009532
3140083133
2052092687
5062086910
6145063767
4130037183
6169047327
7163080119
2197017342
1132044887
8151021511
2084094581
4198058133
5171015600
7138068925
9108034299
6122015223
4162016311
6153050468
6125076761
2150087464
5193048571
42093171
4087071656
4156083283
3110033550
9063088920
2114062348
7168089569
4144090931
3165088443
1062080791
25094976
1110055047
29091504
192057956
7004075770
6116097208
1106069676
2039085790
2179035893
3181086873
5190062495
4101007008
2129090543
4131034404
2130044381
6120079686
9107085928
3144022367
3122040549
4197081202
4194008740
6164061008
3124079662
7114009626
1160034180
3117014279
8168029348
8133052098
1140033214
6059092825
7195040113
8043092341
6137035007
7161028464
4118029557
9132080495
9117071167
1023098575
9190067561
9026088829
5020099354
9143053668
1143054029
4027088078
6104072087
5126009152
2140071180
1183094818
3174053189
2168045745
6180003806
6098080184
6144048814
173073607
5190073741
154077306
6136002294
125087876
124067788
4171060787
3186032388
8119004253
1156048528
5155075846
7186086687
7153080071
7187002086
9133012347
2119001889
1136024189
8199069450
105051266
1170032450
1106031504
178089833
6134007582
9137036524
4154006502
9197082479
8191080934
197035146
8171083505
176087135
9023077254
1114069569
2061098542
4137023651
2183012708
9151099334
1100077759
3188073108
120083461
9176002197
2179079786
7143027245
2037082541
1112035539
2045090768
156072134
1130034665
3002083612
6199029886
9125086351
5098072693
8072094953
1017098025
2104026625
4120049402
8138043914
6131010103
4172017949
189056105
1123049788
4178080540
8033091050
4089084865
1111070809
2174031392
7182020472
8157059929
4175008667
4157004769
1091093630
8124022350
6007081516
51098117
3154089493
9104048033
6054097100
147078536
7189083812
5174081254
9163066385
1012091961
3099093205
7020080991
9101062472
2079096684
1116021956
4190097104
9049094227
120093518
8145099020
3162057329
144096230
1142033145
129066474
6198088963
7141029848
8190086957
1164083472
175094812
5020080039
8191053803
5193099920
6193083779
9187014960
8158016914
1178005125
9133064380
3185034473
3188071561
3047087085
7196049388
7017075893
3192073622
4060099305
6198078962
7109079409
119029932
8117050680
7130077575
2119012622
8145013155
4159015069
7186038340
6159046552
190049969
2106041655
4120091619
5141074511
7036085105
8137088789
3168078458
3182009666
3168085160
9142053240
7002086377
178037358
2167008440
156033242
1071081233
6159094801
4117088894
4002080090
4165064303
9187062606
9190083643
5176002454
8103099840
8117046447
2106073129
9023084189
173034757
9190088925
1080092850
78078977
8193088849
1143016225
3082084713
4056094769
7168031808
2130011348
6106010138
6161059056
116065352
7041088487
9166068501
6124098712
8126045867
2167092728
4014077364
3153079738
9127021992
1046089027
6006070754
9015076773
8026071055
8169036907
4181033221
4068092904
9029092506
7147080431
124049061
8116016193
9182058116
3135085444
1104002377
167077954
5169013051
9143095048
154070620
2147059934
4153006261
9195081346
8142009860
1140031394
9131022270
6130040586
5027086386
1092083144
117080115
6188079023
7186044130
8193032198
8172003624
173087955
1037079789
3038098211
8188030486
6163084819
5124015669
4190063140
2151022439
8122074142
1079089232
1155041992
7185001380
3128014299
9157050117
9157019222
7177082146
8106084766
155065193
4121089946
4079077371
3107061812
5000072992
6055096902
7126085520
155015314
8146036713
6167072635
134001309
8129057054
2182042604
11092867
8191038075
3116067521
8134056551
175079167
5150085652
9057097826
9137005543
1123059549
9183079190
1180027663
8115059250
7083084221
8105082909
6101026232
3073090525
5195072774
4186076479
2189055264
2172066953
8132063324
2025072574
4137050764
3176066223
1167046759
5179006570
7173025102
139082310
7103012823
78075652
1124020663
8170031427
9111072963
5043085837
1111090108
6140028800
1112022342
6188039275
6117031583
3129043884
5064091686
2056099197
113049301
2122095101
2198073556
8117040606
8126018246
3165028248
161021602
1178075475
8178016493
7163021515
1108050264
127083512
194009504
6142088683
9018072762
9104063743
9131080132
2154033472
7171019472
3173062271
9189084273
9054098838
7173086719
3189035837
7039080790
1143095106
9074079983
9047083007
8198049242
4021095556
5021093746
4108081259
9042091881
9187072780
8138036469
127042616
7163083277
9107058257
2102084536
3198044393
3163072559
4198010631
2124050662
3140049107
2030093787
3102038192
3025087181
8141083475
8143008110
3153042231
1127095429
3198072352
3157075192
7151046751
9139008152
54091097
2195033075
5122058285
5141064879
4196071413
3123072356
8149040181
4102002417
3137061703
7144051145
144029871
5139048329
6125087809
9140031623
3170088635
4133084623
4146011950
9157060052
73073777
2078074466
1132016554
4175033639
1146006157
2194032366
6045094995
157026493
7172076717
6121040467
7162049250
2115097944
3132000531
193003183
125089635
8174024476
2174039745
5135064684
7196082699
8102077324
7125051146
4017093650
6184067434
5144064470
5124007801
9026087911
8121003980
8173074695
9176066386
5133042862
4080090291
112014573
1162028740
9146002003
9129052835
2033077991
8109004678
7082097897
4176020898
8006092699
6145006815
7115051327
5095088527
2182051925
7162086665
4180093606
5050082139
6157013354
5183017265
4198044556
1107020969
4137046628
5051090412
3186029353
7076093929
5196017682
138009711
5103068358
9145016835
4082084727
3006080686
5159049705
2119083457
3154035065
5168077005
176047488
166019981
4054070379
2143055117
5096074245
4117016848
117088308
1172009219
2151011482
5069097232
8165055774
6101074845
2144065660
9122041426
3120045819
6106088638
6171084313
1138035157
4178027774
1108042081
9090074948
9197013060
1199061579
6128008790
5130031989
2117038569
9043096653
3166001318
38086790
7083095132
6084096617
1016076975
7150017408
157052370
8126045607
1017085737
151041920
34094273
9126033496
7156041053
3056081048
2183011885
9154013626
4012071083
4133022038
7153034325
7172021289
6170040016
3195029101
3187041344
8098075751
146004837
2112023436
6166090936
151088246
2153088847
7133019998
3188086578
5092076259
8159014393
146022993
9177073858
7143053201
7150052648
2142027544
4129000662
8094075583
3173087535
172032066
3137013553
7090096514
6142044550
154061848
5181015336
2028096326
181025072
9150041945
2142021423
6137084516
4197068082
5184077899
1130056884
187040753
192023086
7160060758
8124055871
5108059887
5183046868
7147086429
4196019176
1143073191
2189088234
9147024242
3147008661
6100072372
9105023015
9108086412
5097073748
7162042293
7139062149
122022126
5094096721
5004097680
1136084722
6134096407
3182080826
6101044269
2094073641
9101011283
5163044838
8020094049
9176019571
5198056950
172019468
3181046322
9011079753
4177024479
8131088353
83093149
8107064351
5058096810
3107087375
4168005129
2137075724
6119056509
6161093332
4105019664
7035083455
2097088034
8124083624
5083079198
5123075758
4162039659
9138074280
2150035278
4044099377
3141062959
100065241
8051092753
3029093387
1162062616
1010092343
2197056380
5151082187
8119005874
9189089391
1115013580
8133088786
118071405
9139029410
143093214
5035081429
9120084283
6118086127
1192059062
5028076388
8098077953
6068086208
1107006655
6116020006
5108009595
110018181
6115006778
8062093211
7162086665
5166021035
3134011753
1119008651
4161073503
5043089816
9141065159
6172054741
5144049270
3138065982
7061098505
5120055192
6186015709
6066086735
9123046085
1106003708
8137018686
1102097631
1125093431
123079782
6051095130
2142000634
7190067544
1001096303
3115000640
4077076156
69088076
4180012452
177040672
170017051
4145081841
7016089634
3182002876
2184070486
9096088879
2183070128
1064080638
6196038255
4078083813
5047088257
8004089963
1192032755
3199037251
7054084632
1134032122
2095092466
7185040949
5139082733
9115000547
6154075621
3187047550
4141085572
6107058763
4134069772
6136046834
1065074574
7065099572
7103014890
127024867
2175090000
2110075426
1113043075
3160012339
8168004500
6162006253
4026073978
4025079483
3184021688
6024080535
7148045427
6030086008
3185048700
2119014009
7163082824
6043086348
5006087887
6164028310
7143027186
9157077558
6192054945
1026090106
4091081538
7082085735
8102031983
9121076473
3110001251
3190057554
5118094233
5126073881
5091079796
6111023084
4105027731
5155035060
3119046761
9148003145
5122079911
147084482
6099093167
1139075075
1010072458
5100064309
7128065944
