110024
201601
250100
523649
315040
510100
213163
315812
300000
353000
557400
419323
350001
310000
710025
30006
201101
214037
65000
510220
50011
215212
150001
361000
610017
200433
518110
518129
110036
550001
100081
615000
116001
557600
434300
710016
434000
200051
100011
201419
350003
110042
200437
215001
650106
324123
100061
400039
310030
100022
570125
100016
528000
443000
518119
201702
518055
334514
214046
300387
215434
362300
510240
100018
110001
114000
300457
365000
200335
201107
200023
516600
518000
510220
411100
100085
158400
410007
213164
200438
300450
310000
100097
100195
100081
130122
300451
150001
215300
362300
150076
200050
510772
610074
101100
100070
324000
400038
527200
518124
511400
200444
710068
200245
350003
200135
100028
100091
214028
519020
519015
455000
510403
361000
350001
523000
518048
121000
201809
610043
727100
110025
110043
518105
250001
200032
300201
300134
214400
200010
332400
610041
200442
518000
50051
325000
233100
100010
315040
365300
518049
271000
362000
363000
510050
518057
530003
100006
201114
730000
150010
201400
611930
518118
300211
314411
433000
101400
102300
200126
710077
100028
519070
50011
200032
350009
362001
210044
102400
350001
315143
523839
518031
510370
730030
528000
518083
213162
515041
273300
100195
362000
510406
100032
100010
437600
510130
710043
515343
221000
361000
215007
130103
116600
200030
210043
257200
30024
364000
37008
10070
528437
100024
100165
519055
515000
266041
215123
100011
710054
710086
510075
518118
528400
100070
262500
430010
362200
200040
210037
266071
300170
528100
200122
201315
102600
100026
100055
100075
570203
610066
518000
100806
200080
200438
311223
518110
116011
213001
571921
65000
225200
523393
100025
510006
251507
255000
401335
110003
230031
333300
655000
650084
201400
300100
30001
100191
550014
518057
350011
419200
350304
210005
200433
100049
510403
63020
215005
210008
301800
201812
201300
518054
321000
523081
450003
200083
710068
200065
102200
100076
235300
510900
130021
100050
215011
710065
100016
250100
100016
412200
515041
430000
528231
215001
350304
215511
710061
100083
518067
570203
416714
300456
201600
528300
201318
510730
10020
214186
200062
200237
518121
430000
201102
523000
517000
435003
100140
430010
201200
430079
430050
510545
510630
210006
200030
550012
261300
510800
100123
65202
100089
161021
350013
610041
610066
300201
110036
528105
350014
510665
100088
610041
362000
710100
201914
414000
201620
100088
421001
215004
300113
300162
200042
523869
214014
529100
110013
100020
361004
400012
410300
201616
523873
210048
100028
101305
200052
366100
200331
214131
213011
710043
510070
518106
510610
432500
214142
361101
116013
200434
518048
523850
517000
100044
610051
554300
400084
570105
400015
530001
435000
30027
50022
363000
410002
201203
475000
550002
528400
350000
100089
501660
523726
510000
200136
518107
152001
230031
365000
471000
100044
250001
201108
721300
200122
518000
250200
528451
610036
515041
200025
200336
48100
528455
56404
362000
832000
221002
200434
710014
200052
300074
300070
710061
214073
100022
200092
201106
518116
100081
210002
200335
215500
361000
518118
710043
510120
528400
210038
413104
201700
100067
200240
517000
510507
261041
610051
445300
201700
266101
418116
410007
710005
100078
325603
530221
550002
650031
400020
50051
510375
200237
200120
518103
300450
311245
224700
266101
650042
510310
515900
201204
200233
350300
201514
100124
315021
215400
341000
510010
200434
200060
530003
529100
130062
215300
201204
266400
201906
450007
323600
620032
100062
200062
230022
556000
110001
310006
215000
214400
200030
100076
518102
450000
431900
214122
100050
430015
150060
200442
62250
730070
650101
511495
213117
163712
215211
550001
300201
300131
570102
300162
100088
361004
523655
528000
100097
200123
150020
310006
412005
541004
201203
650500
100025
30002
200021
735000
300384
215004
10010
256100
200335
710075
610072
300161
416200
200120
400021
211200
100081
201203
201508
256400
523900
515041
710001
528455
100102
430030
441003
154423
400050
726000
650217
200062
432100
529531
842200
650011
100076
110000
830000
202157
400080
710065
518000
450009
100016
410000
314502
201112
628017
200023
215011
200063
300384
318050
510700
400010
225300
530012
300171
519000
310012
210013
200137
200023
266034
100044
150001
262100
226000
650011
113001
654200
100029
300402
750001
410004
510060
100027
101100
518023
200233
201319
226006
317525
201101
200333
321007
535022
215021
518116
528437
100044
200333
200135
100029
250002
200233
518118
200245
523620
570125
430011
450008
350001
200240
523800
518109
214000
325200
134300
528300
530021
201508
250100
32500
510450
450000
322000
124000
230000
712000
528000
210001
361009
551400
250001
710061
350001
510600
266109
200030
650041
650224
510640
100023
361026
311800
518028
200434
150040
354300
650051
510280
100079
14046
710016
215021
610072
201103
410011
510620
100803
117000
710061
510310
212002
200127
412005
510410
518049
518067
325000
201804
361003
518057
100043
100101
830019
201111
642359
710054
210014
310013
210033
200051
210036
201323
710043
200433
310006
435102
200010
516123
414000
100073
215316
300151
410003
515000
100052
310009
300210
213153
361004
550004
201300
255200
710021
528400
201424
335100
200041
363000
214200
300100
222006
528400
100011
435000
110004
510610
518009
402760
200093
430030
510250
100818
518031
518112
650041
674100
841604
361012
710075
450000
471100
200030
200124
363000
200070
413000
200439
200237
250101
412007
300070
200040
351117
266023
200023
102200
518110
300122
255201
730600
100020
201801
528231
363400
100024
100176
517000
410008
201100
100029
400023
100085
730000
528445
100080
300381
518101
422001
246002
515041
522000
430022
710075
518019
430080
611731
200124
510500
516021
650051
650033
510095
528100
710077
518000
201100
325200
200020
526500
201206
100076
510630
215008
310012
200090
730000
100038
350003
200011
710082
213200
510600
450008
300162
102200
210028
450006
436000
400010
300020
201107
625000
316214
433014
66004
100123
200072
100089
110003
518040
330009
550002
100872
317005
512300
562400
100069
200431
642359
201203
100028
100054
150001
315400
430079
311202
400050
350119
511400
100053
201102
510800
11500
510095
100005
510665
518035
200082
450003
100048
710061
30001
621000
200137
225002
214241
300402
200540
200030
100010
519002
550002
200127
510000
518103
401331
110036
518003
200235
518033
100085
201822
510260
518033
215002
201400
361000
523000
361002
641005
527400
130021
200940
361022
300457
100069
300450
215300
110003
250031
200063
210011
839000
430030
200123
266071
511400
222002
30001
102206
200233
510403
226009
201414
300200
710021
201100
201100
610031
200333
100020
425100
510410
443000
226100
526108
430074
100032
523771
518000
610000
350001
201601
200011
528244
200082
200433
354300
400050
315040
361003
518040
300384
100025
852000
511330
361012
300131
100029
610041
200051
163416
200129
753000
620564
400061
300381
621000
201300
100026
726000
311400
510288
450000
200035
610041
214400
362000
210014
214200
116021
210038
362000
518111
528400
450000
350013
361100
210028
100102
350001
471002
710089
100195
361100
518040
400050
730084
750011
215618
110042
100038
523007
361012
101200
401122
528318
362332
410015
102206
101100
365000
516367
100871
611930
442013
214026
100086
510430
361026
710075
610017
110161
266034
710054
250013
518112
200436
737100
710004
210009
300203
450008
362700
200122
730070
518001
201407
100096
221006
323500
710075
100089
518040
510080
100021
102218
511495
510170
536000
201612
214035
300060
213022
430032
21008
100080
312400
200002
411100
722408
234000
214001
650300
362801
200129
510100
100025
200436
100005
225300
518000
644000
100029
210000
410600
200136
361009
519020
100028
150637
650031
524005
250100
361021
110002
50011
530200
100034
266071
430079
111000
215004
322000
223001
200126
325000
100159
221006
518112
200135
300060
100041
810000
361006
410001
516400
443000
115002
210015
100600
430081
362000
110002
655400
266071
710003
100029
661000
471003
100015
350200
518054
210017
310006
200435
528241
200431
430022
411100
361000
300230
110023
519085
545007
610081
100055
510240
100029
71051
471003
210042
650031
75000
100061
100055
201210
215004
200540
50011
300270
30006
100054
362000
450006
710065
110013
710061
510180
611231
518172
430064
200333
461500
201100
310003
300400
50000
230031
710065
201204
450053
300457
225000
225007
620860
400030
510282
510110
511431
110044
610000
300072
518031
215500
276826
213000
242500
410001
518000
400021
222023
202461
528300
430015
725000
362000
510620
650031
650220
201823
300201
750001
511400
523885
200060
529300
134000
100020
523907
361021
300456
215021
210018
210046
650042
200125
350001
450000
116600
301901
523948
510060
100052
650201
200240
312300
518055
100054
100089
100024
200231
200042
530003
200030
200032
210007
100071
210098
100068
510405
241000
117000
516000
525000
210002
100088
100176
710082
528325
511450
528415
364000
510075
350300
100012
330400
226009
100037
325002
214024
116021
130022
550002
250002
116013
710077
300150
64100
400030
561000
100016
518033
518100
310008
518172
200030
710061
200137
404000
471000
201204
201601
325000
518004
518026
271000
528305
14010
746000
277101
330030
62550
157200
443000
211100
852500
710061
110025
201201
213200
515041
650041
414012
100027
300020
300456
100101
650051
412007
517000
518001
528000
300020
200331
300400
719300
315400
510380
510280
518000
200063
214028
30021
330006
541300
300450
523408
523898
200030
400053
100037
400084
201518
200237
200131
518000
350003
510310
361012
443000
310008
400715
518019
102627
200092
363000
529145
650031
156400
361009
111000
315504
572700
610103
100016
100025
518102
30053
115007
100085
100023
610017
610016
214500
518115
510070
300074
364000
528248
102211
430000
350300
48000
650031
200233
201615
201415
528211
515800
201313
543002
100621
250100
214400
116034
430080
100034
100031
650011
350005
213004
300020
200437
710016
641000
400015
510420
200003
516300
421002
325200
101416
719000
135000
100062
41000
321300
622758
401120
30012
200333
710054
200331
210012
300222
410012
518104
518128
100062
300210
362000
30024
530115
150010
350102
410000
529375
311100
518121
266071
210018
215002
710000
100840
510500
215500
528411
100007
430020
201400
226600
527135
362200
210029
510620
213000
110013
300211
330002
650032
512122
430065
214003
130012
256400
300113
110003
610041
361009
621000
30001
518112
200092
315700
211100
100080
300450
515000
350001
300111
730050
276826
541100
266100
510515
201700
361012
510405
523580
366000
518034
518128
515041
443000
215004
313200
221200
350108
361026
510300
400020
325000
300191
675100
211800
523160
510006
100054
150010
635000
510075
510370
361001
100020
318055
138000
230031
100097
200011
311200
523710
523948
110006
200431
226001
200434
528000
361009
510627
350001
471000
54900
262000
550005
250001
300170
30012
300380
215127
100012
100050
430074
314408
100075
610041
116021
233000
300402
450015
741000
322300
100190
325400
315016
266109
214001
515200
433100
443000
523958
610031
430015
528000
511518
215600
816000
362000
528415
523785
510100
710075
352100
518101
200052
750001
522000
734000
256600
200436
361026
266033
200063
510240
518000
350600
200002
551232
545616
830000
350206
200023
201900
475000
200010
643000
510120
100036
250033
518000
542800
525200
201202
201615
518108
100005
116037
518119
210038
210011
510730
200080
116200
215021
529948
850000
510800
610041
201209
317000
100012
523856
443002
315400
518102
350003
733000
610000
200235
516083
266001
661400
210031
610051
325035
100010
100020
300384
200240
524038
200439
529200
333002
510220
277100
214028
710075
510300
831400
525000
530021
215011
200940
200435
321017
450006
201804
450000
101100
450000
300384
200092
266108
300010
361005
730030
541004
200949
529300
100075
517000
100078
528311
100025
530800
200001
710001
112000
200120
200093
245000
110141
201101
214028
644400
311400
100053
200042
264003
400020
410007
525027
528041
14300
515041
100024
361009
114100
528415
610041
510900
215104
455000
300122
314015
200335
221200
100045
400060
363000
350003
200090
528308
856000
510630
610041
101100
400044
550002
30012
300113
300381
410007
510600
272400
225009
100097
330006
100075
200020
361000
200435
100194
475000
350000
362700
361004
714000
610000
201901
244000
150080
100022
350003
100021
350013
315600
350013
570203
511300
852000
710061
200443
511400
30024
201800
545001
362300
528304
266071
310021
261041
570206
710075
528211
610041
100026
130062
201204
226000
350003
331406
550002
200000
226007
100120
30012
518108
50031
510055
100164
200040
201100
511400
265400
719300
116031
510620
214028
100091
201208
518002
311400
100872
433100
243000
300457
519000
201100
510400
450003
315191
30012
214200
510010
516353
100022
200126
610016
352100
100124
100176
14032
537005
650000
200333
518101
518033
518109
351100
201314
510310
225002
330009
315800
518118
550000
523128
550002
430072
515100
300211
164300
430080
475000
528226
523652
430082
330009
315040
100020
410005
215000
523770
314100
518003
410001
452470
200061
210024
430070
361000
650200
102600
519070
100036
747300
266071
210024
618300
113008
300300
201101
201908
628021
510600
100070
200433
100101
266000
200442
518000
410006
523700
100031
116000
510010
518057
351111
572200
100125
75000
200331
266000
518033
215009
200125
200003
300130
518034
100032
116001
526060
519000
330200
201906
116013
325608
100055
511340
518122
300040
271000
350001
200123
510150
100054
652300
200439
130011
430072
100005
100016
529300
311200
110023
100070
10030
510240
310010
518000
510630
572000
211300
617000
300300
110101
100084
526600
210037
518049
56001
214125
310005
221008
550001
101200
611533
200122
677000
272100
313000
315000
510800
325000
100023
200093
201800
250101
410005
315012
110003
518005
200333
34000
467031
510400
710062
266000
212004
300042
830000
101200
523290
617068
136200
528000
543000
210008
511457
100191
201404
50011
100053
314001
362805
100085
436000
350011
100016
545001
430035
471003
518029
410205
200070
230041
200438
213012
561000
610072
400716
239000
655000
201620
811700
571100
523722
110031
300193
215000
442002
200235
201202
210029
361006
100083
518040
400061
100044
201906
714000
361000
421431
200333
66300
710038
361004
200233
610100
110001
10051
362700
350000
201206
545007
300457
511450
510403
158100
200434
213011
528000
100039
524400
214001
510610
510410
410128
512026
841000
200092
610041
215164
200063
441057
250000
200439
620500
650031
100098
650217
111000
518109
518000
361004
200015
215009
200090
528400
200051
610041
266100
100081
100022
200949
100071
510663
124010
10300
201206
50001
710032
570203
529933
410205
510121
163311
311400
100102
518001
30009
100026
201103
541400
753000
221003
102100
201801
100039
523713
214000
518112
510655
511100
215151
201824
264000
200233
510405
518002
353000
518052
442700
110024
717304
430056
510430
830026
363000
100193
719000
511400
210036
300402
200072
130011
354300
300203
361001
511442
266071
523166
351100
200030
273500
441300
510700
100020
514000
450052
536000
610041
100078
100083
430073
363000
450008
201613
710119
315300
518128
225009
518055
201901
215007
450041
510100
650011
100192
200441
430061
529000
230001
337000
650118
723000
528000
361004
710021
675000
650228
201512
100083
225003
100085
116021
450003
200030
201108
300161
510507
200135
201100
311100
200540
410005
475000
450000
430010
244000
201209
102206
271614
350011
211500
400016
215006
212028
100010
214000
644501
100040
261314
226006
150040
100029
230001
300203
518131
100074
100085
201107
200021
650200
130024
570208
314001
222000
523710
213000
201103
250031
201600
101300
100084
300192
100076
430015
421001
100097
311243
526040
350014
830041
610046
300072
201102
214043
30024
666400
510130
110032
451200
361101
518117
513000
523076
100044
519020
231600
528303
200081
300450
215002
312000
200442
201100
471000
100027
518023
200070
63000
400084
214037
46011
663313
200065
300250
100029
201808
350003
214028
215011
550004
300022
430074
411100
653100
250100
201100
318020
116011
712100
316000
50091
745000
530023
350012
510075
350008
100027
201203
361006
100094
114009
526070
550001
201205
211525
510260
100015
200001
317000
265300
257000
625000
510120
122000
514021
116021
350001
215000
210002
518116
518108
325204
410007
510220
363000
518118
510650
510400
518172
100028
710048
221004
518020
610041
710038
201600
300162
361004
266002
200081
213001
450008
528467
215300
30003
201617
100033
300190
200070
210048
528251
201102
200433
314001
100023
410011
510080
200060
518036
317605
100078
150036
210036
518116
100025
200085
271400
536000
201204
200065
214426
510613
135000
161006
433000
30002
210016
402284
523655
361006
200431
100101
130031
215221
710075
364000
650021
710075
201721
201706
532100
518125
102218
300100
100053
225300
510620
322000
610051
422000
201108
15000
430070
618000
300450
410001
200335
201605
710016
214408
230041
410075
518055
518125
550001
100031
201102
214101
312000
100070
300241
237000
530022
300121
200092
130031
201400
50021
116024
215200
214001
519000
264200
110136
710038
200086
350001
100006
200071
200092
430081
450004
250100
518020
450044
730000
546100
530001
110023
430080
100011
200441
518067
102100
850000
100085
350011
650308
100035
518110
66100
650021
201314
200093
315040
200232
300131
116011
550001
715109
330002
410003
710086
215300
201202
315500
518129
518104
615000
523400
430077
310006
300113
100044
314500
678000
100125
650000
510545
528305
200070
571400
300451
100039
232000
150001
200030
510370
100089
215031
100025
350001
523651
315801
110003
22150
250101
400015
300201
518048
201316
830016
515200
200120
215200
510060
210028
201108
528415
101113
136100
100085
430079
211100
361009
650031
518100
215333
610017
200333
210012
362000
214135
362700
201102
650051
510280
516369
655000
610016
100012
314001
100176
200433
251600
723000
100166
50000
100021
510641
315000
410300
250200
101300
710075
830011
215300
610031
523445
246003
201300
100102
528313
210015
528400
430014
466300
71002
528244
110013
233040
510250
310021
528231
100073
430070
266061
400032
201100
528300
710054
310008
201108
635000
423500
250002
100029
200003
523073
310009
250100
210006
510220
510410
350007
650203
100022
201202
510500
200025
650032
410011
518004
515041
450000
200433
430300
211100
100033
215144
100037
235042
518000
265800
110003
200090
410000
518106
350003
200126
100026
353100
30006
671500
201402
430014
100023
536000
410001
50021
200003
110025
50061
212001
510030
226001
214000
710004
361000
201112
710054
264408
100050
264000
100024
250300
202162
810003
200431
223800
110141
266023
250002
323000
325000
515041
610225
100055
261041
210046
100080
457001
110164
712000
402260
433300
361005
300102
350124
417000
100040
516133
255000
471000
213022
650021
528308
450003
210037
362700
212000
456250
400020
430070
100192
528313
100055
310012
200001
110042
15000
510145
710043
116001
401320
200063
351100
510080
350025
571100
200235
515000
528219
430020
214002
510120
215011
325000
200042
537000
810001
215228
518049
202450
361006
264500
200433
200940
300170
210003
201109
300270
30045
200235
570203
301600
350004
519000
361000
510000
430052
100077
351111
416000
211164
410013
100071
300384
362312
221004
110025
250023
315000
412007
422000
100141
510060
710075
414000
61400
300000
116011
518040
250014
352100
212000
231582
100083
250117
350011
116001
210032
610400
116023
810000
518104
430000
100192
518040
514021
518034
362801
530022
100085
510500
253000
200032
211100
210028
200121
400039
100020
430070
362000
201705
200040
518129
610041
214200
714000
100085
518034
510280
518055
215300
400060
362021
310021
100073
150001
361004
350001
311241
650031
350005
665800
353000
100068
200092
430030
310018
100021
200040
100051
150001
310014
300000
200124
366100
310004
200233
528315
361026
200434
201600
361021
214000
200063
102200
201801
250001
316000
210002
210001
110003
710021
310051
200237
351100
201805
510620
352100
250014
361021
200123
353000
427100
202156
100029
201913
200135
114041
201101
510600
350001
528415
300204
100031
201210
233000
610041
200438
201208
510665
230011
518002
201900
201111
710065
350003
321025
200051
110015
518001
200435
430082
210000
518026
518003
400025
710001
523759
650050
430072
330029
710061
362200
201501
350001
200002
211100
427221
24076
210007
518054
518035
276001
200437
530028
528000
362200
810001
518083
201620
510220
200431
264209
201103
725305
361022
201209
215005
150036
410007
610000
201821
225300
162850
150001
570001
201500
350500
450003
518112
523467
362312
530022
710068
537102
523560
201206
361003
350001
100176
201101
551700
402191
710082
63022
523660
200086
671000
362200
100045
650031
110041
511400
214071
350001
100190
201611
710016
361006
518052
313008
350003
100045
518106
300171
200125
201812
528225
200092
100700
200443
100027
313000
236500
510001
116021
510145
524005
100015
518055
350015
518033
212003
100036
200443
316000
430030
510700
636350
510450
100190
400020
130033
510370
200032
710089
200040
266034
411101
300456
519030
330002
410100
430079
201114
113008
518054
130022
650224
510800
830002
200941
510100
530022
130021
210018
110024
110041
528447
518000
315040
316000
30006
518108
150046
114042
200126
610500
510613
114001
653100
214413
100085
100086
300000
214028
430064
518057
615000
214028
530031
410007
361101
150001
100006
100034
201908
100055
510440
355200
100080
570100
523850
116600
226001
710069
410011
350300
212300
300111
100026
510406
314300
315400
325000
519085
110025
409900
200062
830011
550001
212000
201620
210094
201901
611130
624000
523822
518101
110032
50021
519060
201612
130041
400039
100112
510663
100068
361000
519000
201103
301714
110044
518105
510730
100038
410007
201102
110025
200136
515800
710014
361012
518110
674100
518111
430050
523689
515300
610016
200443
110035
310030
355000
650031
271000
100086
418000
427200
202158
300201
100024
810001
100022
610041
430056
200444
300380
200435
100085
225500
100005
361100
350000
200032
300100
200233
518000
201323
430081
523000
200126
510800
313000
315100
201101
117000
200025
430072
110002
215000
33000
314204
210007
341000
201907
300300
210048
157011
510735
355200
342800
300131
528400
530031
100025
200444
276400
412000
350001
200001
518003
130117
361009
210028
110035
200333
518033
362100
100043
523850
362000
727100
100125
215216
519100
161000
274700
325200
200129
512000
430079
856000
100702
250022
210001
350003
677000
430081
610066
518040
400020
100009
528200
551500
266071
351100
213022
510700
214446
518031
300450
430062
100738
200052
100037
250014
300384
519015
710061
214044
710061
315020
362700
730050
300450
710077
441003
300222
201204
361100
261041
350001
201203
150030
100028
528400
201114
519000
510220
450000
350305
528000
343000
100004
211100
410079
350003
100081
100074
200231
350001
225400
266071
314000
200020
650300
201210
350319
17000
200240
225500
412001
102209
530022
150001
201700
510620
314000
266002
361006
300040
402260
200072
514000
214000
401120
201600
315315
230088
523660
710004
550002
130000
211803
650051
211700
210005
523109
310030
414003
537126
730050
266071
528471
310016
10010
518026
350011
315040
524300
710077
250011
518034
213000
300455
430056
201201
510510
401147
735100
100024
250001
201101
114001
361021
300112
116021
201203
210016
102206
710300
518057
200051
518081
510240
201101
200940
201203
130000
100009
200011
201803
272100
314000
100055
417000
210037
518126
556605
213022
200086
200072
214107
300380
528200
518105
100029
200135
312000
650021
230001
361006
210011
110003
100803
528100
637105
226006
511470
210038
100621
415000
211156
523000
200120
811700
433000
550300
234000
261061
200434
100102
100085
300384
48001
400030
710061
315012
233000
511500
100039
30000
511400
325800
110003
518052
314000
100028
100700
214000
214177
276023
523391
610051
226000
410001
233000
100876
200072
100041
200232
110004
200120
361004
430022
518118
528300
430074
200061
510515
710061
511436
361004
50031
210094
250000
215021
310015
518028
47300
523391
650302
215300
200240
222004
530031
210035
110004
524022
201803
351100
214101
661000
100027
416700
445000
510080
201317
362700
655001
215300
200443
610041
200083
361000
410006
610041
239000
242000
361100
100195
200237
100101
100081
210009
100027
461000
200443
518002
510163
523000
201801
519015
518111
100068
215134
313000
414300
510470
646006
410005
751100
450004
300191
519070
210006
519000
362012
250014
215000
100005
213178
100082
310013
528000
529300
100028
100190
350005
100051
214028
650031
404600
529300
213000
200333
310004
450000
518054
215001
650011
518081
266033
610016
44000
100733
518048
510665
130031
537102
75000
100029
214031
124010
361000
331200
123000
314311
410008
100089
315153
362600
200025
330002
100044
100875
250000
210014
710065
622150
334000
315000
510623
518038
250100
361004
516100
100073
201615
643000
730000
100061
523200
455000
300121
200063
10010
300042
300000
214028
746000
272102
518117
518000
430010
361021
100015
201204
510403
53000
201900
300400
650224
225600
130031
136001
225009
570125
100005
611230
100089
210036
523000
310051
201802
528300
528463
450000
200126
518172
226002
450052
610000
201412
450052
214432
710032
300230
528000
213000
266555
226001
213000
130000
518112
529000
300400
100028
130062
510630
510540
100020
515041
528329
200023
361000
100061
518048
30012
511400
210009
222042
250002
518110
362700
100012
266108
200090
101300
510310
100037
528425
235000
213002
300222
410002
528445
350200
215000
214101
519100
215152
233100
214253
510380
201100
215004
100048
361004
100078
200126
362000
100035
620028
215300
100022
410000
201612
413000
200062
510095
230001
510620
110032
201800
200030
200245
200017
570208
515041
430074
411100
200072
621000
510315
556000
201802
201700
100027
710086
710061
300130
516007
610051
448000
243000
230001
510700
321300
518049
427100
363000
510410
54800
201100
521011
650051
201114
641400
110002
315472
100062
300171
710119
515041
226600
528000
430074
351100
200136
524038
215300
68450
45300
300250
200442
528467
223001
361022
361026
510370
255000
100026
214400
210016
643200
200092
232038
710016
100054
510620
33000
518001
362700
243000
213234
100022
352200
215300
511341
523580
54001
518034
200127
400032
511450
518010
214400
330008
841203
200090
400060
528306
614000
330000
200051
529300
410003
200333
430015
100068
518055
315100
100085
100076
430071
510260
221003
841100
100020
529100
528000
541004
518067
516005
201702
200126
314100
50019
201507
116000
201206
518112
215006
518040
510115
110034
654100
510407
334000
518040
525100
214035
100007
30400
533612
100013
350300
430064
110034
50085
523000
518033
550002
250023
150001
200336
518172
100025
201616
100018
361101
100080
432600
518026
201206
201111
330025
100050
30027
430070
723000
110013
100062
510507
100029
362700
330046
115001
650031
125001
528305
201112
200335
516223
610031
546122
361006
215006
350007
650011
404000
251700
611833
315821
665622
100012
101300
100094
401120
102442
311225
710021
473132
511510
300134
344500
317000
430074
200093
361022
570102
116023
528000
100020
400030
225800
518103
200072
215008
730030
100738
410000
130012
150001
400064
518040
430023
523000
518028
515144
410008
523960
71000
850100
523810
201311
610041
430014
100140
523160
530021
100085
361027
362000
300300
200123
528200
410002
200063
100009
50051
518129
330002
201108
201203
261011
430056
510288
56002
710075
201202
528000
545007
518001
516083
351100
100025
422000
324004
300060
528315
200126
200051
100022
510800
226200
300121
437400
361000
200002
510430
300041
100035
518106
523339
230051
650021
233000
100080
100071
330002
200070
518055
518110
350003
250022
225300
361006
310013
515000
201705
250001
518111
430050
712082
650223
435500
570145
66000
518052
610015
572000
519050
523941
361012
200127
361000
200051
518026
430019
528244
30001
400037
510800
201518
201103
214011
525000
110014
518132
430014
300270
213164
710065
518129
250023
710068
200120
350001
157000
300384
646000
511436
150600
100022
215000
200333
300222
100053
200434
518102
100029
66200
200051
361009
200137
201707
430022
300134
325001
201102
200093
164300
310005
100037
264000
528300
530031
365100
201100
315012
276000
30006
511442
200092
400054
510800
215008
100024
528325
215008
430063
617000
414000
200434
200333
200061
100022
710002
226001
361003
100076
130000
52360
435100
213016
523290
154002
200093
361012
200233
50021
265700
30012
528231
410000
317100
316000
200336
363000
211500
100028
200245
518045
63000
361009
516211
558000
100053
528500
201500
330006
250021
300451
300161
221002
262700
30024
561200
200000
300191
226232
100023
100022
523700
330006
100041
214011
300000
611430
201302
677000
341500
860000
325200
118000
362000
200333
300450
110031
536000
350500
312033
610041
454750
518102
518054
362000
361005
510620
710200
201812
427000
300381
518055
101100
524013
201601
361004
100075
528000
100120
315336
130041
46000
201318
226007
830002
202150
310052
523870
516171
200031
200233
361006
528300
518172
210006
210046
450000
100062
150010
529020
310013
300012
223001
100051
100039
330038
412000
527200
213000
310014
523943
518031
200233
300061
210002
50081
400030
300457
518048
226200
201818
150001
100044
528000
202150
116023
200233
300193
37004
100089
100081
215011
201702
457000
417600
510250
213000
527222
510095
336614
314107
655000
354300
123000
310004
272350
310021
124010
130012
250011
102209
250001
510700
300074
410005
213155
300071
116001
361021
150001
362000
210019
100009
63000
215300
100062
401254
266045
200437
116023
528051
515041
730060
543000
523000
523750
710068
314001
100036
100621
110300
610061
362211
200083
518000
50031
100007
266071
300250
215554
810000
466325
150080
200433
313009
100102
518004
528300
100176
430032
30051
101200
200042
325000
110032
100016
200127
201400
110819
530031
215300
515041
150080
201201
716000
100086
201400
200237
519020
510730
213163
515041
515021
610042
300211
33000
510010
200135
201900
100091
536000
200335
200072
50011
300074
712000
201901
363703
510280
518104
537000
200072
100021
201100
300450
726000
200435
571334
100098
448000
523941
100102
529000
214404
528462
441300
30001
610041
361012
523460
100190
273200
317500
510900
101300
271126
511400
528000
300073
210036
100091
550002
361100
100050
550002
215600
215600
315221
433300
102614
100028
518040
653303
200000
300171
528305
610016
330001
650216
450006
450000
610500
311101
100025
215021
276808
100045
511500
200063
211100
315040
450000
200439
523900
200232
200032
350003
450008
100005
50011
100034
510035
210013
518083
510440
223200
201615
215334
100076
100038
313200
572500
315000
300456
324004
214431
430000
100020
510250
523820
523850
362000
200083
100142
100076
200090
330006
523160
315174
200060
300073
214031
351111
211100
510310
536000
110023
410008
200438
100025
321300
530000
100195
200434
535000
223800
100024
510170
214026
518101
325615
200083
400060
100068
110515
100024
510655
114051
200031
100176
100023
410001
210005
200441
450008
215021
102425
257237
510620
610503
730000
830002
50081
110015
100025
510150
200060
430080
523710
528415
200122
100166
210036
100038
523326
510620
213129
519075
330006
636000
518038
200125
200438
401147
266071
644007
518029
450000
518119
261061
538100
215600
523460
200129
400030
315700
250014
200135
528455
400039
517100
362000
14030
362700
361026
450052
353300
675700
100079
100010
214122
350005
100070
225009
200335
315020
515041
650118
132400
100088
710054
430074
201315
653100
200093
300131
200336
100055
514021
75800
100176
225001
510110
350001
734000
423000
510700
530022
655000
200331
200040
523065
350001
300400
266700
361021
614000
244000
200050
200070
336600
361100
730060
723000
200237
100102
453003
510100
50000
200129
200093
362000
45000
100035
510660
510010
510045
518107
518112
200436
430072
200431
310016
550014
314408
200422
450000
300384
300480
557700
361006
650500
266109
215300
361026
610066
300071
518029
735400
100025
511517
271126
621000
300192
844700
361100
430000
528463
510310
518034
363000
110002
510080
100026
71056
200233
266000
102411
230088
102602
518118
621000
201100
528000
230001
343708
210036
245000
14030
50000
100097
200062
116021
100028
361100
201300
523326
100176
518067
222505
100010
200063
214028
528000
510000
314500
355000
519000
201900
100040
300040
430080
437600
741000
653100
450000
530001
100020
100088
200023
721300
511470
666100
710065
350001
518026
410001
313000
224200
857000
100024
610051
510900
510180
200051
730046
226001
519100
250100
430040
50000
100081
410100
201612
100077
430223
115003
100039
200092
264000
232007
325205
100031
362000
225309
113008
212132
100035
100039
526040
511400
150030
350001
450000
100038
200031
300100
510660
215200
510370
529100
614000
350002
200331
510140
361000
266031
200023
400014
100081
710077
300250
214011
510000
530012
201103
315000
100080
471003
650000
100083
201102
100055
362700
100025
214000
511400
528000
570208
710061
200335
511495
100041
200131
518000
510380
362000
300240
225002
518013
200135
200063
518002
100034
250014
201204
200002
201108
250100
215600
100738
215156
715500
665601
100071
100027
200436
516001
201806
200031
515041
200082
101111
325608
430060
200030
450000
116023
350500
221000
210036
31400
225002
50051
332300
430061
361009
230001
646000
528244
200061
276200
213000
528400
523008
518057
201801
510250
361009
610031
100022
225300
157511
200235
515041
610041
200127
610100
201200
100005
300140
311700
450003
201503
510250
200245
100022
310005
200041
101101
362000
350003
810007
28000
523700
363000
300141
364000
310014
300100
518125
523008
610041
215343
100028
200123
100025
710054
518020
529300
250100
300161
100022
528467
100600
210049
200021
237010
210061
453000
528231
201601
510000
210012
200435
201500
210006
102211
354400
116001
338004
710061
201102
610054
210038
300250
430000
541001
100043
201108
528303
110035
810000
422700
100048
518001
430010
213324
400020
730000
361006
200333
210008
150010
450004
618000
523936
64300
650111
518116
110041
350002
315040
200444
200235
214500
201807
610017
550002
200241
215008
100022
441053
610041
65200
100025
518105
515198
201906
523660
100005
510520
100053
200122
200444
215539
76550
529000
210014
333100
523653
510660
110003
100193
215001
322000
510613
316000
617063
100086
100081
310003
325600
430080
516003
210003
200235
213000
471003
408000
518000
101149
200093
430030
510000
201112
611533
361012
110032
510000
200135
215600
400010
257027
150086
430050
213000
400054
400020
528000
400050
150025
200434
300181
523128
510660
610072
200030
516347
443003
100044
528200
570203
471000
300232
523187
511515
537000
518128
610041
400039
213011
353000
200333
655000
200443
100044
523850
723000
510075
530003
100088
528000
521011
215321
100190
212300
810003
610045
215300
10031
300121
471003
110300
528300
350001
310004
215008
100028
313000
201414
620360
201716
350300
510635
363000
518112
430022
226432
201103
100043
200125
400030
200129
225000
311400
834000
100031
200129
200433
430060
100083
528414
264000
100024
422001
200336
210039
351100
230011
300350
201507
430060
610072
510600
100872
130011
528311
116039
610016
610041
41000
518008
100053
116021
333000
200031
510250
361000
233000
212300
116000
215021
100039
710061
