430074
100086
150010
100077
210002
163412
201107
312300
518001
16100
410001
63020
404000
735100
100025
361004
610041
510100
201300
530001
518102
466700
200010
100124
100039
510010
363500
215005
244000
210012
518033
523000
643000
201202
264000
200237
221400
810000
213001
201107
310004
102208
523636
200438
100006
30006
14030
710054
610500
518102
361026
716003
201812
719000
100102
410005
300400
610041
511483
330038
518048
610091
610051
116021
200032
214400
100025
350018
311100
523580
200436
610031
100088
518125
410007
100192
528300
430074
41000
33300
200333
200131
710077
430015
351115
215600
510240
362000
610036
361101
523850
311400
315400
264006
200126
100054
265100
518126
311400
250014
518109
100084
100101
100091
200081
710014
100021
410002
100022
415700
230001
10051
666108
510006
256400
618000
561000
226001
201805
316000
130011
150001
250001
250013
450003
100005
200062
200240
523710
710016
510900
362021
510030
710068
201101
516000
529000
200232
201512
100029
362600
361003
753000
201615
330002
361101
34000
100010
300131
100011
710089
200083
100123
210018
400020
63500
100027
100080
529020
210012
50031
511600
310015
361000
362000
450000
100061
523303
518036
432700
518126
518057
225300
443000
255086
430077
330006
226100
50031
215008
312000
572000
210001
510730
210006
510250
200040
100076
266071
510650
610016
100027
510405
41000
250022
462002
201822
266555
100024
210009
525000
200940
610054
215331
730000
201105
518034
200031
200125
214063
412004
100028
350007
430022
510600
518001
471000
518052
450000
214174
365200
518001
100007
214021
610061
350014
100012
221006
529000
41000
200083
610041
529500
30203
400020
518021
362000
518057
415400
430082
629100
200060
510130
32300
350000
519085
115213
200063
458030
213000
163156
250101
65000
201611
30600
50011
300074
100102
225800
365300
561300
719000
530023
215004
610072
102209
450000
571101
518001
516081
200060
523566
430022
214400
100023
201714
714000
317502
614200
300193
650051
200127
200042
210001
100823
610031
350001
518114
200062
200335
266071
710043
361004
201108
200041
200135
710065
200438
214043
63000
310000
518048
241000
201203
201908
200438
300457
200435
200136
214404
316000
201206
201200
410007
471300
510410
361009
200120
264006
515400
200040
510250
545001
201103
211500
350002
322000
518101
100029
300121
523127
400700
438300
610000
200051
650051
224000
300142
719000
130012
116600
211300
745205
161200
322200
300142
201203
430030
750021
201409
210001
530022
100011
300120
610051
212000
212200
835000
221002
100120
310012
211500
200431
610041
518116
200065
100038
400064
100080
300121
300131
201403
100041
430023
511800
401121
350000
310006
710054
200335
352100
515041
201907
510410
201210
100121
201600
200434
201103
310012
10020
518126
100021
100032
710003
430081
330002
710072
201101
100088
215008
311400
214142
215006
215343
210002
350001
361008
523710
832000
210011
100020
530200
102488
401121
543002
266555
300222
100039
518107
350003
352200
518053
100055
75000
201612
100080
200085
121000
361000
512026
301800
215341
330006
150010
200331
730000
100083
261031
200122
102100
610031
100000
515100
300400
610015
201802
675000
215000
100012
201907
362261
572000
621000
362600
100868
102425
215021
250001
430064
201202
323406
48000
312300
200051
100124
225003
362000
200444
322100
110006
230031
200083
201821
523710
250014
110032
528427
130022
200129
300200
401147
400060
528305
100022
510095
201600
531400
210036
201209
523642
518101
315500

325024
521000
300040
510280
200433
224001
201413
712100
100191
201700
200001
525000
315000
324200
214421
313000
100700
361000
200082
462500
250014
418000
677000
351100
215003
401147
200071
610041
510250
200072
300456
522000
350300
215213
210019
214062
300190
410007
300131
510160
350001
300450
518001
225800
200092
518101
100020
523290
114100
266000
412003
510300
100081
518132
201822
650032
300450
434000
300402
102200
523320
310002
411100
418000
361009
200002
200233
201100
200433
525011
266031
200010
200041
400060
510620
510730
671000
448000
101101
300161
650011
441002
63200
200333
100070
510610
66000
100143
510640
200092
528400
21008
350001
223800
201809
518106
201201
200443
100027
211900
432100
400060
100010
510230
264006
200083
516133
201103
100122
430064
361000
610072
67000
110179
200437
355400
830001
230001
50051
730030
518000
200237
352100
361000
510220
430064
528244
528311
430056
310006
519100
266001
100142
467001
110031
510600
300210
131109
215211
361022
528429
511458
510730
430070
545600
100086
210002
510430
510700
232038
101300
533000
215008
266021
30001
523000
200092
301901
437100
510220
200090
201615
350200
650200
511400
100085
528000
100025
200235
100080
518000
615000
434020
255300
261011
570208
201707
430074
400080
100040
48000
50021
100070
200443
215632
264200
467001
201705
200127
214061
100026
510120
571100
510080
545005
210009
523000
300131
100085
518129
412005
324002
66004
312000
200129
650001
100080
110001
50001
54000
312025
100089
610000
523560
200233
201304
343000
710025
565100
101206
50035
350013
516008
310000
516001
225000
201801
101309
518122
215127
100123
200135
10010
66600
230031
125001
523620
211500
46000
264300
201105
730060
200003
225200
201400
430080
210012
515000
214061
528400
510510
100088
518102
710032
200233
313009
214142
610041
528400
201806
528447
710016
30022
215000
100027
201314
300201
225002
201203
215127
724105
523402
100028
100022
650011
510730
650034
200434
200135
310003
518131
225007
510000
214011
100055
564600
430021
550001
110014
201112
852200
516211
200333
100005
110031
528244
201906
317500
65000
201908
330400
30006
712000
210042
830001
201804
201204
362600
201108
355400
67000
650051
200233
100843
330046
523600
523391
400015
518048
200032
830011
250200
419600
325200
116033
617000
518057
100161
510630
200540
100088
201300
200081
200333
450004
100022
310006
100010
518048
201802
523413
300190
101100
200080
351144
666100
330030
10010
615100
610041
210002
528300
201202
510630
518034
200031
518108
518057
201208
710071
215300
30002
201300
408200
510000
611530
830091
750002
150086
200233
110045
52260
100012
527300
350300
200241
362200
518054
215300
528000
361006
200438
443000
710065
572600
201208
528300
510230
200051
201100
215011
445000
110023
443100
510095
625000
30002
200080
242000
518003
100088
100010
518119
410000
214073
300210
361006
66200
100026
201201
350001
511470
150036
66004
523960
545803
512000
323000
610041
200235
528315
510140
550022
100007
250012
300381
510410
572600
710100
100101
410007
100004
110001
315172
110014
350001
611830
54000
221000
102218
610016
350000
430012
466300
116015
213161
300250
200125
655000
510260
223001
110042
110034
610041
550001
350001
211800
650202
200010
300111
610030
30001
116024
510500
325200
430070
230001
610072
100070
200331
361009
63009
100022
653100
350003
350007
350001
637000
528415
200237
222500
510280
200940
830022
214100
264200
300350
361004
518040
730070
518108
201206
271000
210012
510655
450008
610061
350001
441300
523460
710075
210036
150066
221000
210046
230088
233000
210018
518101
614802
100031
475004
201114
523560
100022
330096
511458
401320
210028
50011
610041
223800
400032
200433
100039
200025
510600
400039
325000
350004
610020
110024
750001
230041
330001
255300
730000
250022
518057
730030
250013
101105
225715
300250
400060
264003
210037
210048
100050
545005
518109
225000
116025
200020
223001
401329
201802
157000
200233
226400
710128
528500
315400
214101
510630
200082
445400
518029
215005
200240
250031
250031
28000
528500
300382
435001
400060
622655
570125
271000
430013
200435
255000
751100
510240
100076
529000
201821
350001
510730
516001
400010
310011
100072
529000
362803
264209
510403
400013
312500
214171
528231
674600
201805
441300
250014
201313
542600
314200
215007
201315
200431
518109
529080
200125
100743
510600
315175
230022
200137
510040
30012
730000
526040
315012
200072
518067
200081
727100
510230
400010
201108
361000
401326
528411
311400
50021
430051
215004
518057
200030
364400
518111
430022
210017
362200
511400
250014
857400
528400
201204
201803
518106
212003
201204
201100
201317
518057
201323
515100
213000
266071
710077
710002
510230
100021
50800
214151
100176
621000
312300
100022
100193
529000
200051
614000
528445
50051
350007
523710
325200
250011
12000
10300
266071
200063
652600
272100
510310
300113
518120
210036
510240
200081
200237
570000
200092
710016
523710
561100
325000
200051
310021
350011
224000
435300
318020
266061
510000
518067
276000
200431
510730
201615
300211
510160
201106
315040
650031
210008
100089
100036
518000
528400
266041
100076
400050
265500
200042
610000
201700
410111
518004
200052
45000
201900
430070
212004
545002
710049
710082
214432
200123
314100
158100
100036
314400
201206
110015
361009
610081
215300
665602
300222
830013
110016
100192
233030
100007
102208
541300
201107
363000
523825
214400
553000
110014
430070
650200
300457
215123
400032
545005
221006
727000
200011
255051
100025
200000
200331
201103
710065
350003
75000
226200
200082
443000
527400
510080
855400
528515
314000
557400
200127
226006
212002
200092
510280
250011
443003
200435
530021
650106
200030
523660
434200
201804
354200
201108
201907
523343
125000
523320
325600
400020
610016
650000
528315
201100
610041
610200
350008
201500
528467
310006
515061
201612
130000
311200
102218
510410
202150
400020
523700
100071
361021
210007
523520
330052
610041
102212
518054
210005
100875
547408
101113
226600
201103
300457
414002
201206
10050
201620
310018
201411
215300
351111
101400
226500
363000
17000
201300
214500
201313
211200
330029
528400
710119
100040
510080
214433
201204
310022
136100
102208
215006
510010
350100
362000
710061
225007
518126
361001
201206
518114
214000
515041
100075
530031
518045
100021
100088
610041
100027
130062
200072
430061
201105
100020
71000
215011
243031
411100
100162
518055
650000
200072
350003
100076
312400
100013
102200
200061
201301
200062
710061
200041
200041
530012
201814
110206
100027
201136
226500
100036
110121
215200
528437
518172
710002
523769
510510
351100
200129
350315
412002
150001
215626
518034
518026
430015
410007
717604
201400
215326
300050
200065
322000
300130
570000
517418
518067
200001
100068
263001
650223
100039
255000
710004
830002
215122
511500
100085
518034
510540
224003
650051
510530
100738
362021
200082
415001
200433
430062
200086
361009
201802
510060
650041
200125
210028
210008
510660
100054
214122
350001
14030
314409
100026
315100
201206
100021
716000
14200
510800
300381
430074
528463
264000
410003
510000
430015
10076
541002
518000
810001
710032
300270
100763
518172
710302
430060
226019
330046
200090
215000
400050
215144
100048
545001
200437
201315
471600
450000
200126
350001
200233
214000
572700
518043
114031
730060
300121
410002
550018
550002
266071
400023
410010
717300
350003
523660
400020
721001
516211
250012
214000
201806
650033
528414
523000
100098
610015
510080
110141
215011
710082
519000
200129
200090
200071
510665
528000
610041
530031
201323
201203
200444
350001
100000
100089
361100
300457
518031
200032
100021
331700
653100
121007
518000
201101
448000
430022
830002
200232
300204
210015
362000
325058
351131
100007
412005
510140
163712
610041
101300
266071
200003
362200
650041
650041
100020
528200
610016
655005
510318
100079
272100
100039
100029
200135
201400
116600
201801
101100
610041
225002
404611
621900
523121
614000
300381
510420
102212
350009
510250
111000
201204
430064
200433
100044
201620
523288
314214
519015
523618
17000
365001
400015
710032
130011
518125
518002
315010
300170
361000
214200
201401
100039
201821
830004
830000
201208
200135
361012
450000
300250
201908
610500
100621
400080
518129
626100
200003
570209
230001
110000
30600
610041
214171
518111
100050
200083
200540
430080
650031
471023
529200
201100
301713
710016
546100
210014
201101
333000
610061
350003
215300
405200
214011
572000
155100
510288
518172
322000
510045
510600
100176
266042
132200
529931
518000
200072
201203
276000
750001
523008
14010
529341
710300
200041
530021
100038
100004
230031
100101
523960
511400
100013
214000
100053
518110
200233
201100
110003
430079
430073
50003
200030
511400
321100
710001
528226
650106
102600
150010
657000
550007
200083
572000
570206
215011
361103
518054
226006
215011
361000
100025
266001
518103
430070
210038
518108
100007
100049
430071
615000
100193
66000
215500
201323
523331
712000
100080
200032
524043
610036
100073
315300
301900
400080
210036
310003
363000
850015
256600
300061
200444
200540
210036
300203
518053
430023
200122
100020
300180
264200
30001
410007
163711
300162
511483
650118
510095
30002
528434
528300
201900
510275
30013
510900
201908
410129
350209
361026
200336
200030
150010
430081
710075
100024
650051
518031
810007
518000
510660
201203
300380
530000
730060
200442
100088
730030
200135
518106
610067
361006
518055
200050
200137
201206
100084
100732
243100
510075
650033
201821
510800
556300
101100
221000
214400
201114
100096
200063
300190
518109
226600
300450
201114
519055
100176
418000
110032
450052
361009
211100
100621
300070
710065
430072
518001
333000
300171
211500
215300
529000
14010
315010
510030
200122
100193
200010
465150
215321
314006
116000
518049
313000
526300
300191
200081
523379
650031
361102
201901
210028
510060
110002
351100
210008
325600
110004
210009
243000
100009
214211
201414
215314
314200
110021
310020
201208
518172
718400
510400
200336
200441
324000
650032
515078
710061
366018
528471
611830
300162
200443
518111
430080
300042
314300
100010
100102
110025
210046
215343
450000
364000
266101
528400
100036
361008
157100
315012
411101
100011
332000
224100
511495
201203
353000
100029
300190
362100
430030
510170
350003
201100
201315
300040
629000
410009
400010
710054
314001
100020
200336
434400
510400
250031
626400
200435
300456
251909
330001
150081
528455
830000
610302
100089
510095
46000
300140
116050
610000
100020
200002
200063
243000
530021
100102
523869
325600
830000
530005
430071
100088
361009
50031
201802
300101
100027
730030
528000
101121
334600
510220
110004
116001
100076
400037
510250
100044
210048
450007
201800
570202
100025
100040
101200
100010
101100
518129
250022
410125
442700
536000
361001
100039
677704
510407
323300
400015
510505
100028
264200
266000
710008
450052
100016
430015
201103
300202
200030
264000
201702
201203
650032
350013
102600
215144
570125
200233
528500
519050
750001
518003
100027
100077
361100
528300
201210
215300
215128
116021
343600
529030
115005
313000
363000
361100
100027
538100
100062
518112
350001
518040
100053
100022
43500
100079
518040
518102
201208
523128
211100
310004
201718
518103
519085
110822
226001
710021
200940
225235
100062
546100
100038
830000
200433
317523
511442
518038
250022
201806
610066
100190
201202
230001
528300
102202
215400
710061
100013
362251
213011
241000
523133
518052
200540
200439
214200
510470
54800
450000
430415
518105
300150
210003
316000
661100
411100
400084
200125
100080
200433
200436
510250
100025
510006
650031
710065
653400
510370
350009
100083
511356
519082
528244
100016
404600
450000
650214
533400
610041
200093
316000
200136
215200
537000
116600
100043
650000
100088
528000
523477
510055
543000
362000
510370
100081
550001
201708
210029
215101
518052
100089
751300
200240
215122
710075
250017
510240
361006
316100
211800
515832
215001
100738
523000
511400
200233
528211
200126
523560
100097
210048
750002
719316
100085
214400
210018
318000
310016
100009
518007
430070
710061
572029
68350
523586
214101
510620
315016
518000
650118
100053
510010
529000
310016
362005
150001
430040
100016
365000
30012
430017
350300
215005
430070
430080
300201
725600
100015
200031
100073
200233
430074
730900
510630
300071
532100
528471
350001
100080
116001
610063
316100
528300
450000
510030
510620
118300
518102
450052
521000
100055
200335
14010
215001
200123
237000
610041
200540
101300
312300
675000
510800
30002
300181
100061
266071
200240
121000
300210
325000
116600
353200
412001
200333
655001
101500
810000
300202
350500
75100
362000
510010
200441
215300
350108
860000
250014
210036
315141
63502
211521
234300
312000
362000
510620
51130
350013
325200
415001
100031
528241
200436
710001
710089
30006
528200
100089
610081
200002
100089
215600
830000
610000
200135
300300
518067
213100
410004
545002
467001
226500
519000
300381
113006
510250
116021
400041
311100
710600
523940
300131
200233
247200
100007
610072
510450
100191
101100
430022
201324
200120
130103
334500
518026
421000
264212
362021
215128
213003
510380
323000
110014
214023
110023
528459
510410
518081
200443
710089
330006
710600
300193
200127
200443
100085
314100
510220
528231
250031
10050
510285
511430
100016
30027
100061
150076
110025
518119
100048
100738
201300
361006
30001
100004
362801
100025
523850
610072
315176
528400
221311
257500
201101
644400
266510
100026
200065
265716
300134
201707
650051
355017
300100
201209
314100
510250
350004
200061
201800
417500
545200
618400
100068
611130
434020
214028
516122
678400
518040
528300
201702
100083
528333
350300
221004
330024
315300
400039
361001
100093
201700
350004
230051
224001
201101
510030
518109
210098
361003
30032
201100
241000
201208
50000
230001
710077
518172
510620
528318
201318
528415
355200
110031
75000
242500
310000
50800
519100
354300
519000
529030
414600
516400
102609
211800
200002
536000
414000
201209
200433
200433
210017
215600
362000
332000
510075
210008
110025
530022
529700
315300
110041
430012
315000
518104
325000
710077
54000
200062
116023
50000
518003
316000
750001
541001
430062
646000
201204
400032
200062
200431
430030
100011
530022
100010
710061
405423
200120
36900
300074
314001
116021
350007
50001
214413
150010
350012
510260
243000
200050
537100
621000
350001
200086
200333
528415
223005
323000
100016
100070
214112
100102
201620
716000
300150
230051
200434
154002
200136
300134
50001
300300
412400
230001
121001
100176
100068
610071
264309
610213
212013
650300
201205
518040
510630
110000
100018
315221
214043
538001
710003
400015
310014
726000
201105
200941
523220
518047
350003
214011
710075
264000
210095
300232
511328
200434
518026
215024
100005
412003
201805
130012
150060
100029
200135
201417
321100
100085
201700
350001
202163
100176
352300
201318
529226
529400
100872
427200
100011
712000
710001
364012
100040
201400
330000
100082
310005
200070
311200
100036
200120
529000
350005
250100
100027
610023
102200
361000
315400
430061
332400
515041
310012
200434
300060
150028
618100
210032
518040
300161
617000
854200
201204
710018
610400
50081
524200
221000
471000
537100
230088
110002
710075
261411
350001
528400
214073
510100
201107
233700
150070
100020
66200
523565
523378
300012
130022
200023
350001
351100
102412
201300
553000
200061
201800
424113
610016
350015
511300
215500
610000
300385
201906
100096
200090
310004
200072
518026
110014
200040
832000
570228
300170
300400
361023
610041
210046
102209
110013
215004
250002
635000
255049
250001
518110
528200
527200
101121
471000
200333
100084
361100
350011
518034
675000
570202
200240
510160
200032
415400
310013
30200
201314
450000
200135
450000
322000
200235
518000
201101
200333
100107
214400
100073
518116
325000
610041
215021
201705
510623
50011
528000
200435
200240
200433
528237
201615
200431
545005
450000
550003
543002
100078
523813
215613
315303
213001
316000
200003
132021
100097
150090
201415
150001
430077
515041
100035
200070
528247
453000
266021
100038
200434
200435
200235
200060
201802
100088
225300
200335
362600
300112
215001
30032
30001
518083
518067
350011
100083
266000
214028
361026
30024
610051
201100
130021
325000
200120
610072
421000
100070
350009
310004
215128
324300
425006
528000
102300
100071
430000
130062
201300
200232
10020
300121
510800
100080
201209
300251
100020
315321
430062
710000
100195
50000
100102
201400
65600
350009
300134
300000
510288
63030
250002
300222
100016
710001
30205
541002
362801
200333
201108
100085
510360
100024
430070
717500
225002
10076
362256
510260
201100
510630
528300
225000
215337
116021
150001
313100
100033
524100
430081
200435
514000
528000
400013
717600
712000
361009
232007
200071
518057
100086
214014
410006
510180
214001
100022
221003
325000
415500
518000
130000
250022
100055
518119
450000
510030
523049
310021
518111
518105
475000
430022
430223
515300
110023
330006
518101
100176
410005
215128
100005
201101
214043
518067
510530
66000
10080
629000
315803
200233
300458
475000
200433
200122
521000
213119
30006
710005
518040
522000
361009
730060
100050
200090
130011
100085
101300
200135
415500
362000
430063
201105
362000
515000
523110
510310
317500
528455
100079
510075
430056
510140
110034
300051
422000
300191
100023
510145
430074
210007
528471
650051
710038
510800
266100
427000
350007
311500
266109
200030
350003
200052
45000
200437
510760
450000
225000
710025
325000
43100
250001
10020
330006
710048
430070
100022
411400
200120
150076
400032
210002
361005
201615
674100
528300
276005
350000
350202
430015
201800
50011
450000
200070
510640
200233
330025
210061
250002
230026
200231
350001
201400
471000
200439
201800
37400
610041
410005
650032
535032
100025
214071
100085
200092
201400
200240
215127
213014
517001
102200
512400
712000
116013
66000
117200
672400
330000
14030
200940
617100
215214
510000
361100
201103
201507
350001
250001
528251
100089
201100
414000
200086
518111
310018
510250
430072
361004
226344
100022
362100
100043
410014
528300
225541
100026
312000
200333
610300
215500
200438
300211
272000
300457
100097
300456
530022
300050
510540
716000
232007
510627
316100
519100
350400
231600
250023
300193
610036
710075
710071
100083
511545
510665
310015
518054
110300
438000
350001
100040
200335
200082
400010
300020
841000
430073
350002
266100
110044
315324
100010
100039
518105
100043
30600
100035
316000
430024
300180
545001
100073
157000
30006
201100
264000
412000
523686
100075
241000
215341
200000
510642
314303
362300
362261
730050
715401
410100
510632
528313
510630
350001
710119
200083
550003
261206
210002
213000
30024
213011
510730
528471
215300
518102
215627
300074
210041
212300
571100
410008
200336
363000
201901
110013
200002
528031
150026
430060
201109
516001
100068
110011
510500
201600
361009
730000
230031
650309
311113
518101
678400
210094
200011
100818
361021
201323
710068
200090
230011
323700
115000
223700
363100
100022
610021
518067
214023
510635
445000
314100
213000
550025
100078
232007
101500
310004
350001
361009
324400
362300
114011
276005
213002
523000
200063
266071
518110
300480
515700
427200
666102
213153
213000
201702
610031
110016
522000
351100
200065
312364
66600
537100
215421
215009
719315
201318
100096
351100
610092
110034
518045
300457
130051
136400
201102
523072
201806
272000
100080
710061
100088
114200
528000
201101
412000
528300
100730
750004
200336
510220
225118
528467
610041
312300
154854
666300
519050
250011
610021
400010
230001
255032
10010
256100
710072
518129
200940
518118
273400
530022
130000
674100
442000
610081
545007
200072
100089
241000
543000
211300
410005
430080
430040
663000
510160
710075
246300
48000
200120
100062
210038
860200
100022
262500
414000
361012
734000
271100
300160
361000
453000
529030
344000
361000
518067
510800
518034
528500
201803
113008
510006
100101
350011
200030
100043
523960
510380
73000
723500
710054
300181
563000
28000
100029
200336
102218
510730
200439
100062
30013
563000
610021
100050
310007
312066
100871
610041
200010
510170
201700
710032
200941
519000
210007
200120
200001
610031
215500
100125
518001
200050
200941
230051
201805
300180
610036
350200
450003
110032
200093
100035
215009
322100
223001
100083
528244
523962
100026
100102
200125
315503
201300
710075
325603
351152
266071
230031
100043
200438
430060
610000
614307
325011
201100
528200
310000
215003
230008
201619
434020
14010
325100
311606
650118
66004
528251
523460
350205
361006
674600
271500
100084
361006
361022
518057
100027
550300
201108
364000
523660
710043
510440
100009
300150
100076
519080
116021
671000
510010
518172
100021
213144
111000
101300
100086
519000
430061
528500
110043
510900
519060
201104
515041
410014
201601
365000
510310
214011
610041
201400
100071
201323
717304
200436
300061
510800
100080
350001
518116
201415
430040
110036
14030
510800
511495
214028
100055
636600
237200
201505
210004
510540
364000
125000
530003
100007
528244
300180
250001
644000
201317
300050
200438
421001
710054
361009
200122
528451
325604
610015
161002
361000
201210
666100
363903
250012
212000
610051
214231
610031
100069
518001
200434
100098
710016
433100
100044
100012
201700
528429
100015
510100
50091
650233
252500
264200
350300
300402
213033
510000
100124
200434
400010
200040
100029
201300
610502
330319
210007
350001
400041
215132
610225
100018
200086
312025
315202
110015
330100
510620
528244
201315
430081
100102
528415
100054
50011
710075
710018
100195
116021
710075
226000
550002
200233
201103
510180
315600
200086
50090
200086
719316
530031
277000
200126
510435
200438
321000
710075
100010
525300
518029
100020
430205
419300
350001
550014
225300
110003
523837
201703
350300
518108
201101
100043
101500
518040
710600
510635
610041
657100
101312
225001
537000
200135
200120
330032
471004
230001
230001
533700
517000
466300
100089
266555
215004
518038
114013
100071
350012
518028
510660
41500
400060
153035
570102
518019
100070
114300
201400
510600
570311
221003
523949
671005
66000
350003
528305
423300
518083
37006
15100
200031
300171
200032
712000
100028
314000
100097
100088
518111
317605
430022
200438
653100
221004
518029
130031
655000
361004
200232
250021
214000
256500
255100
110034
256600
430012
362000
214000
241001
310012
524000
200333
410001
518034
450003
321004
266071
528415
412007
810007
201101
610041
200072
510660
510610
525352
415900
362271
201601
201801
50031
430079
518038
518004
315040
518124
250023
200333
528000
100054
430012
300160
361004
200540
325000
100084
710061
510060
510600
266101
550003
300191
200333
330002
510245
215300
430061
100012
529100
100070
75000
201101
200003
518101
100102
430000
430000
210001
529231
265701
100027
211100
362200
710054
510300
200245
100007
518118
510640
523710
519000
325000
200060
200050
100192
200122
214200
215163
210012
530001
210010
471003
364000
519070
100176
430000
430015
201620
244000
330096
266107
210037
331717
261317
450008
400053
317600
361004
116600
529000
213162
215007
350009
300134
200129
201203
100062
730124
100190
518057
116000
215000
350008
100031
518000
710005
450007
110003
271000
201500
200062
116001
30002
200240
528200
733300
250104
730050
200333
528000
750011
625000
201708
610041
225300
510800
361000
510080
30006
210002
675000
110023
30001
210046
515041
518101
310014
200070
200137
511495
570125
671000
430000
523533
41000
528415
443000
230001
100088
214183
45000
100020
100085
63000
813200
200433
518033
200085
510440
515000
214023
300040
350001
471400
100016
412007
736202
315400
516700
610051
653100
510405
30013
344000
625001
401147
100036
201822
730046
215007
201415
410205
519020
201600
201100
250001
410013
200023
117017
570208
362200
110013
100101
362617
330009
441001
244000
100022
515031
200081
225510
310012
550001
830002
241000
210009
528000
610066
362000
201104
266071
300113
241009
518057
215126
515041
361005
100123
362000
332000
310051
330013
50021
200241
200433
400042
450000
830002
830001
410100
100079
335000
350001
511400
214553
510640
116021
453000
266071
646105
518003
271100
518118
200128
510100
834000
100024
200093
201107
214223
510220
210014
510160
361000
518031
325200
362000
201308
136000
117000
515438
519020
550001
730000
201105
213001
400020
518126
30053
225600
200940
102401
213003
37100
200240
116003
361012
518000
642450
200444
257500
750021
518057
710075
30027
116011
341100
100035
519100
201815
233000
674100
310015
221006
250100
201101
214171
663200
252429
225400
528244
317016
400030
100033
100088
200030
611830
350702
314033
655338
310053
230001
200071
100049
430015
430074
210002
225300
100085
430077
528000
541004
730020
410015
441021
523560
110023
230031
101100
510920
100024
666100
510515
266061
215300
200020
365200
250001
200125
202162
312000
519060
100176
522031
528300
361000
610016
430060
14010
518040
515041
201700
100082
430010
226001
310018
336400
518001
255400
226006
116001
214100
30012
100036
710075
415500
200011
350014
750001
523878
102100
650031
525137
364000
361006
518101
314300
528425
266061
350003
200135
510220
100081
215006
100024
250031
400045
366000
201401
201713
518067
116011
201204
325615
318020
571921
510700
310023
300131
100030
530007
200135
610017
300451
100075
201708
110001
364000
200231
200020
317511
410003
662200
528000
528300
514500
511365
400015
246003
150066
311100
529500
311300
363000
334000
518054
518081
100038
350001
350000
314000
110034
215500
610017
518129
518053
266035
200042
212001
200063
526100
315020
354100
550002
200002
215101
436035
510890
200438
523587
101300
730050
523990
510620
201907
300220
710075
650031
510510
201100
225600
518031
404023
100102
523712
518110
215200
361100
510091
654100
400084
830011
200031
510620
430080
300100
400074
443000
100037
210002
710068
650021
200082
201101
528051
518118
233000
518128
430072
410007
518105
610016
266033
100015
256400
518117
427000
318017
300193
213022
163513
210008
50051
519060
31100
100085
100011
315600
102208
30001
100031
610072
241100
830052
110043
201613
200011
317311
350003
430074
300457
200331
530022
536000
100027
710065
510630
650011
200072
100083
10200
710075
100165
710061
518000
100084
453000
638300
518057
325804
14030
611731
214062
200333
333000
510960
100142
511490
530012
200080
430052
200434
200433
310009
100101
100856
230001
528251
510060
361004
750011
510220
572000
100031
510170
210036
530001
214001
200062
363000
666100
200041
510623
250100
200231
200136
200434
330100
100055
518013
266000
100027
200129
518023
200237
523000
215121
15543
430030
311814
450000
50000
200233
200030
200001
100102
100009
361001
300457
361004
710048
313000
300384
410015
201300
100011
430051
247000
215000
100083
66000
317200
200072
200335
215600
523530
650031
201204
450000
523000
610041
100022
626700
202158
200240
230031
100094
102218
200233
454000
518052
100050
730030
710054
570000
510000
34000
150010
201806
100078
563000
510725
100020
300150
226001
450052
266071
130021
130012
100025
30001
427000
100032
210028
450001
214400
323900
257055
510030
454950
300051
610016
266071
201103
201101
454002
114003
100020
528421
750001
200051
710075
41000
200050
361006
271000
518040
200065
510520
350004
200062
410001
102200
541004
510170
617000
137500
523698
215321
610036
100029
363000
300384
200233
100029
710054
572000
250013
200231
215021
63020
100028
100011
200086
512026
200020
200003
518054
200444
572600
110005
610036
200433
100005
100078
210002
115213
518000
236500
410001
100037
200335
400042
210029
201206
210048
100038
362300
315000
300130
610072
510400
430070
100037
300041
529300
361021
361001
650033
300270
735100
610041
300401
710001
100024
100036
364000
650031
350001
650011
210006
510800
610500
750001
121000
361005
200245
313000
510710
100088
710061
510623
100028
710075
61300
210029
121000
201319
350014
10051
361100
300230
318020
710032
321200
730030
510507
215345
361000
430023
610041
518111
214023
519002
430023
510095
410001
510403
200070
50031
200435
100027
200126
514782
510055
610021
300381
361009
510030
300012
572700
528415
215003
132021
233600
255000
519000
300456
510620
610225
100012
215001
510600
264200
100021
200080
810007
529500
210004
225000
450052
162850
201805
350009
510880
528322
215556
215006
100015
528000
210004
201203
150006
200437
510403
300191
264414
518115
100026
518105
412007
300162
200438
201102
200072
411105
518000
100054
665800
214425
400065
101416
545003
361022
213242
201600
523380
300061
523842
201101
650228
215123
214122
361012
201107
510897
610081
100140
200072
518028
410007
518049
550002
350001
620364
300181
201512
518004
100038
361001
100140
516300
200240
210049
230061
511517
510655
350001
200333
430000
325604
202152
100055
200129
100055
214035
362000
312300
510220
230061
611630
335424
650031
110001
102100
277500
510630
361012
310012
24000
230001
518101
510120
430074
433124
350001
200433
230001
427000
201111
523000
518119
100088
317000
310005
264200
419100
30002
37006
214028
610000
215000
730030
519000
523000
110041
310000
518103
330000
530023
200434
110003
213011
100871
50022
200021
350001
201100
201208
355101
350001
200051
100121
344000
200030
201802
272100
100037
529000
510515
310009
450005
511500
100022
230022
361009
201601
214023
200336
110042
518110
523878
226200
515011
210012
400015
200126
75000
130012
100068
26000
510006
200434
137000
225009
201200
321000
100062
610100
671000
400039
518057
518053
200438
200433
210005
400020
400013
213001
200129
751100
110021
250032
201507
646000
450000
201620
350001
212001
100088
50011
330003
215500
525200
213022
200090
315000
511480
110002
650011
714000
100039
443002
200002
201615
528455
100011
215347
361006
364000
30006
330029
400060
100050
30013
710003
332000
201600
100036
100077
350001
710074
125000
610000
200129
300180
118200
510060
226400
201300
201507
710004
313000
30031
510160
63000
201103
253000
510700
61100
510530
361004
221005
527200
200126
610041
515800
66000
350001
200072
510095
200062
450000
200333
266061
518000
510030
830063
453003
430074
363200
525000
536000
430015
100009
110034
510620
528500
315400
400021
518116
312367
313000
313009
201206
610036
518100
471000
510260
363000
830011
570125
400060
510180
528000
50000
510280
102206
514300
161600
430015
405200
332004
215635
315504
300100
111003
261041
550004
510400
200436
528400
215122
350003
214191
214142
710003
529030
274100
213168
518101
510641
111000
354505
510800
510515
200336
215021
518126
200123
515041
518020
110016
215300
536000
201600
310002
315500
100007
361101
523666
110044
200333
528244
610041
215500
710082
100068
200000
100035
528323
264205
400031
523000
352100
200122
215021
330006
100083
201209
510310
546300
315300
430000
110043
100080
313000
100101
100871
44500
545100
213127
545800
528322
510160
100089
215500
100021
621700
200010
300074
325000
201318
100043
510230
550002
200135
310018
510405
523200
364015
671600
226100
318020
100039
310004
361009
710049
519082
545001
730000
352100
200135
300384
610021
214400
200082
300192
450003
325000
100101
246003
100072
710021
130000
471003
200072
200124
300042
116000
215011
100062
524568
650032
610072
200063
301714
351100
523070
518001
200439
111000
100049
200062
510120
400020
570001
362700
200129
300161
710081
300400
110036
100076
100052
510660
518112
210014
210038
510170
214171
201615
102218
214037
510320
100082
201500
200336
430063
201802
315020
510620
56038
100089
528000
350200
454003
230031
315124
528216
314031
130021
528500
110027
118000
512026
116000
226001
100088
310002
201805
362300
300121
50001
215021
214400
100009
610072
201204
50051
201610
223005
510170
410008
710054
210018
110043
333000
518053
100076
650031
529100
856100
110031
136100
710054
100022
100875
325000
361021
518103
100083
412005
430074
461000
100007
201505
36000
100032
710065
510160
314003
315800
200336
130022
201203
113008
201805
201318
110034
541300
110013
750004
311519
50081
200031
130012
528463
200024
212004
100026
201209
510635
222023
330086
615000
