201620
100035
518101
361005
518112
518110
361012
200041
200231
200333
100079
100125
100021
650091
315000
100176
350008
100079
516001
201615
530022
200333
510610
430077
528300
201802
529000
315020
14409
130022
675000
710082
350015
710068
272000
523279
16000
210038
200434
411100
510800
530022
430062
610016
100195
130012
310011
213000
518114
511600
550001
200135
841100
310004
710032
48000
215000
125001
361006
400030
100089
100071
150001
261307
361006
610031
530000
100084
315000
361021
314200
210011
300221
410007
350001
100081
210006
210012
313000
200065
100020
266101
200001
330008
100102
710200
130061
200540
100123
330400
114001
310016
100084
350001
201709
350305
32400
100089
361008
512026
366013
300000
100085
430019
130021
510180
400038
510091
510515
523869
71051
629000
475000
518049
300113
519050
528425
510000
525200
510240
100089
100029
334000
528300
400051
100089
443000
415000
200335
100038
518122
200090
716000
125004
650033
300451
523380
300270
430000
100083
322100
100125
200240
110031
56002
362000
200331
401221
262500
200120
150030
100012
201800
551100
100176
350301
530031
271000
310014
510655
201204
200233
210013
523993
224007
423404
243000
623400
314106
510403
30024
300000
312000
300131
201101
214151
200125
350107
200092
100073
517000
511400
277500
430019
201114
100036
518172
116001
100025
622651
215002
650021
300457
100190
411207
201101
21400
310000
132022
456300
528100
518003
100009
100075
210002
215331
201400
65000
710086
710032
200333
300051
100045
56001
16000
116601
325401
100025
200241
210008
530007
300381
225700
350007
550004
214062
132021
710003
200030
123003
730050
201318
311106
400016
100101
200050
200060
315600
510800
710075
523711
435000
300387
200435
300402
511442
315400
653106
101119
518116
610000
523112
214000
344000
430064
100191
300072
313100
215006
610019
100073
100097
236000
300021
554000
550081
421001
201818
335400
611731
532400
300451
100035
200062
100083
510260
518008
310003
710000
200052
518048
621000
110001
550001
201102
350007
300222
528000
523850
200439
610000
430061
100026
543000
201300
165456
100035
201700
310004
455004
570228
30006
200135
200003
201103
510080
100029
100022
100029
361006
362200
410013
201802
200032
100061
430200
213011
300402
30024
214001
100043
418000
212364
110024
315800
510095
650217
528000
430015
516123
353000
110041
300010
300204
230001
100053
510520
100140
100026
100041
264209
200126
430016
100141
518133
110013
510300
450007
100176
652200
526020
65201
723000
315000
523660
300193
316000
528231
100039
610041
200125
100041
201111
523857
110032
201105
200431
315400
550003
362000
100074
200135
510120
350001
528300
200082
475000
361004
211600
100191
523460
542500
528000
28000
518023
850005
350300
570125
101300
200333
430072
266555
350001
300061
523460
430015
736202
200120
201400
300192
266555
154100
261031
110161
361006
518048
255300
311800
430074
350014
615000
351100
200442
510220
529095
857700
200237
467000
213000
528421
350013
121000
511400
311241
200233
519085
652500
537000
610400
518000
471000
100076
524000
518108
100022
450000
100084
723100
230022
100021
100083
150001
100085
361009
710100
100120
401326
265224
422000
510470
110023
101400
225002
718000
519000
201806
132001
200090
250032
65000
710048
511400
325504
100083
430080
201101
214026
518115
450007
528300
100084
350001
400001
401120
100027
650106
350001
350003
300451
646003
100029
200434
610041
519000
250000
650118
100088
362235
725000
210008
518057
325000
266012
741000
300190
34000
200433
10010
214073
410011
310018
100026
163411
200136
311800
100022
518053
510403
529000
200062
710061
214037
30012
215005
571100
110011
810001
315012
200333
201705
201100
201401
528333
230022
712000
226681
300060
510655
314200
400015
101300
518029
250012
730000
528216
361026
201206
518106
362000
730060
100101
100081
100025
100091
200233
113000
225001
430071
201103
213001
215001
523848
515041
330013
310014
300230
510540
200126
102400
730900
100043
30053
200233
528203
300251
214000
611745
100088
610041
100061
300143
518057
430010
300410
210006
100044
530022
201111
200540
361006
200092
200020
710002
665100
710074
250100
210088
200233
430079
550018
322000
110023
518000
453000
201321
518001
100023
214027
518031
528313
410011
100012
10050
300250
550009
210029
410205
830002
266021
100070
410016
100029
313000
510095
110003
536000
244000
300193
431600
64400
430040
300163
710119
710075
116021
215021
266100
519000
200062
200063
101500
528000
200442
351115
361000
100123
100081
300181
350007
678000
518000
100020
125100
300121
519000
650011
621000
528000
100041
210012
201322
241000
518112
518067
211500
110003
214001
511447
200126
351200
312000
341000
430056
213002
110023
550500
515000
100070
637000
523940
50081
312000
518055
100075
100006
200081
300381
200072
518129
510280
201907
264000
215004
314000
350001
100078
514000
528211
200436
300071
100191
410011
10010
510275
100054
421002
215128
210007
201204
200336
300381
510623
266071
341000
300221
430040
350001
210002
201108
510053
251133
330046
200231
200050
110006
518100
570208
610041
400030
510245
56002
311100
529500
214073
215007
518000
654300
313000
200040
315040
523963
518081
100016
530221
529000
266000
200122
610041
350001
200232
200438
518172
350013
310000
518114
100022
528400
518125
455001
450000
100016
400023
710082
610081
518104
201203
350119
315040
330096
650502
511400
518031
528319
518081
536100
100192
510630
518040
300221
100044
310004
471031
650000
100102
430020
201315
201620
315600
650224
410004
365200
350008
110025
518001
400012
365000
350181
30900
510006
201204
510220
430051
510800
402260
518026
629200
710126
215300
201100
315201
201100
110011
435100
100083
518110
100022
518110
200092
610064
200040
516127
530022
150090
710004
250013
453000
253100
430034
650031
434110
361000
200444
201620
655005
352100
100041
215025
523071
201108
214031
511375
201600
116035
215600
200072
266736
450000
201114
510640
201203
266033
200442
510000
200232
201818
116011
215001
200124
511440
336200
300222
550002
330200
410000
250012
510610
312000
518029
50031
471023
710038
200436
210038
200120
350301
201401
830011
361026
102200
518029
100098
571700
100021
510280
528311
223300
210048
519015
570206
350004
200441
201100
215021
710003
400050
413001
213001
450000
201102
510300
315000
430023
100076
510507
110141
250002
528000
215600
215021
361000
363000
350004
510050
130062
518000
312300
100021
512000
100144
400020
401147
518109
130011
366000
411101
100026
443000
100043
518103
510220
510403
441003
350001
510400
250012
714200
671000
101300
50021
610041
201103
221000
526040
202150
300070
210042
710005
110001
332000
529000
201803
100088
430012
410012
361100
100044
300130
528437
100024
110034
214028
53800
528329
518026
272300
200136
10050
201906
310007
650228
100025
318000
516600
653100
200331
528318
116021
662200
510630
212001
518103
430012
650021
100029
611130
201805
350014
528414
362011
344000
625000
610041
455000
410007
212310
528400
201709
202157
510515
330003
519000
300211
510600
210004
528421
200124
723000
315040
572025
510620
200129
545005
430010
30001
201206
528000
511390
430070
264306
518048
450007
100080
710077
200065
100176
310012
214214
330038
266071
330200
511442
100009
526200
200438
516600
200092
200093
510850
210001
412002
710065
200125
510700
200001
550004
230061
472143
400039
438205
200041
300150
361012
200080
300073
101318
100102
300450
510507
537000
545001
221006
271000
430090
201106
210013
100091
570203
116021
511356
354400
300011
100011
100070
523980
361009
402360
110024
130051
330701
230022
230022
200241
516100
215500
430033
529461
210038
215228
528403
100022
710038
610000
245000
214031
200122
215021
361100
100068
310006
523950
526113
519000
511400
351100
730030
300060
350001
523000
510160
518172
100022
100700
511442
325000
300192
201102
510642
330029
121200
210019
30203
215000
200333
200431
518000
710000
510280
111003
30012
100091
214122
30053
200122
50035
201203
430000
200065
110026
570206
30002
411100
361000
300222
510230
244000
464000
101111
100054
516006
523000
325035
410006
410001
518061
430071
100031
350011
102211
300222
510620
200335
201102
30001
530028
300160
30600
518111
677506
56002
200233
350001
200235
518054
448000
671003
300193
518057
136100
116600
365000
510045
200333
100016
362000
110014
116021
310004
430074
430014
535500
510665
201411
330029
215000
116081
200941
518109
421001
330000
101317
529095
200233
330001
200070
418000
528211
262200
361001
211100
50011
530000
200436
200237
350011
518122
135300
314000
635500
518115
213147
610001
200431
100022
225002
300011
300162
710001
510170
518001
214063
300221
264001
200042
515041
523726
350003
510635
450000
362000
610041
300250
545007
710061
430040
110042
210007
410126
510120
200126
610017
610072
351111
300040
610021
511496
215002
620010
665000
528315
301608
362300
510288
362700
442000
510630
201319
400015
430000
550002
510070
518026
215300
163000
521000
201210
213011
230001
523590
200123
201613
515041
710004
650021
213003
510220
211400
256100
54000
545005
200444
312000
100078
523400
236800
510410
310003
350007
650011
200442
300300
200052
211500
102600
100044
518013
214400
150010
150066
610016
200949
311100
650011
100102
334700
201102
416000
570102
361100
100055
201206
646000
100075
511400
850000
230022
511510
200021
315176
226400
830063
230001
100062
30006
450000
201108
212139
528308
211106
200135
523588
611436
445000
202154
523378
214028
528223
200137
215131
316100
361026
610100
200235
255000
526100
153026
400020
621000
200030
250002
313000
350015
523058
651700
365000
519015
100025
14030
50081
102208
110023
646500
532108
41000
214073
50001
300070
510030
511470
400026
201203
610031
350001
315200
200336
310018
215001
110021
200232
450000
26000
730000
417000
511800
201800
215006
400022
200444
518026
637400
100084
116005
301709
250013
430012
215633
277101
30001
442001
210008
528000
610000
518000
528421
110014
400050
150100
110200
116001
533000
514000
50000
710016
241001
400039
300387
529500
310011
361009
650021
518026
315803
528325
201108
250022
250001
250300
400015
315600
310000
201209
210007
610021
535000
200434
250002
325608
225009
350400
621700
518102
671506
610016
200131
130012
215011
300090
518131
255100
201206
100060
516057
150001
518107
610017
510440
30001
510420
610051
518129
518048
200442
710061
257032
24000
32700
710016
100034
362700
100037
34000
30025
410100
100038
100011
529725
210044
642359
515041
510665
518104
110013
325000
511400
50051
300384
210048
100176
30024
510260
517300
221003
100022
510970
400015
528000
518110
610066
300100
518048
650021
511340
300010
200060
116021
100074
200235
200061
510080
17000
523128
402660
350015
30009
100038
510403
730030
200123
274400
450052
300000
300151
710068
100039
300163
102300
200241
311100
150000
518048
215542
831100
830000
65800
514031
50021
362200
200080
513200
422000
518049
200061
545200
276002
518004
201101
710075
210011
518048
213003
529500
421001
715500
518038
530001
518104
225007
200061
315000
510240
410002
201208
550018
150016
200137
256300
37008
526020
422000
50056
200336
351100
276100
400039
518055
678400
518048
361000
110141
512123
100083
226200
666319
210041
511470
230001
201615
100006
200443
610012
521000
100031
225300
350001
430074
300222
510000
200231
362122
517000
214031
350001
100043
100025
330001
510060
364000
200431
201100
100028
528429
300381
150040
313000
215300
231400
200070
12000
527100
100085
710089
510170
518026
201818
350003
210018
214062
100045
250100
570206
325005
300270
300450
100083
100083
528463
650204
36002
200001
116001
430040
361006
617000
523000
100085
100020
230016
100013
200444
410100
201103
100021
650000
72550
363000
518115
264000
100038
430072
311108
523000
401121
201906
361012
100071
214101
313000
350002
512023
727500
100068
201101
266061
610043
350003
363100
313100
361005
310009
201507
200232
515500
430074
317200
300230
418000
30002
250014
224001
210029
650001
710082
114001
353000
315000
315040
100101
50011
100075
310030
510800
528415
365000
400060
200135
214045
250013
361022
110031
210037
510375
30600
401120
201103
210012
518112
310007
200438
201112
200120
201802
200122
400020
832000
510160
200232
100009
100120
528467
100022
31100
523399
518110
518110
361026
215011
610021
529100
618400
419300
100020
245000
523000
423300
213022
34000
100140
523400
519055
226001
650000
400010
200060
226000
274600
100101
226000
519000
611130
361000
100101
100192
410003
530022
200540
553001
529100
311201
300270
226006
518105
225000
215004
350004
671000
710075
361009
100016
201300
122000
526200
545002
528427
650031
201806
100021
261302
50061
211161
523635
213200
310015
402160
100080
570203
255000
330700
518034
518106
75000
301713
100086
516006
101113
510900
511400
402263
10050
473034
523617
210048
201204
100027
211100
102628
471000
430034
315000
100022
250200
710016
710003
650000
510175
726200
102445
710061
650021
523118
100022
100102
100022
430064
100022
458000
510760
510250
200032
101102
222003
450004
528402
46000
116601
518003
200051
315010
515064
163114
200070
518000
201108
226001
201900
430081
100028
435005
466200
541001
311800
30205
200434
100040
400080
361000
100018
751100
300192
300380
528300
200433
200126
528000
362261
430000
221004
511442
201314
310003
361100
50000
200129
361012
133000
201702
214500
273100
510250
518048
518055
214101
300230
100039
200002
100011
830092
518057
510430
30006
200092
37004
221004
330009
300113
226001
110015
200129
730050
300021
710038
523100
711600
611730
100000
523823
362000
710302
100039
100081
100011
100037
200240
518028
529000
300134
100006
117000
518038
310008
430071
110015
510450
510000
310099
545007
510240
100036
643000
523850
362300
300151
100086
510080
100021
212001
100078
201100
210042
116052
361000
430030
116021
200050
315100
518053
30002
300051
610000
310018
100036
10051
215011
200070
325802
300457
225500
610051
214128
124010
650024
530021
735400
300452
475003
100055
362200
215001
518000
132000
100027
255000
201714
314000
200941
510410
663500
712100
301800
250014
710600
72750
510250
100077
261041
200540
430022
611430
201201
472000
210016
518049
528000
264006
102200
215164
518055
266071
561000
528315
110044
210002
276600
300050
221006
221009
201100
353006
511356
710043
226007
652200
430074
528143
201823
215008
200442
266555
710068
10096
525200
330200
400039
550002
100176
210036
610031
226400
110034
241000
518048
67601
300070
100068
300060
361012
163453
201512
100022
63000
300203
518000
100089
637000
201108
610500
471023
518122
614800
510700
214142
66000
721004
519023
516001
400030
201300
714000
510410
519170
732750
528306
201210
200050
325025
300061
615013
322000
266100
200020
518028
201512
528200
362000
226200
200092
535000
63000
116021
518081
300450
300240
225000
530007
410006
43500
542700
100088
366300
200123
572000
200333
362700
526020
523710
300111
400067
215128
510623
201206
341100
200240
361009
300134
201901
100048
530028
510640
528308
723000
572825
643000
430080
510180
510110
215008
572000
310018
528000
215600
300160
200331
400039
528303
221002
610041
650051
510075
511400
102209
224000
201208
212001
325000
215500
519000
221007
545001
100025
133000
100028
201804
415900
200333
530031
201100
266000
102600
100089
510030
100022
310007
450003
214011
510730
50011
201600
518034
350003
400039
430000
471009
300400
401147
350016
100013
300073
528300
300201
528305
30012
200070
325200
650011
50031
518013
200131
518083
410005
444200
450000
200052
510600
510110
650032
215129
100021
518004
528403
614000
200080
510640
316000
450003
215005
100073
410001
529321
655000
651500
215021
102488
430015
523872
610015
529341
550001
530028
510665
518109
312400
550003
430074
430030
510055
325000
528429
342600
364000
523660
351100
100083
116622
610041
361004
250021
110044
215128
201204
450000
461000
518114
100028
200124
100037
330100
200231
102100
110036
100028
276017
255100
516001
430010
201102
710075
116023
300161
102208
100166
510600
200442
201100
210018
518048
363000
117000
214131
210039
300020
610021
215300
100016
100036
518053
410005
414100
332000
650011
518000
510640
100075
200240
100028
528322
215600
110011
450000
510630
528400
618300
100078
318000
116013
100080
100738
526040
132012
330002
213002
530022
415215
200443
161100
201615
230001
570125
116021
100084
530001
30009
626400
311404
272015
225006
441300
610041
110034
100871
100071
650216
610017
413000
200122
110021
256500
100007
100007
100062
610031
518010
201210
100025
213129
200032
101100
315600
466000
677704
450007
100080
830011
518108
201620
200434
201105
200065
315010
518038
610041
52260
200333
201600
550058
100007
351100
510370
100022
100026
300193
350001
510403
510800
610012
713100
201818
300010
100054
100021
710016
528203
100088
511685
528415
450000
528311
550002
518031
100029

710004
330006
313000
361004
200336
200092
200438
250011
150030
100023
443600
200438
810001
510665
350001
610041
351100
528414
201100
50093
528100
530023
273100
100055
350002
518120
101300
464400
511400
430064
110142
200042
200443
230051
510165
318000
400060
528467
14010
518053
361004
510066
200052
350001
350003
523000
100045
518117
200129
101100
354000
400060
110042
410007
510095
524000
516001
530031
523401
200237
100107
201514
214073
516001
518104
200333
201507
202156
100031
200431
650021
213102
550005
655000
362000
665600
510300
200237
200940
519015
100041
710065
510623
200051
610013
710004
510613
518126
436000
831800
300130
50081
300193
200240
201300
201203
201103
200438
550002
661000
100038
673100
271400
730000
350001
242100
434100
400016
510150
721006
530028
213000
315012
225009
201103
571924
350003
830091
510410
210029
100025
243000
221009
310016
200082
100026
63000
100044
523520
450002
730070
536000
214028
264002
200062
300050
518000
530022
362100
415600
200135
300020
675000
365000
529300
201802
214400
518116
310051
215300
652300
200438
200126
410006
564701
100053
730050
200120
110016
519000
300040
201714
201206
100031
100073
200233
570203
636000
350001
715400
528416
518035
362000
225300
102600
570203
650200
150001
511518
404000
413201
200040
300040
215600
753000
210001
528200
529935
518112
405900
102218
238000
518000
610061
315325
361009
816000
100024
434024
519100
300222
516083
546500
450002
710065
643100
510405
100043
200070
200051
510663
102488
212200
215300
350007
335400
300451
130000
710077
300143
511100
610021
421002
300060
110004
362021
528415
226200
124000
200052
214400
330200
200072
30006
200540
330029
102206
362300
353133
214105
710048
435002
30009
510230
850200
210036
310007
467013
410007
200072
300459
100070
313000
116021
214071
650200
201300
400039
511515
100026
201315
100036
201901
100024
325000
518111
342104
528300
213002
215316
510620
850000
325401
518126
710068
518067
454650
200071
450003
854300
213022
510405
545007
361100
100021
200041
110001
430070
350007
363000
510623
550002
200127
518033
300450
650051
211300
200070
518129
710068
529400
350001
510623
100013
14010
710005
510055
200439
201613
524100
101500
410008
310012
200030
810001
518117
710032
100084
430071
300450
201900
361004
100080
215006
201901
510080
201101
430072
300111
518110
350001
200032
325055
510635
150056
541001
100176
110014
230001
200439
100081
518020
410007
150076
363000
225300
650031
100125
200082
231500
335400
361005
430081
425006
200232
472400
518055
201315
210028
300122
310015
200333
515239
610081
200433
200126
100076
518110
315800
510380
523128
710065
671000
629000
100037
27000
510055
201203
518117
515041
30021
311825
515041
310053
100025
200435
215634
300192
200072
530001
523001
200433
510080
430080
300204
570125
515041
100043
100015
717400
518109
46000
157300
100026
264203
510000
300190
361022
200438
100037
523800
746000
510630
50021
151900
361004
310007
100035
100020
530003
528000
510064
338000
210008
527200
116030
510620
200093
518019
201804
100101
201824
250031
510000
300451
300113
100140
100083
201815
610036
528231
201400
210028
430051
515041
200431
610041
100051
266003
211500
513146
530031
410000
510280
102200
244012
215539
430071
201100
536000
710032
528400
100053
330008
350203
528200
518040
519000
362000
510800
100076
100013
225500
200011
545600
710054
310000
361012
655800
271400
300110
214142
523073
361000
200003
518052
518106
212013
200444
677000
524039
201102
200434
300161
610000
516006
510663
510630
200021
100071
651217
300457
100080
100006
213011
200065
430072
511400
528300
110045
362000
515041
201108
610041
518129
453000
518001
410015
410000
50300
110031
518001
201418
511515
214537
110034
300151
710002
672600
744000
200433
550009
620500
48000
261041
210031
365000
100021
201400
518118
300270
100102
100082
518052
510660
133100
430014
518055
350011
350001
518112
414000
300070
735211
201805
408000
314400
518003
611830
350007
100080
402760
100071
100038
100120
528400
100101
100089
310023
100083
458030
200051
518028
430010
201700
518101
114004
63000
163712
225200
100037
100000
400032
518055
225002
201108
516001
400020
410000
528441
471003
430022
300222
200129
510260
124010
511400
201100
201611
401147
43400
100028
110026
529931
215011
410000
200001
518001
100035
541001
163312
364000
518109
215331
100026
710077
553000
510510
523660
200093
610041
454000
444100
300161
201801
518101
46000
100102
301500
300271
100176
271000
637100
510627
211100
201601
200092
100143
215111
361000
710065
650021
200233
550000
363000
727406
214001
410100
241007
830001
518003
300400
450000
100054
510230
100055
314400
300113
300457
130012
450000
101101
201108
673200
100022
430062
310005
200041
201203
245300
710068
300222
100191
362700
100010
72750
518009
617023
116035
100028
201400
351100
650021
361000
610021
546313
200070
523946
518132
311421
510140
361022
200439
518102
400031
510170
650031
214044
100070
226004
516001
100022
510620
510100
519000
516001
344000
523383
363000
261061
300450
510627
442100
250001
310053
510140
100040
730000
300270
430079
201901
215007
200240
510060
710065
518118
510260
311815
361000
200031
510288
850000
410004
450008
710054
518110
641400
730070
317000
528318
100871
215200
330001
430300
201612
210007
200062
710065
350200
301600
518000
100041
518126
450004
834000
100083
511450
66100
430017
650031
526238
200125
200232
236500
510403
518060
200051
610000
315040
450008
100068
650032
100081
101318
100083
100101
362000
430022
201206
200050
528471
100079
710075
354000
650032
710032
201209
315300
300459
537609
200436
515041
550002
100029
510235
264006
312000
610031
430012
100022
100083
100010
361022
200126
471012
350001
300193
350003
313300
310005
101100
610072
250022
247200
350003
361005
401320
200237
410300
430070
536000
430030
526300
400050
214116
201203
261000
116000
315323
200093
355009
201906
361001
541002
472000
510070
410007
212300
30006
721004
528400
201319
300252
215021
710043
266071
200438
100081
511518
16000
350003
201100
361006
200060
200124
110001
317000
350100
400030
528000
361004
516083
430070
215326
528305
611530
100054
323300
200065
156100
245000
430023
710068
121000
200023
215000
401120
510850
510045
510280
430073
611230
461500
314000
273400
528000
273400
550006
350001
100022
100044
644000
518060
518026
100098
341000
518101
558203
100084
130021
100016
245000
312300
412003
650041
210004
610400
510120
100007
133300
430015
214400
572025
225009
100036
516100
518033
610041
200241
214027
655338
316101
351111
250100
200083
518021
210006
523618
215600
232038
271000
430056
116023
116011
113008
310003
201600
200070
330001
325500
201612
519100
200135
364012
214419
362000
100022
310008
250001
570120
300211
453000
100120
730900
34000
100020
523290
200030
201202
110023
100071
361000
212004
121000
200030
621000
45000
200433
200131
200031
710100
100068
400700
518110
215518
510610
523079
100025
300211
611230
571152
100029
610051
528463
710005
523850
350313
200331
510100
201700
514400
100083
113007
100024
124000
100098
136100
510403
300101
721000
400010
214500
200061
225600
523962
201102
354300
410003
430050
201102
511400
100068
230061
410016
626300
162100
529000
250000
63000
300074
100166
210044
100023
201101
341000
400023
361026
102600
516083
518026
650118
100037
213001
100023
266000
518172
100025
553531
518115
100036
214023
201100
201500
610041
250031
436000
300182
211800
100123
200331
300400
124000
730020
510665
201615
528303
214000
264006
200081
200092
471000
310053
210014
200083
417600
430000
100089
312300
300113
75000
30021
210006
410005
200020
213000
723000
30027
200333
518000
300060
200433
215021
100029
839009
100055
264000
310007
467000
37006
362700
300074
510220
400010
519000
110041
570000
150001
610041
114001
236000
361006
50400
110013
400039
527300
430074
361004
200123
200071
300161
435000
537506
661100
350300
63000
430070
523560
100045
361006
200442
315012
300061
200081
50051
650011
528000
422300
210016
430000
266000
210035
350316
464000
431700
100069
523560
242035
215011
226671
200137
221003
100083
225500
100069
610041
200002
546400
518115
518081
100037
510520
200434
430070
529500
215009
100102
100176
453011
512123
101101
518028
210016
200093
300162
245000
530021
211100
100076
24000
518104
362000
100176
528305
200063
100040
116002
300050
518048
610041
610066
200032
214500
751603
200030
710065
200431
300012
213003
300381
50001
537000
363100
518125
301704
710003
101101
100026
116001
350319
41000
210036
661600
200129
200436
610041
200438
210002
350001
200092
543200
621000
526040
510300
100028
201306
200333
215337
510640
521000
201300
570125
313000
365506
221002
135000
243000
401524
412007
163416
650032
250014
215021
610072
100022
450000
312000
50081
214400
100029
210037
523170
316000
515000
644100
200020
314416
410000
100085
201317
201800
516353
100016
530200
300151
200333
450003
200126
100035
214105
100076
314300
516100
215101
646300
230011
528400
214400
330006
237000
350200
430022
116600
610041
201812
323000
518001
671600
528308
511515
311703
362000
430030
201300
100088
200092
610051
201702
362600
710043
530003
310014
314000
610072
100062
300010
510610
516002
200092
200063
710021
214023
215300
200042
200125
350008
528000
529000
102300
350005
24000
617200
100102
201100
210089
100032
519071
316000
100015
450004
363000
200052
511500
530021
100029
350001
350011
536000
300100
362216
300040
250002
527400
510095
210005
100192
430060
215007
100025
215007
116011
155131
200333
510000
750004
450000
300042
558000
325000
441000
710075
510630
710038
430070
510030
201404
400031
200063
401120
226001
510620
230011
201202
110001
510640
212411
30024
422000
410006
518026
400084
210012
518057
201400
201104
213000
215300
100041
618000
515644
529500
42103
362000
353100
344301
614700
450000
325013
518020
200439
650012
231600
100045
471500
210019
210008
200135
637301
253000
410001
467300
325000
665000
312000
362000
75000
214071
200129
523200
650228
750000
100871
523947
712000
330038
530023
100024
325000
430000
528300
541001
300050
300061
528414
724200
300150
201101
518000
261041
315475
570208
300457
518112
400039
310012
50000
312000
200434
518026
102209
110001
315800
710061
810000
523456
50051
422000
251600
201101
53000
101121
61000
15000
15000
315040
201620
317000
734000
518172
45000
650041
610021
510380
410011
200011
363000
410007
350001
510620
224000
200235
200041
362200
314500
510630
100085
200030
710061
510800
510100
650000
350013
201818
510170
511500
518020
650051
272037
214045
310004
300402
300161
518001
450053
650215
350011
300121
100025
100164
350007
410004
362500
510760
529200
526040
510250
523560
100076
100069
833600
671000
100022
100022
100084
400030
300192
352100
610041
518111
213161
518033
215126
644000
430079
363000
433132
213000
528000
518033
510160
212001
518100
300381
264200
519041
430000
750001
518052
200331
350001
201600
200439
518026
516229
100022
650041
201204
518040
350011
571100
214011
100015
510630
200124
100024
200090
200086
63000
610066
150001
100083
350001
100029
214000
341000
844000
458030
510620
362000
510620
610041
30025
361000
467000
541004
250101
354000
201707
410007
529000
526060
515149
110013
312300
516624
200023
200540
518125
525200
200123
201802
213011
646100
300300
315040
214500
410007
418000
300270
256600
100141
511447
350003
200126
528303
215123
63000
518172
100070
523917
312400
201203
523000
610011
100005
100013
210048
100071
100073
30021
200233
642150
430070
400010
657100
30012
362700
618000
200333
250001
221003
264200
101300
448279
650216
116300
610041
101100
300170
364000
528515
518001
100125
201318
516123
432567
200135
518104
518040
312000
100102
537000
671000
100073
100101
510660
100022
201101
257100
116001
210009
650000
710082
100730
435000
100086
450000
100025
262700
364000
518045
213011
300161
311245
215345
214043
361005
211100
266021
610023
210038
510055
100084
530028
361008
519000
510500
210007
201908
225001
210005
430030
201103
310015
116001
350003
200032
453000
100020
528248
201600
100084
200082
650215
224500
518108
100084
511495
200042
511400
100036
201300
201802
412001
200082
523325
200438
100161
337000
750001
450052
510300
530002
623500
350002
510310
556000
362801
532800
413104
250013
518112
100143
518129
615000
210036
511300
710025
510075
210005
350300
712000
716000
510623
300171
250101
650031
518000
710021
330006
650021
264209
430050
110161
100086
201601
110024
712000
276800
233040
365001
430072
529000
362000
350000
518102
518110
200052
214061
610041
710054
450000
214407
100028
657000
410001
102600
100062
518112
810000
415000
518033
214028
215300
610066
300040
523560
511853
65808
518053
510260
430010
523560
528300
650101
200437
100080
310009
100011
518118
200125
210007
635000
200233
710002
350001
510010
550001
54000
430070
215008
530012
214000
519000
200001
300131
100123
200232
350001
710086
214026
116011
100075
201715
412007
214434
510110
710068
43000
510095
510180
450000
201315
361012
430074
518129
100004
100000
215000
200233
100101
538100
200240
518034
519000
201400
350007
200070
233300
100085
710075
553537
125000
530004
510378
335100
710105
622651
410100
200065
100080
200000
200071
510160
510521
325000
315806
212001
419100
528463
200333
210004
201100
524043
510000
523942
312000
200435
71000
313009
655600
201615
518122
529500
543000
116001
201203
710086
201700
510600
150001
361100
130062
100081
830088
710003
100082
519000
353100
100031
315103
266071
100029
362342
430022
523773
201600
450000
221004
510663
350007
116011
224126
671003
510300
528226
528061
528403
201300
313200
523000
510627
610010
413400
130022
710075
75000
214071
362100
250061
110013
210038
510420
710065
200010
644000
650118
515824
212003
200080
318050
201914
610041
525000
200233
518120
226001
528467
200093
528200
100035
230001
300250
210037
100176
225200
246000
200135
510180
100028
511400
100026
200335
215500
510630
300161
735000
200333
510800
518020
530001
363100
215300
100011

100044
710003
523729
515834
523900
100088
200092
430062
830091
350001
100140
201719
430070
100029
528231
154603
100005
201400
201906
518108
300457
430022
100075
214026
362261
362343
100049
710075
467021
133700
310005
519000
110016
364400
100037
116001
518038
221009
256600
425000
521000
528231
400039
10011
210008
311101
350015
401519
215126
102500
315040
236000
518020
201101
201413
454950
125001
414000
110023
430022
200434
213162
441000
213300
16000
362801
261400
150036
430015
528200
213022
30006
361009
300402
301502
215021
100089
516003
212355
625000
100028
200129
323400
350119
644000
200020
610066
50011
528445
310011
210007
361009
710004
100029
512100
524002
518105
350300
351100
710061
753400
530022
200070
200436
230041
366000
225000
101414
523460
510620
100013
100070
518057
116013
30203
518001
201315
212001
527236
528000
150016
100101
524348
200435
547000
201600
266042
214425
100007
225001
730050
250100
210016
663100
350003
214028
312000
300450
518000
200093
215623
330006
201812
100035
200030
201801
210006
100081
200333
518125
518057
252000
430000
100069
400038
364000
611930
100026
510095
201210
200035
200020
17000
518102
515041
325000
30009
747000
430070
250014
516083
401520
400802
710002
350001
100028
200433
213011
100022
100085
523771
310011
350011
515041
710025
510095
471000
300111
810005
400042
361021
110000
201900
361027
100068
511340
300201
750001
210001
201900
300012
100176
528000
223800
650000
261000
650031
362200
213022
315300
528200
610072
230000
200003
362200
545007
313000
201100
201900
610008
115000
651700
361022
410013
361100
210003
551200
710021
651100
210039
510405
518106
210031
214028
650000
222006
213003
710001
300241
300162
572000
226500
361004
200433
100049
430030
300451
100054
266001
737100
100085
350011
300193
518126
201315
215001
523478
100083
361100
430081
430072
215000
200137
230061
510660
200070
100049
362400
519020
201607
528425
510627
322000
157400
563000
100027
723000
430023
325000
510600
201102
410100
310006
528455
543002
313000
243000
200444
510000
201804
402160
276034
200241
430068
442041
430081
110000
100027
200093
201800
563000
529000
210028
525000
100025
610213
100053
519100
710048
400020
510800
100083
510260
650032
518020
201900
432415
350200
200030
617067
518052
518033
518108
200021
710077
201908
518108
523853
200080
518001
518104
350001
528231
528300
100004
518034
221005
518049
518052
550002
518000
510800
570001
317600
518055
450008
277000
300222
362000
100036
230000
200050
543002
518110
201314
515041
730000
250011
430064
200237
311251
430071
100025
529500
210044
628001
443000
350201
100600
200120
24000
201600
48000
450000
512022
523041
100015
350001
523949
100029
200062
362801
221116
150090
350001
710001
625000
214121
244000
518109
518129
418000
528031
300480
432000
523000
201400
541002
350216
15000
214028
100039
463800
678600
210038
100083
610016
200235
400080
325700
100022
200333
14010
529600
610071
201318
314200
614504
210028
200434
200122
266200
200125
100027
710054
201900
225009
100022
523850
523750
325800
100070
213000
200540
100085
215004
100069
200081
410116
201318
100022
200082
362000
100091
350001
110002
572000
101400
200540
200042
100061
201205
719400
200336
518001
201319
430000
214416
200941
201620
400050
201601
710075
529222
16030
215008
50081
100120
300131
400065
100045
528000
214045
266041
201101
510310
30002
200331
300400
610072
523900
430016
510900
200437
201706
100027
300450
351100
30012
518173
310011
519085
100088
650011
238000
253400
362000
413000
443005
518038
300170
100053
516213
116100
215216
410001
610300
528000
200438
518081
212002
423000
215101
362700
201700
361000
100068
435001
201401
200063
361000
221008
515144
410203
50011
252500
300300
200003
530021
733009
226007
110015
234000
528306
200030
100022
230001
361004
250031
200010
266012
100102
100076
124101
518034
519020
250100
518021
100044
430073
200003
350007
510030
100035
215021
300340
233100
100081
518004
518114
523850
611335
330400
471000
110013
430080
32000
200335
528305
300203
214117
511885
528226
201203
250013
361026
570206
350200
100028
410016
350300
401147
100192
510530
400023
250014
100736
200083
201612
362700
610041
321100
125001
531500
310012
650011
518000
610051
475002
201108
300180
157000
100713
236400
110031
519000
200336
210003
510620
116600
201516
110034
100078
110042
438000
200434
710032
362213
150000
430063
451191
200092
100031
215215
200129
30006
310003
518040
362000
518046
511300
518057
366300
252800
710077
300143
46500
710075
518112
325035
266071
214037
650031
157100
102600
130002
641000
