215004
519015
510600
411100
518048
518057
530021
518057
523648
200072
230601
523330
362000
201201
522031
510080
510500
570208
200940
510220
200021
213179
110015
518049
830000
200433
410011
410008
215101
650041
405900
300221
200129
201101
510040
430080
518108
325000
314400
430073
510800
545006
734106
510220
610013
100026
300161
528000
201100
110043
100078
323900
510006
710119
671000
530012
116023
611630
110200
300134
41000
100043
710048
150001
100084
528400
223600
266071
212000
271500
210012
100079
363000
610021
100032
250002
650000
430074
264300
510405
661500
75000
271100
650206
300457
100140
516623
200333
130022
510075
365000
550001
611731
355100
528403
323000
214000
100081
150006
324400
30001
314501
510000
325013
541001
100085
251507
300161
100062
116222
350001
518103
100097
710075
518034
710075
48000
361008
130051
266071
528322
511340
100070
528400
350002
125003
100035
101121
547200
400010
201318
100007
350003
102401
528318
430060
101102
710065
430071
325000
100034
310014
100097
200335
510070
100076
100083
130000
423000
100016
225261
322100
650000
100037
518115
200065
510260
410005
10010
100192
256657
650032
72750
264006
528000
200233
627850
274000
300210
200437
510375
361004
100026
400050
30001
200072
550002
300201
615000
200124
518048
100021
550002
215144
736301
201100
150020
528400
351100
510260
200333
261000
521000
510230
510160
132013
201319
150076
201411
537400
529616
233000
100011
201101
430070
523990
123000
510400
529341
200124
101100
56001
830000
350003
325000
510060
200093
315613
200433
650021
610041
400054
350000
239001
401120
100025
528000
30002
518104
410000
510080
518105
30009
200092
523109
266109
571700
200120
102500
100037
430080
200021
201103
450000
201204
350100
130062
523710
100022
545006
330006
200031
730000
518116
200032
215300
830002
100011
511442
401525
100091
750021
523270
350001
201318
67045
110000
100050
100083
433121
650011
510095
101113
201804
100073
211100
200093
210036
510075
264000
312000
510000
526040
201102
130011
610046
50012
530021
516055
100040
515041
515400
529300
71001
710002
110002
523416
215006
30001
528322
450003
529700
364012
255300
510900
200434
518000
710065
650041
400800
545001
201208
200070
524022
310013
518052
363100
525254
250022
200025
311201
430010
324400
510260
226232
116033
210029
214000
430023
430015
710068
401147
201505
201100
230000
330022
30012
528231
350015
300450
523000
730000
714000
350004
37038
510140
210004
351100
214500
100037
518048
530022
215300
75000
350001
211200
201100
671000
511496
200001
614000
34300
325000
335400
100044
530003
100088
200439
528211
430061
100192
310003
100015
610017
518020
100011
510070
528000
528311
531500
353000
430070
210029
519060
653400
102613
300020
215011
441000
510130
100020
650111
650034
215228
521000
200126
130012
523009
361000
201108
518026
102205
215000
200444
150010
510280
430000
224051
100041
100034
712000
225100
364000
100029
450100
523701
200442
21400
315400
673100
250013
215026
201400
100022
750001
300191
617068
200072
100024
511458
271200
510663
100022
710077
300250
300456
100052
100195
511436
30003
300400
243001
253014
314415
266033
200540
510000
450052
100088
510000
200136
530022
322000
315334
550002
200124
450000
528000
510610
510095
710021
201908
510730
300050
362000
361009
200438
211100
350015
201615
361012
515638
276017
510700
213002
50011
350005
528400
315400
710065
150036
100074
450041
210038
344600
350213
510250
246001
650224
510623
310000
100080
430074
510620
414100
102208
677300
100026
430060
350008
610041
65000
200941
300070
30600
362246
116023
100043
314400
100081
100016
610051
324004
100042
528000
310012
200093
400020
450000
100102
350301
361026
411300
100102
741000
314504
100081
215005
100036
650032
200442
100011
225500
311102
201100
362212
525000
671600
518112
266012
100078
629100
266071
518116
401147
362342
100062
514000
200080
361000
334000
67000
435100
337025
200335
330029
200021
525000
201208
215531
510530
215132
30006
710075
215200
201612
200438
200949
528211
450000
215314
518002
130061
252429
510010
10010
215000
650102
410008
100026
200231
201209
654300
232052
100077
350800
510180
200126
430056
510055
200042
523642
523767
430015
511436
300061
518000
215236
214027
116600
201712
201400
610500
361000
361009
679300
210029
510800
102208
100037
310004
201206
201400
200083
413104
210029
528322
110043
201804
410100
529000
510310
510641
366000
200131
414000
410000
200336
100165
650000
435000
230001
100039
65300
551100
201101
518111
515152
400900
100025
214105
110141
610051
100005
410008
521000
300071
528500
50011
510410
215500
523452
276000
430064
518172
528325
200003
100176
200137
401147
100081
510140
518003
638000
213011
860600
610017
65200
250100
100078
325805
230012
214000
100044
710001
100068
114001
530012
523000
523413
100016
116001
215300
510060
213001
300251
401147
454002
251800
45300
100038
528000
117205
100043
350001
523220
409800
516002
102600
201824
652200
510700
610041
510620
462000
100078
361000
210007
300381
401436
510660
727100
224500
610041
100097
200060
362700
201914
530022
510440
610081
200333
110032
225000
350500
200439
610225
300060
230001
61001
350217
510507
710100
350001
453636
528000
361006
311100
200032
550002
421200
541004
510260
519070
518034
110003
100021
510700
361004
361006
833000
100141
511340
30002
300131
750001
661600
66200
677000
408512
528300
100075
430000
510260
100070
200060
100039
518034
331200
100089
200032
300480
214000
362712
350200
610051
510735
100053
510700
266071
300112
529000
225700
271113
400030
66000
854000
362020
361004
232046
110032
100020
430040
433015
200124
300140
201802
30024
610000
200438
518173
201204
100070
100078
253100
310006
350009
202150
839000
430024
30031
610021
100025
100195
110000
214023
332000
665000
545007
361004
538021
315600
100026
200438
110035
515065
510300
100070
215300
521011
518031
212001
100028
430079
37006
100089
361001
515800
116037
277500
201705
30024
529500
529000
116024
100048
241006
430015
362000
102200
200040
528000
251400
351100
215500
150090
610041
100005
200086
610015
518112
201822
266071
200081
430032
201800
510650
230022
310018
315012
350012
510600
475141
528000
200023
200050
100081
201900
524057
545007
250002
614000
250204
526061
250001
100061
518110
510420
721006
100025
110044
517000
253300
410007
200010
213000
200093
50021
201620
315200
130061
230000
201203
243000
214028
210015
100085
213022
650111
350000
334700
650224
330063
710021
201201
214000
136200
523835
100027
475000
361000
56000
710061
510300
211100
519000
710065
100144
414000
528400
310012
350001
350013
450000
215123
455000
300451
610041
361021
300011
201103
516800
226005
266000
350013
710065
361026
671005
400053
510070
250022
200438
650300
518003
515041
510635
200071
130062
300092
361012
350001
200092
571335
200002
518000
313000
518115
100029
201708
854000
200333
514000
266071
742500
100083
523799
431700
150010
112000
210002
432000
130600
519000
710077
300131
650605
300211
710054
100028
730101
118000
556200
528000
518052
211100
310011
350001
430022
510440
524012
610031
510623
100025
214063
518000
523947
430223
215155
510600
50051
730000
100088
361009
300111
30006
266071
351200
518119
518019
518057
100039
200443
201908
610000
518054
350003
530022
529200
410008
710075
214007
250031
201105
475000
350002
443000
430074
450044
215300
201804
713701
50000
214400
201702
300161
200137
730060
130021
213016
650224
266000
100041
317609
300074
510800
362700
511495
443100
100088
410002
361006
545006
523770
100042
518048
410007
523600
200231
100073
518057
200235
518026
100085
518038
100088
100195
201201
300000
510610
414000
100083
37038
610041
733000
56002
312000
246001
200439
113008

130041
511300
570203
361000
550001
522000
201601
213003
661014
100004
430062
310012
300456
100006
365400
110032
838001
213101
313000
201708
515832
650216
315020
325000
200080
300111
215634
524000
518108
450007
325011
510030
200051
550003
643000
102612
200041
300200
524000
255213
100075
255300
100009
276000
443100
211106
200126
100176
200335
518036
350800
100071
315020
100068
350001
100015
541004
201822
315040
650224
361004
350001
361004
435000
472143
510700
530023
646600
529941
111003
450053
430014
471031
255000
317500
362343
100070
200062
518052
300400
350002
153035
100864
264003
350007
201901
514100
518118
200443
510660
365200
100069
113123
745000
224002
414000
210036
66100
414014
550001
528231
164300
422000
100125
518040
200032
610061
678700
300070
201210
200237
215011
201401
200081
200435
523860
650216
523000
100190
110004
116021
518101
563000
430062
365000
525000
530022
200333
266002
510600
215001
553203
519000
516003
325014
100142
200333
421101
250002
528300
310008
523320
621700
200336
528400
510080
530022
362700
350307
400021
350007
201314
200127
430012
250014
350300
361009
510260
523960
330039
42600
510310
710048
114001
518107
100027
610042
210012
210048
510610
100027
100120
710600
652500
200438
100035
710016
529000
312000
361022
710077
450000
710100
200086
414000
100023
423000
200940
213000
350001
266100
310005
335000
201901
200040
200136
231400
200082
30001
246002
100102
410000
311201
362000
210008
410001
300132
214128
710043
510360
610041
101400
361021
300211
515200
200233
518116
510000
528467
113006
100041
736202
316100
201100
30001
200124
450008
200233
100089
430071
518048
400016
362321
528305
528425
200234
100088
410015
223000
401331
215021
518116
266071
510145
116035
325000
300171
300452
266108
518048
100025
300457
215500
350001
100039
450000
610013
201203
225300
200237
300121
213136
314000
200023
300211
518115
272200
523000
363000
100096
210048
66100
214000
312030
10051
110002
200010
200441
518105
300385
361012
351100
511442
300180
161002
400060
100024
51530
430015
100055
100039
215300
541001
215624
100027
200061
200062
430074
155100
225009
674603
543000
200235
213000
510410
411101
523660
215007
318020
110059
510730
518119
200335
518002
110004
100056
130062
250014
210004
710061
526040
200061
315040
200072
710061
201100
201100
100038
100085
100850
518104
510260
100011
830000
300406
650000
510260
350015
213000
570102
510320
510600
523787
215006
545001
116300
100015
850031
361006
150026
354400
100053
41000
200127
201108
100190
518019
300060
213011
518031
136000
201315
516003
100022
435200
116100
518057
200030
710077
113006
414500
201105
571101
211100
710077
510180
350001
213162
100055
529000
410600
361100
610016
362400
100069
116100
100097
210010
100038
400030
410000
200333
201705
528315
515726
100037
361005
200090
214073
400021
519000
66004
210006
611830
350001
314419
100124
363000
201601
122502
310005
225300
518008
710600
200126
519050
213176
210017
110031
266001
515300
225300
200431
730070
200072
300180
235000
200333
401147
241000
410011
201620
518116
511340
322000
17000
201315
215345
100005
100040
364000
100055
213002
518020
410011
510075
201102
518107
150090
100027
200129
510040
519070
510170
510270
430040
200129
344000
350007
225009
150046
610016
200240
650031
362213
100075
201906
511470
710065
132021
110000
215122
330001
264006
300111
361000
528143
450008
325200
100068
510700
518020
100043
519030
300459
453000
210007
610066
553000
201512
523641
214000
530001
350100
350001
164300
528211
201311
350300
621000
414500
550014
360000
255400
100101
41000
741020
226007
362000
361111
570208
201907
201111
471003
100022
523870
361009
710048
200443
100083
510230
100085
215021
666100
300400
410001
30013
714024
430023
400013
257000
200042
543002
528100
361000
210000
363107
361026
201201
610041
514031
300203
637000
530012
361009
100005
201208
354300
310012
201821
50031
211132
710061
361000
30000
100102
523770
361000
232007
518112
210037
350300
519020
200323
450000
528131
100043
100084
200333
641301
450006
310052
510507
100039
528319
413001
201103
100020
215300
200335
650041
100080
250001
362000
100055
430017
210048
510663
233000
324017
510300
430032
201315
201210
110001
450008
201100
250000
515041
300191
528305
130021
130041
300452
200052
101121
100072
516211
523000
471000
422200
200433
362000
523569
450000
200065
215001
518117
510730
310000
211100
201210
100026
200240
226500
529935
10051
200335
100062
350009
518029
430014
71000
545002
233000
300052
650051
353103
518133
526060
510250
200235
518050
510800
300021
570000
110021
300202
214500
63700
518048
110014
264200
350001
200081
610017
201612
518116
201802
75400
130062
210008
150025
230022
510665
421001
519000
100738
201900
200135
400700
355000
100062
536000
250022
300121
200949
678016
517000
225500
100039
528041
210003
410002
610017
46012
222002
100081
518001
300134
350004
518105
408400
317500
610041
311400
201812
723200
422600
528400
201102
200021
201400
264005
543002
100081
201317
400031
610000
110025
400021
330038
523560
250000
50022
365000
362000
100085
21400
200010
710038
510550
221003
510310
518000
100086
610031
518125
750001
850000
510220
210018
430056
215400
210012
200435
526300
519000
518023
528427
200001
250000
350001
310013
201106
510075
514500
200443
30012
201206
233000
650032
750002
430033
523870
223200
213200
200041
215128
511412
200436
201203
710077
212000
523000
201805
310004
300384
550004
100096
510627
213016
100191
321400
200086
100075
30012
100022
225400
210003
110001
350003
414000
150001
101500
200127
644600
214028
430070
37000
510250
100190
276004
313000
710004
745000
100073
545000
14010
101100
541600
200233
310006
510430
471000
518116
650034
100043
300111
201708
430014
201106
30021
30200
650031
443413
516300
100022
213023
201103
518106
450003
518000
154002
271000
510080
101300
100062
518000
610066
100039
200030
200125
100011
250023
430012
525000
414000
236000
400050
201301
710065
300202
200030
110179
352200
400013
100176
300300
110013
350007
100091
625100
526600
110042
30009
363709
475002
213100
200123
250001
214011
100082
315311
200050
350002
201109
214044
200030
510530
518083
712100
212002
100032
523637
528400
150006
361100
325000
710016
510500
100027
100061
353200
100088
626700
725000
102488
545001
519000
710054
610081
201201
310015
100091
100071
201900
519015
400039
215300
530007
102614
519000
200063
517000
310018
214061
361022
255400
101312
201619
510800
550001
730070
200120
430060
266100
572000
710068
116033
510110
200333
100101
626000
300191
352100
451100
215143
239000
350007
510710
350001
210006
430000
730060
518108
523560
315300
255200
315040
200444
315400
528415
610072
510150
110031
215021
401121
515041
251600
114001
454652
518107
100083
100013
100025
451191
610043
423400
471023
223800
215300
226001
830002
523000
200237
519015
430079
710003
710003
518112
200041
350015
518000
110013
710004
100052
100015
100191
518114
100044
200434
50051
528463
518031
710075
510623
510410
200031
201100
100162
414000
200072
250014
510115
430015
201103
723000
315300
361004
250002
515041
300381
100025
100141
528511
117000
518019
101121
528463
201103
200438
516300
30001
361009
529080
100022
225131
350001
100025
150010
400010
315800
671000
100125
30003
201101
361005
214037
201202
528305
510620
519015
710006
116300
100089
100088
310006
610041
200051
528216
550001
236000
100039
410016
528318
100040
518108
511400
100015
404300
200434
110023
150010
511458
200065
215332
400053
530022
511685
100040
200086
529500
511400
201108
130022
364000
100190
430022
412000
30009
570206
100013
200063
215008
523079
241008
215011
200070
317000
430052
116600
511400
410007
610066
102308
350200
510220
400050
510655
100070
110015
710004
201300
150090
100027
232001
710075
221300
239500
100076
620010
130031
529000
715700
10020
400020
529738
518103
518049
100024
200001
518083
518103
441000
250033
45000
430062
230051
528100
201318
519060
200123
200431
50021
116033
201206
730030
815000
150001
214400
523820
528200
100016
529700
317000
351100
13750
518110
310018
200442
150066
325000
520250
100071
830002
110149
710065
362000
100024
710043
610004
518129
266000
100600
300454
523278
201801
110003
810012
510620
266000
200031
362500
201319
100085
100010
215021
300040
100078
453000
100077
528234
300240
50061
33000
350007
100086
100061
250100
650032
644000
364000
200042
477200
101300
213031
362002
313000
201315
100026
250014
200233
225001
518055
200443
200093
100041
361001
200237
310023
201200
515041
510160
610021
410000
350200
524043
518035
201107
528200
723000
200233
410300
401122
241009
350005
511447
350000
200123
200331
215134
450000
325000
100190
545005
611230
528000
721000
110001
510640
122500
518112
200137
210046
100079
63000
422800
214405
100036
201615
210002
518108
200124
666100
335111
650233
610031
831100
110101
523928
518048
100080
315012
200241
201800
312030
401122
200941
210004
528300
212001
550009
518026
200435
201906
523018
516001
200442
363100
750001
518067
200083
201208
201201
116021
200090
530031
310000
154600
215008
50051
30021
100025
200032
530028
315317
100080
524200
710032
511100
100073
650031
266071
255200
350003
100006
273500
100081
315010
650051
351100
650041
100083
528000
532701
200126
362000
315333
101400
524200
461670
710061
510070
201901
210018
830002
510800
201908
362000
100080
674300
518081
210048
518000
210018
100039
200438
510406
518038
409812
100048
100080
510030
46011
200233
130011
200042
300191
410082
518104
100020
50051
518000
310014
200233
116021
29400
201318
210006
514015
215228
215215
830000
116021
225800
341000
430010
14400
518115
241000
518103
310021
213000
518040
510900
430015
518000
200240
110021
710077
400050
510120
243000
850000
200444
518000
518111
430030
200333
523873
343000
518111
710086
246003
225002
518001
201400
515000
510403
100043
300074
650200
100024
311258
214000
530201
310008
34000
200092
226006
325700
518105
30031
200129
421900
214200
621000
100067
529000
101500
529100
116022
318000
272037
100020
100084
310012
100038
529000
524013
610081
110179
200232
100075
756000
300113
351100
510630
213031
100176
215008
323900
518101
518007
523000
212002
201108
272000
510470
518118
100089
536000
300192
363000
510150
350001
200444
466001
200434
510170
324000
518048
523400
100022
50000
30001
430023
518048
100025
315121
266000
200072
518102
100006
201105
264000
100031
110032
410006
652200
30053
200233
100102
617012
519000
512200
200235
100101
430050
511400
450002
530021
130011
201317
361012
650033
200063
213004
100010
512026
650100
100101
518055
325000
210029
317500
102218
361026
310011
510620
215007
230041
200040
101314
214035
100054
215001
100055
710075
241000
518048
100032
437100
510240
510080
133100
518048
100010
523200
610041
266033
116000
362000
30001
201400
736202
100161
314300
210007
200135
63300
200438
300240
200120
361000
650200
163312
330006
200237
315400
617200
235300
510250
362200
200333
100028
362200
350003
443000
511462
310004
471000
300100
430050
100024
430023
361000
100031
63000
250031
315040
361005
130031
201801
100075
100107
300450
210042
100036
64400
814001
351100
100025
256600
518031
361009
71800
410006
100032
511400
430080
201400
200011
450044
264000
266071
201806
523106
215200
421001
210028
100192
234000
361026
100045
201800
523686
510405
225000
246000
430074
100021
250001
10020
736202
430080
210012
410005
100006
710065
518031
200051
45300
332000
430070
518034
100035
750306
518000
450003
300454
510375
210001
100050
100006
102200
712000
50000
710021
200070
430064
215008
101101
529300
330006
10030
110044
300110
511340
410009
400021
518122
200431
214145
100018
221700
350001
130600
361009
110025
410007
200020
736100
563500
30001
323300
353200
516001
200021
10030
450052
201400
300211
401121
570125
313000
201615
50400
200333
100070
618000
401147
725000
318050
518104
523380
201203
610213
50091
661100
332000
200122
523710
518125
362700
100011
570105
200081
212003
112500
710061
361100
300193
200061
515100
201101
510260
710032
300150
214101
116100
510040
100123
100101
300000
730000
200090
201802
214400
510460
530012
200441
201900
528403
830000
410005
110033
300461
12100
510900
315010
710065
518118
215009
200060
100026
710075
102600
528422
325500
400023
523000
50051
518031
100067
745000
572700
100024
10010
30600
200431
300300
300204
201600
200435
211900
225000
650204
211106
215000
430034
450000
200123
362211
150090
110031
215011
71000
201105
523000
101149
200233
213000
53800
430014
300385
610051
300480
341000
200122
362314
518118
650300
310024
710109
710025
200237
316100
213003
665000
317000
200137
200041
201613
570206
510080
518054
300051
214200
438000
110005
523127
430051
334100
56001
430023
310006
200010
300193
317500
200232
200001
300201
211803
100086
350011
325200
518031
30006
300192
100086
517000
200233
100077
100096
110003
200231
201514
337000
210001
221600
102600
650021
443002
518103
215500
71000
650106
710054
212300
710021
300230
100101
201411
256600
325700
336300
813000
201209
200126
325016
30031
523690
200025
510230
510030
510095
324200
300130
200433
100096
430073
118300
313000
214171
276800
45400
300180
610066
300400
710100
150001
300191
450046
100053
528031
510030
201804
200125
201400
62552
118001
726000
100024
545002
410000
422300
300450
214035
518055
200235
200437
110015
750004
518110
730050
712000
610500
100088
712000
510507
518033
200125
241000
210035
710075
523500
530011
350001
201801
330030
262300
201801
351100
537413
458030
100088
100053
200126
526100
215144
266000
214425
518029
200233
276000
212400
510080
430061
529100
100076
201609
115100
300459
201807
523690
300222
100020
201203
400084
101101
430064
300060
524027
150080
510660
730030
650032
450000
200120
300400
225012
110041
300350
355000
210035
518110
463000
362000
363000
510620
100025
201204
201601
201615
213002
100054
200124
710043
201900
201617
652400
450000
236000
571100
124010
529300
215021
200126
430079
627651
655000
528300
100055
100020
510040
100029
210018
201906
123000
241000
100084
511518
201319
467033
518110
200051
455000
214028
610041
100085
201400
522000
300112
213000
212400
100086
510613
523750
200083
315010
212322
510430
100031
510990
512026
523660
674100
45000
210022
266109
450000
100025
110015
362000
200233
200003
30027
250021
100061
230000
523770
50011
100032
410329
510308
215228
354000
16040
510170
524099
610036
528231
430072
300457
511400
710119
200030
518128
113008
300240
110001
511495
510620
518057
215002
215164
515031
201100
750001
100021
510610
510623
100088
201102
518057
110001
100036
450003
200335
417100
315600
110031
523768
830049
100013
200083
450052
361009
116011
710006
201600
200435
300384
570208
322000
365400
110016
29200
510610
730030
100732
512000
256600
523528
312400
430050
362700
116021
315040
518109
200438
100093
510507
650011
210018
312300
310000
100071
453000
100026
530001
200041
200942
441600
350003
366200
300380
266034
100027
310020
116001
100102
100101
201201
16000
201811
250100
250023
100015
315040
200435
266071
200040
200333
412002
830002
212322
400021
200233
56003
133001
221006
510610
710119
242000
610041
430071
100009
530042
430071
454002
518000
300381
200020
100020
666100
528303
45000
133400
250033
361100
200940
519125
518000
515041
231400
200011
215127
300182
332000
30012
518021
515011
712006
400050
610081
323700
570102
213151
519000
110122
100073
200237
110005
350003
100016
226001
300222
402160
450007
261041
350003
200122
610106
100043
511400
210012
810000
257000
200072
418200
300171
200233
201300
408000
518000
100024
300161
210002
100026
650228
528200
201203
200125
200120
300454
321000
412002
510060
620080
100124
200083
100076
215007
215321
528231
412000
350004
200093
401147
264100
637431
100088
528403
201101
400031
528251
110024
226007
101500
200126
30012
528400
515000
610021
711200
510623
214011
314050
201100
515000
710021
200083
100621
300112
300143
518048
200136
511495
528200
300210
100176
100084
201804
110002
518104
464000
310009
214073
266035
450000
200336
318000
264209
362200
510260
350013
314015
526100
528237
523907
10011
200135
551300
350100
101100
211400
215500
201800
364200
510010
200041
300060
518028
362000
200061
200435
361004
830016
570000
100021
211100
724200
200124
511447
210009
528441
510230
343000
100747
750004
430022
100022
528415
63000
830063
519015
266108
200435
100071
110034
755000
361012
510610
310018
300010
362216
510180
100020
430014
528447
350001
511400
313000
100089
215131
510600
300131
210017
430071
710021
100029
315400
250101
100097
515200
200233
100024
264400
130000
200245
210014
710065
250400
518001
519085
430015
402262
50091
100034
201700
435003
102200
100067
650106
200092
510613
200439
528403
430040
201100
518000
211100
325027
201101
727406
163453
517388
519085
511483
314500
521011
200041
300120
201204
450044
200051
450000
110015
131200
570105
545001
710061
310005
210024
200083
410009
518105
30009
236700
310014
430023
214115
200126
753000
130021
210036
610004
223300
100039
400060
300150
100005
411102
100088
100124
201319
314000
116023
528303
427200
528500
350015
100083
100041
200435
210005
450004
430015
523388
529100
50017
300011
215500
300113
214400
230001
350005
322013
264200
518118
730000
110136
517000
523690
518034
310004
215143
611930
210036
125100
102209
518040
610016
10000
118100
510385
341000
730000
201801
512000
222003
134700
415000
300061
200030
100075
518110
530023
161000
200443
102218
510180
512100
300113
223001
518106
518000
629000
200333
200433
523690
710077
518001
652400
522031
529700
266000
324300
200129
300131
124010
510440
362300
215213
515041
524022
112500
200137
201101
315500
523170
523949
665900
350003
350001
524200
100089
350003
212003
315200
201209
100191
310052
315324
50000
266071
516003
541002
100029
230000
450007
221400
350002
523936
541002
200235
100102
200041
100068
518108
528451
200233
421001
21008
441300
510407
31400
410001
315700
650021
214431
201101
535000
512523
201100
332600
200127
518049
100142
300461
610051
15000
116001
201102
215431
100195
266071
325000
201105
735100
100026
654300
215300
550003
610036
62550
100041
213022
200021
201204
315400
201204
100053
100083
410001
110027
201615
352100
130012
201204
213026
518106
528200
233010
510165
100102
519000
510260
518001
118000
471009
100031
214221
261011
150046
361004
110035
200233
315040
510640
25450
300270
530031
362000
529500
100032
201102
300278
100088
100021
400060
518117
37000
123000
201824
201824
100021
215300
200127
518034
100061
300381
100026
226000
510665
315010
316100
37006
650031
215301
21008
100077
266041
510000
621000
518019
300384
200040
518109
518101
200335
610031
200231
510060
300202
412100
214000
221000
200135
650011
201400
272000
550002
100123
330029
510080
615000
314100
241000
610091
628017
200031
430033
637000
518103
300380
511400
250021
710068
100022
330009
810000
201100
450004
361006
510623
210005
473400
410011
100086
325600
528478
200011
100045
519015
528415
857400
518040
300400
100040
361008
200090
518000
200083
100176
102200
226200
710032
300202
650217
200082
300020
30001
200001
201613
213026
528400
830000
200122
314201
450001
200092
110870
528200
300161
150001
250021
361000
430070
100060
330025
571900
523640
100006
422400
410205
245000
315100
266002
518040
200434
315010
310005
114005
333000
523981
341000
450000
201400
723200
550002
300241
310015
510425
330006
100023
110005
331141
100009
324004
300480
362000
300100
410001
100021
550004
100034
529261
114044
518026
201105
351131
518031
510663
266000
518102
100875
100083
528400
200060
100074
221006
230041
710025
201208
610041
650000
130000
201503
215021
100075
530001
610500
450003
200080
201906
213022
150080
212004
300455
350011
37006
523770
442000
215007
710065
518040
510700
300450
528000
100075
361006
530022
523560
315300
450000
644000
430070
214001
350003
611530
110043
519071
200023
215007
314200
518000
512500
114003
518034
200129
510613
214500
518049
276000
150090
65201
350002
529000
671005
200231
530022
44000
163511
350004
100022
100070
30600
250002
215500
130061
710038
361000
250002
26000
100075
201315
518067
101500
350001
312300
100070
100027
266031
528313
250001
475000
610021
725000
730070
610000
223001
75000
213011
100037
523850
201108
350001
313009
712082
523808
200333
201620
200235
214000
856000
201100
330029
10010
100080
750105
425600
537000
201202
637611
523990
471400
100038
215001
200120
543100
450000
100022
10030
528000
266023
100071
30012
214205
515200
100067
361009
100043
545600
516223
200011
518054
430000
748400
200120
310004
362000
410007
200333
435002
350009
511400
330200
528222
315020
100736
266002
536000
528000
625400
100007
400015
200052
201202
518112
410005
518103
100023
325206
362305
214028
100012
430070
100022
214001
130051
310012
163453
710068
257000
100022
410001
318050
322000
510370
530011
75100
12000
710089
400032
518049
200434
200125
215217
528061
430062
515800
571600
518000
638400
211106
114001
515653
510091
650200
300381
100176
511533
201721
110004
300110
318000
654212
201908
425900
710075
100142
637000
201409
650300
400060
200082
100069
100045
510715
265500
361009
516600
363100
250011
511300
200001
29100
200021
361002
265500
100050
250002
130012
201101
710006
100081
110044
519000
214061
163000
234222
300050
350001
710001
361002
510080
201822
430015
100162
730046
361026
518119
200120
45000
519000
543000
213000
321013
710003
100007
214011
300350
100176
117000
100081
100055
844900
215006
100022
510660
610031
301700
710075
435000
300143
200042
300052
214101
517000
200540
100013
325604
714202
410001
317511
727000
510095
221000
355100
200231
30009
518172
200042
200080
200120
361000
100020
225001
430070
530012
225000
556000
518040
402460
518001
200070
330000
130012
300193
130033
100016
215316
110024
650000
266071
201300
512123
526070
300073
363100
100081
322121
342600
200439
710100
510380
100027
200131
518110
330013
300141
101312
100144
518105
264500
114001
523000
442000
646000
100004
200072
311400
750004
515063
710089
526200
510507
510620
529400
471001
100020
315821
100088
211400
714206
100037
510370
510091
273100
300350
100011
200135
113007
201800
100600
650031
510245
510630
100142
210038
200231
210008
200065
110036
330002
610041
400050
210000
300240
362000
430030
211100
300061
215021
313000
100055
215004
66000
510800
510635
200126
300211
100140
242000
750004
200051
518000
518122
112001
201702
250013
100026
250001
518112
64000
262200
400061
102208
300010
518034
350001
150100
570228
350025
100040
571831
518102
610041
344000
100071
221116
361004
650228
200124
313009
200025
510620
510140
100043
450008
100013
215008
430080
110005
650000
310014
430200
314000
510403
200940
650200
30021
210029
100032
300171
201200
618200
200126
201100
214429
100191
528000
50021
71000
515041
250001
350001
214041
456564
362700
710065
400013
264100
214028
200030
214073
200030
201100
100097
201101
64000
536000
571335
518102
530001
110003
200137
361000
250012
510520
110026
528400
471300
524022
150086
312037
355200
100023
510600
200032
212001
310012
430031
518122
524037
511800
621900
212300
200126
710075
110044
400020
211100
230061
610015
511470
425600
518057
710002
510600
518121
710600
400038
443500
300280
518026
100075
650091
100191
100041
250031
200032
747000
510250
860000
610041
110004
110014
610000
750001
201615
325105
230001
526300
510180
200001
210032
523936
315300
215316
510075
325055
215500
510655
518000
361004
430030
201208
510630
362300
352100
225300
518117
200050
100004
100016
300101
457300
200127
361006
518000
361006
430040
214000
200042
200127
200001
610061
211100
150026
100073
518105
215000
510260
250021
300012
150010
100020
241000
523413
110013
100028
516100
130011
333000
200122
518115
201314
510600
610050
300457
213031
528311
200434
361021
132001
518057
315040
361005
361009
510700
214000
510430
200120
100061
100028
201101
710065
62650
312030
200020
528000
215321
361000
214431
213000
100043
350000
523170
730919
330039
50011
526060
316000
110001
404000
201700
310016
710065
110034
215500
276034
510240
750001
467001
100036
528400
63300
311200
130012
215300
61000
361100
510641
325200
225002
523000
201204
518030
511483
215600
201900
450000
215004
215006
730070
330002
200233
225300
677000
222003
515011
100013
213015
100013
523648
230061
839000
225300
210013
510540
150001
201822
201103
200444
200062
510623
315300
215002
710075
310012
610000
200129
100039
300052
100025
100071
510030
526040
314408
212013
200436
200435
213022
519000
250013
750001
100029
350001
611731
50011
14000
200941
225000
518053
315010
352100
361026
200125
201100
528100
215021
350307
100107
201209
210048
100075
350001
201401
200333
110003
430074
225400
362600
521000
629200
200062
400060
635000
200122
441003
201900
650021
63020
266200
523000
30600
110002
210008
572000
730050
362400
350007
528319
452371
224133
100037
201824
570125
201400
110035
362261
518105
361000
200442
110001
350300
210018
528400
517000
200436
100022
519000
100043
610021
528400
200001
200023
210001
201500
214500
518019
516211
201512
300160
518000
400043
100079
430040
314400
100036
710016
610225
529261
510180
519100
528000
200060
210017
570105
100101
100025
532800
317112
400013
518003
100858
37006
410005
100071
510850
518103
100029
215600
200050
515041
541004
100086
201906
518000
351111
213138
450041
523298
430081
201108
110166
100871
214062
200124
712000
100083
200031
201201
550008
110179
510630
518054
200082
472100
617000
430070
529500
250014
404000
430035
529000
350011
213000
31400
116001
101121
215123
214400
230061
200083
354200
100123
510030
511495
528429
300011
110036
518028
550001
50000
300211
200040
661600
210016
300131
654300
510620
215326
30024
518132
100088
518108
210005
361006
310002
530000
511500
430061
471000
510410
300384
518008
211102
100043
215128
330115
610021
100012
212400
315221
518172
528415
523770
450041
130012
518000
200051
518001
318020
315800
200129
200443
200240
816000
316002
211100
300457
510630
400021
528234
300220
14030
101300
510083
510507
250014
518019
100073
526100
200070
514700
253035
518033
300221
300170
221008
518048
30053
650032
100120
518019
314001
110001
264209
332007
361000
21000
546115
201101
430022
201907
518000
510600
528248
361101
430012
530000
212003
10010
250022
518105
510620
361000
261041
200072
200435
310006
430040
750001
16100
200433
610041
150090
410205
100053
241000
510403
537100
310014
100010
100016
200070
430030
710021
130117
518103
100039
200030
150000
572600
201300
726000
443000
266061
200063
230041
110026
511300
100102
350001
362000
66300
430051
225000
210008
100024
100021
100081
201718
200080
312030
510405
350014
512400
214062
102500
213011
201108
10051
200437
210008
215005
677606
518172
518055
350003
361000
350007
529228
518001
322100
100071
526070
410001
200052
118300
518000
362000
100102
30031
400030
830092
63200
671000
572022
542600
200021
100071
201709
859000
300350
32300
100026
300221
200439
650041
510055
300201
450012
250100
610016
150001
363000
310009
410011
325802
448000
100102
200090
243000
200082
110002
401147
518000
315400
317016
476000
510380
213300
300080
300000
366000
550002
515000
300134
100016
101101
100045
361004
528312
200124
610045
100022
100007
362000
443002
400084
50021
201100
201203
100102
200540
116033
215021
48000
530001
271000
510170
511495
511400
543002
361000
415000
610064
250012
201203
361000
650032
351100
225000
300042
510800
132013
37000
450000
200120
200081
200060
215522
200123
226237
523500
610041
621700
116021
221000
629000
510050
100025
518035
350015
518105
710075
402160
518052
200122
510540
315100
361004
710075
100010
100029
610001
110850
212001
310020
362000
654100
321000
300140
