310022
361009
355200
200062
300171
350011
200122
201612
130061
100025
201608
316000
230031
250022
350300
712000
516080
318050
528300
410007
530001
314000
100040
201303
300161
100024
200126
201200
100085
200433
310016
300112
102300
315300
610041
200021
528200
300200
518129
424300
230022
642352
50000
201103
201101
312000
266101
518104
110001
310000
100038
63000
56404
100043
518026
550001
363000
310009
164300
102200
231555
250031
730030
523592
256600
518111
30006
350003
314200
241000
710068
518111
410004
100071
132001
510800
510407
266555
233000
30600
650000
528305
410005
528524
518117
200233
201400
556018
315500
610041
572200
201103
710016
541300
518002
510030
454650
400011
316200
300381
350001
115000
225411
518026
712000
201100
200041
110002
412500
710065
100020
710038
528318
213200
266101
150090
200438
201800
518051
510515
200240
610213
200001
710086
300201
518001
430022
410003
510623
510610
450000
610091
201100
650100
710032
712100
110043
200126
201105
200050
636400
755220
412000
201803
530023
710005
266103
512000
518052
56001
710500
525000
860400
100081
201324
400039
200233
100007
102208
30023
201100
215021
122300
511430
214183
523701
116001
678000
510275
110036
350001
300070
510080
200135
257000
361101
523820
610041
725100
200240
511450
541300
10010
100037
528222
30012
200331
264000
442000
362005
114000
610061
50021
450000
518101
214028
518048
71000
100037
46031
116001
100871
200231
571533
710075
30001
857000
300400
810007
100086
100009
650031
151782
315600
430074
113006
404500
65000
223001
518001
300110
215159
430019
365000
201105
150080
116021
610072
710021
523627
510075
100191
510300
50011
215400
400039
100013
516400
410008
266071
100025
100027
528476
100811
300052
528400
410005
400060
210028
610083
17000
200432
471003
163000
400800
100081
215500
210036
455004
200126
200030
418000
200072
543002
200240
463100
530004
215151
830000
215129
430022
518054
525000
454171
528132
200434
610000
156200
100080
213000
443002
515041
63200
100083
266002
201107
610091
570216
233700
200063
518048
400020
510880
518020
200072
121212
200434
523900
610072
510521
750001
201804
650001
100080
324200
528000
250011
100054
511340
116011
313200
710054
213001
410001
816000
100193
528200
100076
266000
201318
510640
712100
311258
524001
200129
100089
201600
350001
232038
300384
200021
528251
350001
430023
471000
200080
210002
710043
650217
401147
100018
210004
215004
300161
471000
100036
610500
256600
421001
710021
201318
226001
511400
341100
735211
750011
518023
300221
365000
710032
100076
200072
100079
528000
213015
354000
200237
330000
518132
518034
200092
350009
325600
300113
810008
510180
100026
215500
421008
528311
361008
271000
830016
201803
362000
435003
710075
100176
528308
352200
200062
444300
518115
523842
232001
116000
523160
650224
210007
442003
100055
332000
201400
650011
210004
200092
528253
48026
518117
450000
115004
737100
116033
200123
215200
312000
312500
201600
410003
214000
201203
553500
212200
750001
110027
100045
400054
518031
100039
518057
200443
234000
515000
110141
102627
100089
200941
200032
200135
100081
550003
430051
236000
350001
215144
856900
200030
300193
441000
100055
27000
300457
201900
350300
50061
100083
300381
100027
266000
310014
100013
121000
523526
100044
510406
214062
150010
510220
410001
250001
110021
519015
100091
214072
400020
528000
30002
730060
650031
210015
116021
317000
450003
272500
300143
150010
464000
523768
200031
100195
510075
610002
100011
300102
518026
300011
200941
300241
201209
471003
710021
215011
300161
122000
100176
527300
214028
200120
314015
100166
430050
102208
519090
710016
710048
363000
430072
214062
610110
411101
331500
324000
300210
510620
50071
314300
317000
314500
264001
261061
200240
523220
650000
215335
362332
610041
300250
473000
100022
430056
361012
533911
210013
650032
510006
100045
201620
300250
550002
350005
30600
430080
250031
471000
510800
442013
515041
350001
710038
201206
100037
541900
315800
100076
430022
401331
214062
510500
523000
610000
570000
102208
361005
523881
363102
201204
100022
102600
214002
650221
518052
201303
100176
100085
528400
101318
230011
200050
250100
117006
430223
100043
100039
100076
214071
315100
50031
518111
410007
710004
510280
200336
510070
550058
528312
255438
110033
300162
450004
74000
100073
200433
300380
200032
100192
350011
410001
650031
610211
215200
110024
132000
510080
200025
265607
300012
511483
710119
350001
116000
100075
350003
362000
528415
710054
455000
201500
401147
528471
212001
66000
37000
510014
362000
523107
264200
200001
528248
510640
850000
721006
200030
201210
201612
110002
100071
523947
66000
100088
614000
100009
570000
529200
530022
215008
510130
100031
222000
530026
523450
650021
100097
414000
610051
650041
550002
214007
350001
102200
625000
100091
62350
100125
511400
430052
100083
224001
100045
66000
214023
200232
325000
33000
510665
50031
530003
510170
610041
213016
510370
541002
610017
650221
201103
201300
102600
362000
570102
510300
523129
200433
14010
200023
201102
200940
110005
100078
100102
100022
100086
211100
100073
150090
200123
310014
300457
350004
201613
515041
250014
510030
100176
300040
361001
100020
519100
264006
200331
300111
408000
353000
437500
325000
243000
518048
312055
710100
100028
225012
300221
355200
550006
410012
361009
50031
100075
102100
100053
200240
200540
201600
550014
430074
255400
315325
528500
214043
201400
300480
315191
200126
400016
310018
215400
421001
100076
300459
225001
100068
226001
200438
200093
63300
215223
300380
410015
710086
712000
519060
523825
200023
100085
510600
518020
510010
100044
241000
100161
200240
230000
250000
610061
62550
404000
150010
362000
200093
528251
200123
100176
678400
610081
350013
610016
537500
201103
430064
215200
516000
200120
350007
200233
710061
561200
572200
100097
300000
200051
213111
710077
214441
310009
730000
523809
113006
430074
200124
523000
350001
200442
250002
211100
201300
528403
201202
100013
518067
243000
511515
100000
351117
530022
523808
430080
200235
330029
610041
518026
510160
300050
201209
200051
666100
201314
212400
100166
443300
116021
30002
528451
214125
518031
200336
511330
110120
410007
363000
100165
453000
663000
201700
100022
518131
528100
510170
110004
518132
318000
312000
515041
529400
200231
830011
400067
102200
215300
100140
200433
300381
400030
150001
350007
150000
350001
200070
100085
230001
621600
510310
100085
300131
515500
214200
100029
518001
277100
116033
510380
100020
214171
200442
550002
361006
201401
610021
610081
116023
510530
721000
201102
510240
523587
271100
50021
315040
224200
116011
100091
215200
100029
150001
210017
528300
215011
200232
50081
100020
200127
100011
334000
264209
350005
510623
536000
710075
201615
250300
467000
67000
511495
522031
277000
528403
529300
350309
300240
200007
750021
400060
250031
100107
362700
518000
543300
102211
414000
100045
200025
101318
100020
511400
315040
100101
116033
450000
200081
530000
100086
300222
621103
100044
100006
201711
200031
518109
200233
200052
100013
354000
233000
200120
225009
528300
351100
200061
214071
526020
718200
225009
650011
200240
100037
100070
350200
831100
100044
350001
735000
312300
100027
510725
201202
100091
100101
510630
510370
518057
30045
414000
201400
830000
666100
510310
50051
363000
510080
100091
361026
528000
116300
510610
215434
518000
610016
610300
528414
332001
510410
315040
317600
443000
100048
570206
30012
610300
310018
250000
102400
510850
214011
201101
101500
200093
657000
430030
300456
650011
213200
421800
212321
201907
222500
515400
510100
510530
526060
100031
430074
650021
650011
226300
200540
361006
150001
201100
441800
510665
200438
100080
528300
471012
11100
150036
510530
100022
200060
646003
116001
458000
523750
511450
418000
200436
545800
100176
210008
100070
201100
255000
364200
100086
350004
214007
200233
30600
400060
330012
266400
310003
150020
361000
300012
325802
222042
850000
519001
450000
200233
515041
350013
116001
523460
523082
518125
100053
515071
528463
215228
200436
341600
710077
450007
100141
50000
361026
450000
211500
530022
450000
570208
201824
541001
252000
201200
210036
750001
201805
210000
710016
618500
361023
510420
200003
116023
225300
200071
100010
518055
201900
361022
215000
200437
453007
116600
210048
100007
300193
212011
314001
110042
528500
212000
510620
350011
100081
528300
710054
530022
100022
215006
450052
200020
314000
201600
570311
323000
215128
311203
201803
102600
200070
201106
300121
361009
226408
443300
514100
650222
404000
250001
423000
100032
351111
350001
350000
100007
430064
671000
14060
510120
200439
410126
100025
350001
730050
100089
221002
310020
210012
200435
100037
523272
653100
300452
625014
100044
457331
250001
529800
244000
30024
200121
512028
201400
300162
424200
200233
50011
110015
261000
511450
100089
63000
201203
200137
710061
277500
200092
201203
529300
518115
266000
241000
100085
315325
264400
518029
529000
510800
29200
230001
210014
528237
400012
518026
45000
215124
300245
201208
310012
300163
437500
315040
512200
401122
210037
412007
300050
409900
100081
264200
330009
214000
200126
523287
200240
361100
570125
523580
363000
617061
201205
510620
266003
150001
528308
100085
430022
510250
518041
510280
200090
510100
350007
200122
430000
100031
102208
201908
610041
200123
100073
361101
510030
527343
730030
843000
361005
310053
430070
361100
200431
742300
201108
100020
325000
400010
300193
210008
300061
523000
100037
200093
201100
314000
114045
200233
518105
300150
330025
510610
362000
130022
518034
200051
550001
518033
114200
222001
200435
44000
401147
315400
210046
200001
710061
243000
201900
313018
102208
510700
201500
110015
529000
200093
201700
361005
100038
201108
518112
201318
232001
100081
518105
100089
314000
361012
201709
551700
264414
610025
410001
510280
518106
710082
100036
422200
511450
202450
410001
314300
100021
200136
411100
300181
510180
361012
201103
404000
200135
50061
200127
518131
519071
50011
300400
610072
201615
201516
510800
200431
226001
130061
572021
100011
100041
510220
100021
510380
102627
401120
214142
727406
200433
350001
100096
100081
528500
511400
528511
264000
362200
362000
300010
100083
516157
317005
311300
511400
250002
133000
200137
200062
650000
200433
518000
200011
518109
100050
200232
200070
510075
301900
653300
100085
300457
30012
116100
710054
50011
200072
518001
75400
518055
137000
225000
518133
839009
610021
518010
610066
510000
266071
100088
530031
528476
100015
400038
300232
726000
136300
511800
523468
201405
201108
100055
528000
200443
200441
674100
201108
110013
266002
400051
543000
350001
529200
453000
410100
610036
610072
361100
237001
518112
201203
201103
610072
301800
530003
221008
528441
230001
364000
102488
637400
214414
200120
200032
315470
528237
243000
325100
541004
510370
550022
300142
730000
518029
617009
610021
610081
200030
350001
519000
710075
316000
518033
510515
300121
410100
530012
361004
310000
300222
361009
300459
710077
710014
518001
225300
351100
100016
518114
515041
712000
510100
116023
334200
200052
511450
313000
110168
518115
115000
33000
510640
300073
200434
510280
213022
363105
200126
210009
100039
610041
150000
529200
518101
200124
341000
510275
610061
351100
518103
257064
200443
100011
518048
210009
100088
110001
265302
100055
518116
350007
100020
518083
315800
310006
519000
200240
610015
200082
325000
524088
523770
518055
570203
30001
200011
417000
110034
100035
519000
430080
325000
364000
515500
510300
200442
200030
518102
200235
233200
528403
300456
450045
200122
510060
100070
543000
100089
134001
510275
737100
37003
528303
350007
510260
410001
201317
100025
518114
200070
30006
200092
362600
100080
213003
300170
511447
363000
100022
125000
400016
100026
110001
528223
300381
422000
471003
215005
100010
201512
200023
414000
201103
71000
100085
510510
315000
113006
200062
528455
200041
65000
201318
518034
210011
214000
425000
430080
212121
210042
200240
241300
530028
518029
210037
100096
518112
300251
22150
200090
200439
511400
710038
519087
230001
314501
210024
50021
201208
523071
561102
110031
200126
310053
430022
365001
224000
215300
200051
315020
100081
510240
310013
201708
529500
250100
255436
100020
523900
100009
230031
610016
528244
650224
510010
515800
710402
223200
213016
200433
536000
710075
362000
201109
527125
570203
528429
315334
528400
400021
200333
450000
510160
221300
313009
570204
350001
528251
200090
519055
213115
201401
361006
430035
317100
350305
515041
475000
433124
650021
510410
610072
100048
430030
528462
523079
321000
450011
300151
237000
225002
200335
200062
325102
75000
201702
50000
74100
430000
201800
518125
250000
518029
201106
100039
550056
100176
230009
165000
725500
665000
430070
200060
410002
530000
432000
361008
350101
350003
430012
100021
350014
50000
266071
610072
712000
529030
30003
518081
510288
100871
610500
200336
200941
50021
300060
201101
410003
250000
510665
100102
511330
100140
710075
200434
215300
533500
271000
100007
650051
110043
100176
100078
510165
721013
362100
30012
527300
471000
571133
213004
523520
214128
518111
100005
410007
710100
350024
261400
400030
100078
443145
362261
361100
427200
201108
361009
363100
655000
361009
221007
337200
100088
200030
200333
100089
212000
525000
310018
201500
100176
710061
201700
434000
518103
200060
100050
201812
215103
163711
414000
300170
410100
200333
100083
414000
421001
421000
312000
528000
362261
201806
361004
66200
210008
610000
510100
317600
201101
250002
350008
516400
225000
100043
200081
514321
412000
438000
250022
510640
529000
100190
100102
710049
430048
100600
200125
330038
510610
215300
210041
201208
312300
200082
410000
710021
100089
300456
210012
510620
714000
201406
511431
200040
510500
30013
66000
201204
523710
16000
200443
410014
200082
300250
100027
515800
523710
110004
150001
236420
200032
213022
310014
200436
430070
200030
529300
100162
200072
650000
100125
712000
215155
200051
430100
550002
610036
510080
100062
100023
200233
110003
24000
100022
300480
315311
330100
510507
213200
100004
226007
100009
200040
201900
100031
102206
518013
350318
100060
230061
100044
561003
200041
116033
353100
100015
200431
350317
100022
510160
750002
30024
100097
200123
510095
518057
300387
518172
214421
312030
430070
730030
510623
363100
528400
510220
212003
213164
856000
100032
322000
300350
30006
518000
710065
310018
310016
510540
201824
830011
200092
400038
215132
315806
365100
100061
300021
211500
221003
350001
310003
330008
116021
100075
300402
523000
100007
450003
510150
527343
200135
100053
528500
512123
100026
510623
313000
101300
100022
215004
110003
528329
100070
519001
214031
528200
410005
200120
130117
100007
510530
365203
351144
363000
230601
158100
211500
100029
200080
17000
518172
610072
310003
323700
315500
64003
233600
72750
130000
213022
210002
255200
200020
210016
315700
100123
518000
518111
100083
511430
300011
661600
214173
100081
100028
335000
201104
200232
300141
300181
201208
114006
528000
214001
130021
528306
550004
300121
200082
300457
362200
245000
150090
250001
215001
110001
646000
200080
201908
518126
201300
100040
200063
311122
300400
310014
571300
430000
100071
201713
201204
362700
530000
614400
510250
430015
518040
211300
201203
100037
430070
116001
100020
215300
201203
66000
200072
315000
37003
200235
30001
453000
100088
110021
518101
100080
521011
611430
510470
266012
201408
311300
150001
27200
311500
200062
100036
100088
100091
110013
100101
215124
550003
518103
100102
518049
461000
443002
430200
113008
100022
201319
130033
511515
200135
300222
610017
510623
362000
200020
100029
201411
610300
100096
515638
201600
610017
571175
100005
528325
201718
100043
10020
529500
100054
610041
100028
450000
300170
515200
315040
100085
529080
200438
200233
100040
124010
650031
100062
361009
410011
201202
624100
150036
110001
65000
510630
230001
714000
518057
528061
350009
518031
312300
610300
336000
300130
226371
201114
213016
610059
445000
529157
314000
200023
723000
300122
100083
100007
665000
361022
710061
273500
201203
276600
350011
317000
678000
255000
201700
312000
312000
100025
361000
315000
811900
514600
201106
231400
710077
110013
30200
454000
518049
100083
410313
100054
610045
100070
528000
430012
610041
100190
471000
312500
615000
300384
300381
30024
250002
674100
300456
310012
321000
200137
523633
361007
635000
430064
528000
430040
24076
200010
30006
210005
365001
610072
100121
528447
650011
272000
210044
365000
110023
518000
650032
276100
330000
310003
215008
511430
402160
201306
215628
210016
200030
300211
510080
201300
225444
677500
362020
201101
610041
201200
350301
200438
564400
210033
515100
510250
225508
528400
518083
100071
200003
529000
30009
450000
100089
30002
610041
310012
230000
56001
214062
316000
518004
200072
731100
325600
200127
300400
215300
200032
215000
510030
224001
528000
116001
510310
214073
210016
523000
518104
518111
635006
110043
125000
350017
528318
355017
201613
110015
210014
325000
215600
325000
415000
550000
450000
510260
363000
528000
100036
325000
750011
130000
330031
201210
201700
450004
213000
518000
518101
518020
523340
475000
510170
37006
100076
410000
250013
361012
471000
518172
201800
200131
300308
116021
110004
510310
264206
511483
100085
200001
100022
365500
201300
110023
214000
400050
300457
150040
214041
201107
450000
100086
200123
272000
430024
100015
100079
100076
201108
529030
56404
442000
710086
610106
100123
528400
116600
201102
610015
201802
100038
100076
610042
50000
325800
110063
200031
719000
113007
200086
710075
201907
100037
200052
528000
510080
225009
528000
710300
200129
225700
315806
834000
528445
325000
100005
110001
518104
610036
510230
450000
273512
710600
330029
325205
100043
214043
300074
844000
310012
530023
201314
100043
201816
641500
362000
325000
110021
213000
723000
210003
200436
100005
200093
300060
251600
363000
510310
214000
518000
400020
250121
200081
200041
214073
100102
210028
201700
563000
421400
436000
400030
336100
325000
201108
100028
61001
361001
551200
100007
100023
330038
300457
300221
518104
100040
100192
719000
50000
200232
130062
116600
214063
723000
37008
100025
150016
322000
443711
410005
400037
714000
510080
710005
212000
314300
100191
201101
310005
518000
150001
253000
528251
100039
530023
528000
68450
100024
350000
100068
200442
518000
317100
410005
450000
100820
570201
65000
212200
210006
200041
100055
629000
741000
430050
100004
528303
751600
518052
523320
537500
350600
100193
102100
528000
400051
200081
710043
202150
310009
610031
214400
150001
72750
650200
650031
215011
200081
530022
200060
132011
100142
130103
710105
528315
100026
510220
650011
410000
516006
100038
30012
300061
351115
100028
710100
677000
637005
200240
66206
831100
50000
518000
100009
230061
610041
511400
510260
266021
465150
510320
200434
200042
200433
430030
210028
21400
350003
200435
26321
110001
200136
610081
266001
350200
519000
150700
830000
200063
666100
350007
450000
100097
510630
321025
300387
414000
201901
361009
225000
364000
214005
518041
100094
710054
45000
266071
617023
225001
510620
201400
570203
124010
200030
243004
200129
510240
430060
710054
650100
315500
230601
350014
200093
610065
201401
677000
226002
710600
100102
523400
300161
200237
362200
200435
101100
471000
66000
443300
200436
315010
525200
101100
471600
310012
200010
529100
325000
523648
441300
110011
362331
200433
519000
610000
50011
510100
832200
525000
200062
400015
333000
315722
510110
262200
518108
201206
130052
450000
637000
527300
518108
315000
300072
100176
201300
201612
201804
510250
618000
50051
100044
510275
150080
351100
518103
201804
435000
518054
200120
200085
710003
518109
723200
150090
164300
300171
46000
200086
215004
211100
102209
150036
361001
201400
518055
30024
610039
30009
518057
430080
201100
300061
316131
266061
101300
200940
66000
30012
830011
362700
453636
200336
200126
511400
225002
350012
43300
551418
100190
751100
100024
350001
528231
528000
443003
200233
523710
430050
511400
450000
655400
100872
519000
200032
400030
510230
50021
100029
100022
201204
523770
518048
200030
315323
518102
430070
518131
264003
516800
473200
212008
442002
100101
200135
110002
250021
100081
100020
455000
330077
225000
246300
65000
325200
314001
671500
330006
110002
315812
223001
200080
201811
451450
210018
243131
430015
226531
510370
102600
650051
550009
200040
511400
214001
422400
510000
518129
100730
101400
214199
200023
200540
400060
312000
100028
361006
224002
350108
310012
541004
110035
201204
515041
125100
214000
653100
100020
713100
666100
453000
528462
100054
361009
518053
214400
518008
200237
363000
610065
650051
100027
110021
100024
201203
215300
201803
200093
100070
610031
410200
621000
300051
511495
610031
422001
100020
610041
510260
65000
300457
100068
355500
110001
300042
610000
621000
516870
150076
723000
130022
125100
48026
523700
100045
850000
225200
510170
66206
100005
200436
361009
116021
523787
510300
511100
200020
714000
211100
510370
572400
730124
67300
200126
65800
710075
200436
511400
100037
300134
533300
722405
710065
226001
471000
200081
518104
100192
350003
723000
210036
201108
100006
200333
530022
215031
350009
541001
264407
515041
518003
100107
310000
350008
200941
200042
200123
528139
250033
100101
100018
650215
111003
510630
450000
518026
511400
510080
528400
445400
200125
201311
100025
100083
725000
570208
100075
710075
350018
518110
21410
859700
100022
330099
610041
245000
719000
525447
200120
226400
200040
210048
150025
510440
266033
201208
472000
510285
262500
528100
518118
100020
250014
221007
214212
200040
300011
301700
154007
510630
201100
350011
100028
200032
110023
200245
730060
310005
430012
572600
321037
100049
518105
200082
361021
710038
15200
201210
110034
211100
518109
518000
435000
200233
200136
410005
441000
300250
100093
430012
710082
100073
50011
116600
56201
214400
529100
130021
200240
361001
351100
300161
721000
226400
201811
100025
323300
529500
519020
515000
317500
330038
710086
400021
350003
311100
518109
721000
570125
277500
200433
650032
450000
114100
100020
511338
213155
325060
710025
317604
510700
310014
518004
528467
241000
29400
723312
29400
214400
200070
214107
213011
331200
300100
300100
202164
519000
215011
677000
200031
215300
421001
100025
518102
200086
210002
215200
528100
10020
518001
301721
650000
710043
230001
643000
450045
510075
410000
202163
361002
362000
100102
215008
250100
110015
344200
471000
200082
300051
810007
100055
710068
100040
510630
516003
730046
200245
710003
200237
710068
200336
443005
541002
510630
350003
528251
102208
201706
210011
110032
133100
100011
710119
650302
75100
125000
510095
200540
325608
366000
100070
510660
132011
200051
201300
518054
201900
200072
518102
210006
200336
110001
100032
510620
510030
510160
570206
400084
100024
300011
710065
250001
201601
361012
210012
350001
414000
200093
201612
300457
361022
215011
325000
226009
276004
400001
710068
362600
201101
511442
510220
201619
56200
410000
100075
210019
30012
529700
350510
300163
100037
211300
730000
528031
310013
362271
212100
528311
450052
116000
300203
100024
63000
116620
511400
50035
200126
201900
200231
511400
528251
710016
300384
317000
225009
201620
510623
100076
250100
37006
710068
100011
816000
362700
48400
100021
430015
518053
100081
430030
201400
404000
518000
215326
400010
542800
519041
210016
102209
310024
611731
528445
350007
517000
316000
325000
239000
200120
610031
510375
250022
361102
816000
201114
518026
363000
136200
518010
330029
518001
100052
361100
100023
350001
710054
214207
610041
518107
200433
100020
550006
300452
710049
100192
654100
611930
529728
214401
200129
710065
201824
610064
213001
300451
332000
430070
530021
528225
50200
400060
637000
200438
200336
510600
215300
201204
528226
150800
100101
454000
100123
200443
712000
518131
100088
300170
300222
537100
510075
100081
510100
528200
300456
226500
510630
400016
225400
100040
450007
518055
721001
100073
450000
563000
100738
29400
200052
71001
325000
210001
214200
201615
510500
200235
338000
310009
276000
200092
453000
221006
213000
300410
100023
310005
150010
201102
266032
610041
200041
523870
201103
201109
201317
620010
570206
650224
563000
210033
101300
200071
510425
323800
650202
200051
100075
100004
300400
100080
214200
200240
130062
710032
518105
100176
515041
300050
200123
435000
710002
300111
430060
300051
210009
510160
300457
224051
215200
850000
100036
100025
100020
361002
323500
350003
518112
100081
100162
530003
310024
100078
130021
210012
333115
215000
510520
410003
102200
200050
515031
100076
200023
100020
300450
315041
200233
529400
200120
213000
518109
414000
350015
318020
201507
510100
30012
100871
276000
200331
266555
417000
210007
518057
523750
330038
413002
110034
201324
300110
430012
300191
510000
250033
37300
201800
430072
250033
50081
518103
750300
300160
361004
518001
150086
526040
510080
100029
211100
610020
450003
310008
230001
300457
430010
30012
300110
510520
710001
201318
266100
266071
421300
430022
100039
510240
100053
528200
351100
553207
226500
518132
201715
511340
325604
201403
710005
210093
450008
100027
300111
518132
215234
213011
110004
430070
518128
100075
100024
300200
400020
100083
310015
516001
510288
250014
312300
510620
350000
100025
528100
210049
350001
215008
710016
315806
730000
200136
528400
201601
310053
518128
528315
528425
210009
650031
610041
200940
314200
361006
518129
100021
100020
518067
528400
510375
712000
516100
344000
100102
200437
201203
362000
528400
611130
315700
570208
810000
518112
201203
250002
200333
710005
516003
100011
100029
350003
650214
529500
518000
350015
532108
255051
221002
215600
363401
300170
750001
350001
336000
410007
250001
100088
201200
438000
210017
266071
200433
250100
243000
650225
230001
510220
363800
201100
361100
100141
653400
410003
518067
710032
100083
517300
625700
510000
200438
201203
200120
523869
266071
300400
200030
100052
535008
200540
518052
518033
30027
246724
610031
200136
300191
214200
310018
200233
312031
830000
710075
214061
518000
519050
529100
200333
400014
50011
362000
450001
232001
200237
130033
200442
750001
100875
512050
200443
100086
225700
200061
200940
519015
610017
226009
256504
510000
510075
714200
201601
430050
450000
200040
415000
810007
200120
545001
300201
430071
322000
200232
12000
300250
311200
519001
36006
350007
510260
300450
102300
200083
200432
350001
100020
530000
755100
404000
523700
456550
650041
215011
100085
221006
214125
211100
550014
312500
528300
201204
528400
518001
100039
201210
518000
134001
510288
100073
454002
200237
300150
414000
230000
430015
523121
351100
511400
528313
361100
710077
100067
101100
410001
523770
30006
200003
518107
202150
518108
450052
215127
100016
528300
100027
410600
351100
410007
315313
150040
200000
350200
214002
410000
365001
519041
230001
510170
201314
518035
100021
30012
100055
712000
300000
100084
230011
550004
529200
200540
527300
350001
510600
363000
100028
362000
510610
427227
201100
523039
110014
361021
518000
400038
610091
435002
511400
201208
854300
518038
271100
637001
100025
510800
519002
510635
710065
215300
510115
550003
530301
430071
210015
215512
215021
363000
200042
410008
200003
430015
410001
200001
362000
610030
200063
50011
518116
511434
528400
430051
210005
315300
510600
201106
519000
266071
519085
528203
715305
100070
250029
210042
519030
529300
518001
350015
100067
100101
100055
350003
110001
30006
250100
224225
311100
300202
315303
510700
610021
362700
102100
526300
201103
214200
400023
300202
110206
212311
30012
230001
100052
510620
523322
250014
116039
747100
471002
100193
300300
300070
518173
510260
671000
541004
116023
361000
655400
311122
65001
100140
226000
725000
524057
250014
100000
212200
201401
310012
161005
510110
75000
410007
100095
100075
610065
518020
201812
570028
200080
310051
430020
510000
116600
200233
430074
523816
223200
510030
528203
315000
110036
200023
210028
201400
353100
100004
523080
225800
570208
310007
474750
201411
511300
30009
362000
201804
222001
528476
200231
518117
201805
100075
629000
511400
350008
710054
201204
529000
650000
510300
266000
362000
130025
215300
518057
200235
100026
50011
210012
541002
410008
430012
266555
438314
30009
264100
200032
215124
317300
510520
350300
528300
518102
300050
610074
300211
650228
361012
361003
528000
542400
528300
150770
100085
610041
201411
100500
200070
214200
430050
518010
510170
201108
201415
15000
450004
50021
250011
100026
650118
300181
530023
100085
201321
518105
230037
265100
518081
250002
352100
523130
529030
30001
530409
100036
430051
510055
100080
350001
231600
650220
215021
210029
530001
401147
150036
839009
266003
442003
200233
100062
350001
750001
116023
523477
361026
511400
311200
524000
100089
200082
213001
511483
555555
215300
518000
225580
438000
337000
201204
300193
710065
342100
529200
356000
200940
210003
100044
300203
201100
200082
100027
529100
400016
250002
518101
650228
510623
246003
100080
528437
674800
518108
671000
200023
201400
518001
200124
365001
214023
610031
655000
710003
100075
100084
325024
476000
33000
200335
211300
850000
430010
200127
201800
301700
200072
300100
226121
518001
50011
410005
100073
210042
411100
201101
100041
529500
311241
100022
363107
210028
102600
362000
100102
200335
400010
550008
518053
542500
214000
550002
453000
201805
712000
518110
100016
519085
30003
510240
518049
710043
116033
41000
450053
100026
528400
225002
200137
230041
523200
473000
518172
30000
350202
518053
100007
300151
523932
351100
100045
510288
66200
351111
650000
322000
518052
100102
100085
310012
512023
350003
33000
201317
110041
510315
524033
210037
100124
200083
53000
100078
315807
110015
200051
201315
215400
200065
65000
518102
65000
100021
201620
200941
402260
513100
210042
530001
150026
528200
350001
300060
200441
353000
100085
336000
100070
271219
528000
110003
110013
215300
621000
100020
448000
210005
200335
230061
336400
100027
518110
610047
473000
100049
130000
414000
310052
518002
264209
100022
671000
510260
510050
61001
200126
215155
200443
551300
200025
50000
200030
438300
330006
300111
553537
311500
519000
350002
312000
116001
518108
200136
30009
200136
510180
610042
200011
213000
362005
200042
236000
100176
510655
310002
150010
100013
314204
324004
200120
101300
215028
710065
610041
100027
200023
200431
710016
116001
50000
110043
751500
200040
814100
266071
570000
325000
510623
30006
311400
300240
210046
467000
721006
710075
400016
516006
100026
100029
546800
225007
50051
310016
523820
410003
200042
200125
710061
518000
400031
365000
361022
727100
214035
610041
650021
100176
250001
264209
528200
430080
511400
730000
516006
201802
313000
510055
518110
214035
524005
201700
518107
400021
200124
710068
102600
15000
361006
710065
730030
453800
710065
200126
130022
201104
100036
610000
410007
317500
712100
530031
528421
341500
300201
100025
50000
200125
430030
100086
361021
545001
200333
100102
570203
222001
110015
214046
518003
100088
215300
650032
100123
528467
130041
300450
518000
528500
570311
200070
529000
63000
122400
352100
116011
410000
100088
100036
710119
200125
200070
515000
523565
110001
201112
100016
201303
201515
710061
100097
511400
513200
325204
410001
518028
100102
201318
200331
730050
511431
430074
101501
100044
528000
518054
712100
201605
321400
430072
316100
200135
201800
430060
53600
46204
201906
276300
100007
310012
430060
211102
226001
515041
201204
610041
221006
610100
116013
661000
678400
519000
226000
10010
450000
355200
300181
215424
430070
350001
201611
100080
523290
100080
336000
526020
350001
201201
430074
610036
610072
201900
100031
300201
510310
518081
110014
215228
225323
233200
300110
200124
710021
100034
100088
100016
200072
510180
200123
300450
836500
614000
610031
518105
101300
215001
710049
430080
453000
215005
529200
201206
361012
201108
730070
523856
526040
250011
100055
655600
100022
518057
200120
315400
250013
523858
610051
100142
100176
314400
510800
200540
100088
116016
510095
300450
430022
362000
637300
50011
610016
510260
528421
510168
518128
362000
514500
430080
200331
519015
215021
511515
100029
100016
350011
201906
201200
410006
523560
519090
110032
400030
266300
100032
300191
213116
266071
523846
50001
100091
100176
450003
431600
300134
214128
405900
230051
333000
30001
213000
510220
50061
810001
300071
50011
100070
650224
518118
400015
100021
410015
264000
350124
618000
200062
30001
212008
255100
430060
621000
201800
201402
201405
518110
410000
519001
528211
518001
510288
214062
100038
830054
541002
30001
530031
300457
528425
221000
516133
523787
213000
211100
537000
201514
518000
100016
650033
100029
510000
100088
523077
410001
515041
100021
312000
412003
671600
301800
518172
300113
200061
200335
363000
400047
528437
200040
423000
361012
519060
511100
266000
65300
830002
510120
71051
300400
710077
201112
201206
710001
515000
100081
518001
100041
510440
110034
518101
315300
361021
330039
350007
530001
401320
100076
830026
510550
266071
519000
200090
510760
472000
362300
272100
100037
416000
510420
526040
518002
226001
150001
523842
518103
72750
201603
350001
200233
200063
343000
518055
610091
200233
312030
510700
300090
300111
518028
201208
201814
400039
311202
210009
100041
100040
312000
101407
518000
210001
155100
300131
100015
201411
364000
100192
730050
201103
610017
350001
200434
350001
201206
518102
201111
350001
350000
100101
200032
614000
528459
528333
30002
100035
300400
22150
214007
430064
518019
100097
473000
461670
401120
100062
210037
618000
448000
200120
530001
201100
200120
330001
300070
130031
610015
529500
510640
610041
200232
200060
100070
516223
300072
510735
201300
471000
100022
650231
510310
610000
64108
715300
610200
100041
100041
214023
430061
430071
454650
101111
536000
510730
200090
315010
300202
810016
200125
430051
201204
510403
215421
430060
511483
200438
130000
100028
528225
618000
226500
201802
300073
100027
100025
201103
310012
430080
225300
315040
443000
450003
650000
550004
113006
100004
200125
450000
610066
315100
524000
552400
100166
50000
610106
350001
200050
400802
225300
266113
712100
528247
450000
430012
712000
250014
312000
361000
300130
100054
200136
650021
510180
750021
364000
510600
332207
201802
518109
210003
215000
528000
100084
518004
528427
210015
100044
200333
434000
518023
215007
200540
528515
410014
415000
215007
225300
523620
610041
518048
200120
610000
528333
100085
430060
100020
100016
230051
410004
114001
511462
518000
614000
100054
310022
30012
230000
163458
350003
518112
710054
315040
518001
854000
200060
200443
570216
226100
300100
201100
710077
100192
200023
221000
830000
154007
515800
350205
201800
201318
518106
243000
100022
518105
518124
528451
100025
510150
314200
100076
310009
402368
362021
100009
110011
114200
325000
730000
529300
661000
453000
513400
519000
100193
810001
526100
518000
514300
322000
100052
610036
400010
100028
310012
300121
100013
100140
330000
100089
200134
50011
529200
541001
212001
518131
215300
210017
200233
214400
210012
510600
527200
150001
430060
200125
214072
610200
230001
710048
256100
201413
430074
201802
230000
200082
523688
221009
30002
518048
528400
100026
210002
351111
211512
