241000
100021
719000
30006
100020
200333
361000
351154
100101
550001
215128
100029
200042
100142
516131
271600
518106
410007
202150
100022
510700
100024
200050
200438
519070
361022
528400
100041
200435
200136
100022
518053
200441
753000
430056
434100
241007
650011
430000
266000
201203
100055
414000
233100
814000
430000
361001
100862
315801
730094
528000
214031
362000
400015
100086
510010
541001
571100
518057
50000
523710
511300
201108
100036
201107
100029
400800
610031
100024
401320
200129
200011
201600
14040
255200
538000
215300
213164
410207
116037
212000
100043
325606
621900
551300
100009
101107
518109
225601
230601
100085
225261
200233
350014
221008
528000
200333
10010
201206
650106
430064
100062
528311
100068
550004
366000
61001
200331
200135
200002
610041
518054
323317
201100
528400
518112
100026
100102
271000
637000
100026
730000
518052
200233
400015
200438
518055
519085
100037
353000
510400
450003
430074
250200
200435
200080
518110
610041
511442
332004
100024
421001
266100
453000
100075
410001
400050
300461
510800
300480
100176
300052
300052
536000
100084
71000
200438
250100
201100
510600
315812
635000
350001
100015
510663
100024
48000
350001
215300
201203
225007
253400
110011
272100
530226
116085
266000
510140
430010
526200
130052
361006
510010
100038
545002
200032
525000
836600
215129
518103
333000
518000
510250
276000
465350
100083
30024
430057
362200
100006
510800
200129
518010
430074
200434
518129
200442
350322
300130
210015
100089
252000
515041
201106
519000
354302
519000
16000
529000
510800
100085
300222
30001
201300
71000
100071
408200
200135
214101
325000
200082
200051
536000
100070
430074
100102
100061
300193
610017
410000
201700
450046
100024
671400
300150
200335
361009
518034
130012
441300
510660
330000
510450
63300
214026
410005
510545
510030
130062
350001
201400
518034
277000
50000
266071
150040
518105
528500
515041
100022
150001
300450
32300
652500
200062
130024
361100
100080
114000
66000
710077
325001
100070
518030
200093
300161
201400
550002
200127
201103
201200
300072
523820
116000
100021
610031
300150
510250
610031
363105
430051
256600
200435
330045
325107
611830
511450
451191
400060
100102
314400
100022
201206
100010
325200
745700
150076
100053
753000
410078
30012
201102
317100
201700
317600
130000
116013
514031
815000
675000
210003
421500
422004
200090
110034
201900
200333
541001
215127
226100
443003
526040
410005
400050
150050
265400
101117
215000
162100
200434
430056
200439
511340
215519
100096
100075
201201
832200
536016
200061
362000
430073
413000
200060
100872
200127
100054
610051
101113
518034
215400
10010
67500
201518
518116
516600
121000
250100
515041
350300
200540
610021
200336
201713
410015
200137
310001
528300
200433
100081
100010
100176
100020
401121
710075
100024
200432
361006
154101
100089
201100
213000
230601
61000
510012
400042
518104
350003
311200
100101
100011
746500
365100
100176
200063
241000
100084
570228
350001
300210
201103
518000
300457
100062
518020
528000
361021
266555
300381
210061
100088
200092
317500
510000
201802
11517
563400
100075
200041
200232
510620
518108
230001
300451
610100
528455
210005
518000
430022
361100
710061
400050
201801
100032
200122
350000
810001
850005
310012
210016
751603
201206
100011
361000
300456
350025
364218
313000
100062
430016
116021
518111
100039
519060
100084
210015
300222
511340
30003
523415
200031
201100
116001
225009
710075
518055
150010
528211
510000
518048
325000
510280
529000
300070
350005
200131
527300
201114
230031
300222
50000
37008
528467
528305
210002
264209
100032
430000
100041
518081
518000
556100
710021
210007
332000
510655
226692
300387
200081
334700
118000
530022
710061
516001
515146
100088
212001
200233
529000
362700
201805
408000
710086
201711
215123
523000
100738
350014
102249
650031
510030
136300
201300
322000
200041
131231
215600
210089
528421
300191
543002
266000
225002
100028
518038
214018
266071
412400
100022
310003
110044
100068
232007
226001
510600
100005
315511
63000
315332
300122
200335
710021
225200
430072
518031
300171
201402
523450
530000
518023
225300
266071
200071
550002
518172
816000
529000
201602
310018
124010
650220
830049
430000
518129
200011
350003
301600
200125
210036
471000
524037
400020
730900
100088
300451
678400
311200
201114
322121
610036
215625
100041
430023
100192
430072
200120
325800
210000
215500
201108
300457
230000
250001
515061
152000
100010
317100
200233
430073
518104
510220
200442
523951
430070
201802
518121
525000
100076
834000
211113
311404
100039
528400
518126
518128
721006
130012
239000
523500
50081
362000
100073
100076
100176
100083
510800
570102
629000
66300
300250
200063
300052
100062
200071
300222
230022
100083
201413
541900
100192
317000
518029
361005
210007
344700
621900
528400
528226
518000
200040
550007
200035
523520
571539
361006
730060
201100
518026
100079
830011
200093
210002
611730
621000
100083
515041
518048
362200
511400
678000
264200
313028
438000
430061
201708
100068
300060
200231
450000
110032
214001
201600
100069
100082
510620
529700
518102
730050
10030
201702
518049
300232
200336
430064
438000
332005
325025
317500
318020
266071
430079
411201
230061
14060
364000
363100
430021
472000
510230
423500
200237
213022
255314
100029
610041
100176
201203
523000
650302
710004
519015
266300
250002
334000
518102
214001
510610
350003
150040
201204
430050
200235
361012
225127
529737
518119
610061
200126
351146
402660
510240
215127
610041
510045
400060
572011
211800
361009
810000
315000
226001
200090
410007
317600
215300
100018
211515
412002
351100
610041
511495
361005
135000
710068
201615
450052
530021
650108
100078
224200
528437
131200
100053
529100
400050
523000
246001
100043
710068
215021
452470
511340
518000
215300
100036
100076
530001
510655
200231
150009
529200
130061
215200
210098
361004
241000
102200
510410
518124
201803
200001
646600
463400
518060
843100
523690
410008
200333
860000
610041
730030
510288
215300
261041
361008
710065
519100
410008
215400
100070
510010
652207
300041
201824
100024
200072
200011
314100
214177
430080
610039
201400
350003
212113
519000
27200
63000
100190
523460
200237
412000
610041
458030
466000
226009
430060
610200
230001
215000
518104
210005
510640
215200
510176
473003
100025
541004
722309
430072
250001
300452
266555
350300
310030
300220
200435
528425
201400
400038
714000
200052
100016
471000
450000
210000
230022
513300
430010
201105
100088
519000
450000
528300
200439
675000
518000
351100
543002
529500
529000
315038
210037
201900
710068
223900
330046
100061
325800
400020
430022
310015
226001
200122
570000
130061
45300
516600
518172
100022
716000
455000
430023
300380
351200
213102
300384
312000
516227
241000
545006
352200
225800
518036
510080
75100
529000
530413
50011
400050
519002
409900
350000
50031
214200
650031
50057
400060
471300
563300
401147
430080
430000
200065
723312
510430
300230
410001
300060
650031
528300
100041
100076
224005
200030
410002
710075
350001
518115
210012
200020
510620
362200
317600
353000
200124
21500
361009
215151
523000
518001
230031
266071
316000
300384
100052
300400
116023
213161
510600
300171
210003
350001
201101
121013
210002
516211
100102
510540
453400
316000
200237
310012
200136
310000
154002
100040
100176
100076
100023
430080
50000
510730
730000
266071
361022
427000
272400
137100
34000
200032
351100
671000
528445
417000
250014
201209
430073
30001
201109
201109
528000
100053
646005
518002
215000
510040
618000
510000
350003
529100
324115
215300
361103
528303
515139
300280
65001
409000
516700
30021
100048
321000
100102
650200
102600
510140
677600
730000
200123
529725
330200
545005
464000
518110
250001
201601
100007
65000
100012
330024
430070
100036
511495
523850
355000
200120
100025
650041
510730
200122
100161
200333
610041
201108
518084
201206
110001
510510
516081
310013
400043
300142
417000
515041
264300
214174
200032
300220
116021
200434
518057
518053
535000
454000
100192
528061
671003
518000
563000
516001
214200
300381
100045
350001
615000
412000
212300
250001
213003
442000
361026
201600
100040
300161
201101
518001
610031
519100
214128
650118
317106
100020
200090
250002
430015
212004
100007
515832
101100
251900
361012
65000
430000
100027
675901
610021
215316
100871
314200
430070
511495
710061
362000
214431
362200
200333
442700
300450
415900
362400
215000
610036
201100
610000
100005
215500
517000
742500
30600
276806
201400
753200
130031
116031
201112
510800
528500
230062
430079
100192
414000
361004
528223
201900
200120
214000
17000
201208
200949
201705
200021
750001
150001
518107
362014
733000
300201
221008
200439
266035
535300
214431
322000
200020
201100
100191
200135
100089
214183
201300
312000
353000
430000
528415
200135
361004
518001
510900
637750
325003
110015
425500
516002
100038
750001
100143
672500
313000
53100
322100
210001
200129
100075
210005
200123
100029
570216
317500
271200
317000
200063
519085
125000
200331
14030
519000
511300
215011
200070
50000
858400
201102
215000
250001
730030
350009
521000
100195
200082
400715
518055
723500
102218
726000
200439
201700
518038
30003
510075
215163
213002
618400
400054
110015
519001
730000
200080
430019
239001
550014
200001
523850
200120
650302
411104
510406
215600
100089
210036
525200
100020
200127
312000
30002
523997
223100
200335
201408
30401
510220
215021
310000
241203
510050
510010
110002
518102
312032
430415
401122
100096
100107
421001
710119
614800
350004
518045
350001
665004
210004
361000
100140
201103
431600
214000
637000
617016
200433
214071
130021
518001
100083
210018
518172
518083
350119
312000
300241
210028
17200
518002
210009
325100
528305
201814
518000
463000
523682
515100
408200
710048
510000
223001
210037
311401
528415
116031
518000
512000
621000
523003
518048
312367
710100
10010
230000
361006
412007
523960
518101
255054
674606
523000
72750
443001
100068
410000
528429
450001
411510
323000
523710
201816
524051
310006
361100
266000
330002
610036
710082
210042
210019
350300
224401
518034
200237
315400
200433
201600
276800
610041
511490
518122
710023
214522
528476
621000
610000
650106
230013
430060
214000
510050
221006
518004
215021
201700
215300
711600
100020
511800
201620
200063
201802
523200
528234
200331
528244
116600
100012
810000
200092
200433
710075
333200
300190
430050
300070
528325
510100
201206
201700
50011
100027
116001
518048
201613
50000
102600
523448
200120
300480
214028
150006
516120
510250
404600
200086
644007
200122
710200
300000
364000
100080
163511
274100
300150
519020
621605
100075
200434
523077
314000
402371
471003
200135
315012
530000
201801
200080
430074
330008
518112
233000
201713
200237
50021
200234
350001
850000
200442
200336
250033
510405
510095
430014
225321
518103
100101
321100
213011
200241
201600
516001
200135
29406
850000
200136
518109
510170
215301
750011
210005
530001
433200
300459
510275
410001
510500
200083
310018
200233
570102
400010
215021
300450
400030
201101
131115
100070
614000
538021
214000
300050
400037
471000
201620
110180
361004
230009
518103
322200
518033
350200
300451
362000
215131
412007
300451
365000
518126
201100
710100
210009
213000
158100
250101
241000
214000
300400
100078
221002
361004
412007
100029
250002
541001
48000
750004
400060
100081
200233
266011
410007
529200
210007
100107
201712
511600
241000
201318
201200
200331
410008
300192
100069
100022
200237
300457
430023
510080
200336
100029
100007
650041
200120
200434
50011
215200
412007
225323
650034
325200
518034
518019
215021
201802
312300
100040
311300
215400
138000
201203
100055
314100
529300
671000
514031
66000
650051
510160
315040
315020
511500
201105
102100
512026
518103
100052
310030
315420
100055
200093
712000
257061
211700
361006
321200
351115
510370
315806
200240
110005
355000
200433
730000
100022
110032
350001
610064
315300
200093
200120
41000
201201
100015
719000
529536
250022
523000
545005
201100
100738
300090
215500
255200
518048
528000
201403
100070
100071
511470
518102
528200
610041
338001
652800
221006
250002
100005
215000
100061
350001
361008
214131
518129
100011
110005
410003
30001
102300
17000
511466
830011
201103
430014
211106
210001
518023
350009
315728
100016
364000
110026
100101
123000
471039
200062
125100
471000
100190
510030
400039
511300
213000
545300
72750
450000
666100
230011
453200
400011
518117
516008
610031
350005
400060
212003
201405
472000
100197
250014
513053
528248
100082
510640
350001
200237
518126
753000
310000
518100
75000
246001
430010
210007
518033
448000
250033
350003
610017
462000
200434
362300
200431
650118
116011
157013
100600
100872
315600
100005
712000
310003
100086
100038
528403
351119
650302
553000
200072
100102
610041
610041
214421
511300
225200
116011
430056
450002
354000
210009
362200
523770
410002
200436
200135
215131
250021
710075
410007
315600
450007
100044
236800
215000
310004
130103
434034
61000
201600
276100
510280
710068
300200
200051
510080
100020
116041
161005
100015
210042
518067
510060
518048
475000
401147
550009
200241
321300
518000
200030
518102
400042
362100
211189
410016
710061
210009
830049
201800
530021
300171
510620
518102
200061
404000
510830
102100
661600
363000
511300
241000
200090
210038
400039
636250
710000
545200
116023
100103
200940
519000
100048
610023
610000
214035
100022
100084
518017
200137
301800
200050
362200
471001
519020
610041
121000
241000
545001
264300
100032
361005
730100
50000
124010
510100
214199
30027
364001
201901
570000
100026
361012
200131
430032
200129
210000
430080
510120
100055
312000
210003
437300
710032
300011
116600
361021
310024
150005
214401
366014
71000
516001
518062
200070
710068
571100
518029
201203
29200
246400
624000
518038
518026
653100
30600
101312
214200
450008
215300
100080
450004
510000
100009
300452
510407
210017
200032
519085
64400
350011
402760
310019
10010
626200
200080
200086
63000
311400
241009
100085
400030
215021
646000
100191
350007
325200
201700
212400
300131
515300
250001
201101
518102
610041
100053
361001
150001
518055
100035
100007
230001
300070
200041
230031
201401
200442
110002
201103
235000
430015
510080
315408
518116
50011
618218
300051
201812
311300
300200
750004
210008
515644
351100
300134
510630
311215
541004
100080
510055
528061
200237
650000
210012
201206
214100
100077
511400
255000
300100
210036
570226
210017
121000
300204
610072
315311
201906
200231
100083
100007
510300
710089
110024
221005
710065
362005
230061
100040
214500
361000
434100
650021
400025
338025
300221
110036
535400
200071
225300
523860
410007
532100
110032
201900
100027
366000
239000
514000
200436
200086
201204
528300
525000
410007
214000
201612
100071
201400
250011
100027
421002
528311
250001
201102
215000
30001
400020
63200
64200
44000
528000
30001
650302
200092
510655
100095
200000
515159
214011
201900
200032
710124
523660
710054
201102
100027
201312
324000
650100
530015
511483
400011
201900
661000
157412
518000
510288
200431
518102
528401
510515
300192
430020
300450
750306
101500
434000
277000
410200
212004
635200
200086
102600
510500
233040
100022
100176
325000
266000
314300
200437
201900
100072
510500
300381
300112
300457
710000
335000
200333
610051
200070
518001
50000
100075
510420
361000
350400
450006
362000
510660
710007
200136
510310
445400
63300
528400
24000
100055
100075
226551
100039
354300
400020
10020
201206
325000
528100
201901
310009
518172
221007
26000
230601
100085
201616
200237
100021
30031
400800
214071
417000
310011
528252
726000
363000
458030
510310
200129
100080
100028
210004
430070
518100
350000
116033
515000
710086
201100
300051
201900
274000
225002
515041
225300
200032
714000
750021
430017
524000
100031
710004
518000
213119
213000
200232
100016
411100
330046
213015
100071
610016
100075
300182
100053
528329
110021
515041
518116
442000
30009
315010
200540
361012
200233
518124
362241
215213
100193
100022
225001
300222
300123
200333
528300
226200
518000
200072
523850
523000
513100
210029
100037
100078
417000
201103
64200
200122
364000
730070
511800
400042
519000
350501
641000
200040
710100
200136
65000
710065
730000
300011
241300
200065
730030
834000
518047
518122
130012
430074
361008
518057
200021
100062
641300
314000
201600
620010
250001
650018
364000
530023
300143
200443
71058
201204
361012
200434
100071
100176
100143
200000
528415
200233
201615
310000
215300
363005
510180
201108
529000
471003
300456
350009
100140
810008
200331
201103
361021
200126
430040
300451
528000
350003
717200
350003
266001
300480
201103
214028
518040
362000
730000
200040
200233
100005
200433
201613
200120
200240
110004
230031
310009
226001
201600
200438
201315
250001
363000
100101
100041
100017
100801
201814
518027
210029
430040
200070
214421
350309
215000
100011
161300
211100
710043
430000
528425
100076
213000
330009
311811
10020
518103
135000
210008
610000
250001
230012
362000
515000
100051
110023
116023
116001
400041
200031
201620
523290
365100
215000
641008
666100
830016
100027
445000
518115
733000
213001
510620
528000
300452
410081
450003
511300
100039
266071
750001
200062
518031
201108
511400
300122
618300
201700
101500
213011
200020
100023
100083
650032
200093
528315
510300
101119
201208
353200
200127
100022
510610
200442
200011
100024
610021
200333
200129
100022
116030
201600
510620
610000
364000
300112
154800
519020
523850
510010
518108
410002
300350
200062
224222
512026
350001
110122
200031
200126
201512
510100
510700
214151
213003
225000
122000
100083
30200
50000
100028
570203
200082
24519
671000
518023
63500
215316
214423
350003
100070
361000
100192
410006
200434
201805
610036
266109
214000
200063
225002
213033
300454
571101
100176
410006
636000
402560
102200
300050
100083
510400
310003
26000
201318
351152
611731
212000
211113
610016
102601
550200
102104
518001
675000
200127
315326
130021
252000
523520
730000
653100
510320
430080
518117
300020
330001
215300
325600
30003
100083
226007
712000
350002
48000
100125
400023
226200
200234
200940
361013
362700
510010
310012
551800
515041
550002
200123
430000
201206
572000
360012
100029
200435
300102
30600
200124
261061
215300
100853
200233
324400
653100
523160
210009
110015
200439
430081
350319
110041
570125
518057
450052
201615
317000
100013
451450
510288
215000
421002
518125
350000
310024
213011
361102
361026
453000
200122
200002
401147
530100
430072
124010
617000
100031
215011
100081
650000
10010
626000
523700
100101
400042
330001
225527
224600
200940
518109
100096
200431
200125
65000
518049
610031
350001
100020
155120
200438
213001
678000
210012
550002
363100
215228
325000
710054
510400
361004
212000
213026
510800
201203
510160
30002
524094
350007
201202
30001
528200
210008
528000
361000
232038
200333
100070
100044
100089
250100
201506
200444
361000
323000
362000
200129
100024
300200
27200
200083
102600
530022
300102
545000
100025
510275
150016
550004
325600
200438
10050
200052
300150
300110
201301
300384
100102
530022
317000
510660
516400
130062
300457
400060
523660
201300
201204
518112
719000
102200
211800
215300
201100
510410
100071
130012
201103
200063
43801
650224
518023
518000
610000
817200
528315
610031
100029
410011
318020
102208
300110
226400
201315
650032
362246
100176
750001
510095
610068
541004
430079
200335
528000
570203
610041
201112
100872
528400
730000
201317
519015
255200
400010
528500
213015
610041
361006
215021
362100
200061
201401
266111
518054
30006
300222
518111
350001
201805
450000
652100
528467
65000
300111
110004
100016
100007
250101
610072
518109
214002
215009
150000
410100
510220
100085
453000
750001
529400
100088
310007
430070
200137
201708
430050
710086
30001
200435
536100
430070
675000
430074
518107
510080
300061
361004
710018
110032
201201
121002
233042
750011
518103
511100
710100
529200
100050
213000
350015
100054
201208
545005
210042
300020
518172
325000
511450
200092
510250
610031
100029
200439
201102
610041
200129
353400
511600
110034
510630
225300
518067
236041
100026
710048
430080
510100
201400
550008
450000
510515
100010
843900
530001
712000
210028
350011
261000
211161
523930
54109
201109
130033
523980
110023
528248
710054
200438
161000
530022
315331
200126
300000
311241
200435
570000
350011
200030
201801
114010
100193
830002
671000
322100
201804
201300
516211
510010
362000
710025
163416
528300
300072
100020
510430
200093
200233
510160
212324
226200
443000
201200
116023
214000
271000
100004
100083
325300
400030
410126
610023
518115
272100
361006
611430
300012
550002
250031
300110
510600
400030
810000
201800
200237
201805
313000
115100
410003
325603
450001
150010
100020
200120
300160
528425
201702
350001
100123
523076
622150
510120
232000
215600
210006
201314
519015
250000
510245
301600
10020
235000
150040
450000
355000
300170
10010
438000
201210
651221
215128
224000
222006
361002
518104
56201
430000
100084
621700
361012
201100
510635
430074
201708
201100
315040
100020
261500
510160
214403
100025
518020
450007
201619
100022
528400
250014
518057
211164
215007
510260
550018
737200
330002
215200
314051
610041
400020
401120
312000
110013
266033
212001
266071
210011
518004
100089
300122
214000
400010
225200
200042
830016
422400
518131
45300
100123
515041
111000
201711
610031
200235
363005
610072
523981
518116
100027
518048
732750
325000
541004
30013
523940
355000
331700
730030
400015
100190
733000
133000
100018
510000
362200
250001
529000
250012
214112
200137
361004
100084
201316
753000
550001
100061
322200
462000
45000
719200
201702
363107
350001
511400
434023
50021
528400
511400
250013
250002
430000
50041
265128
255434
830001
250021
710065
213161
610041
271219
550000
210002
510310
100084
110179
100022
810003
230601
511400
215500
443000
215334
450000
200120
200030
200444
315500
210007
300000
710000
518000
643115
100051
350106
242500
710002
518081
200433
361012
200433
525000
276826
100048
441000
723000
102200
14030
521000
200065
210029
200335
322000
362000
250023
100081
110003
310020
450001
200070
201203
361010
200030
100088
200120
200232
211500
518048
857000
710077
430205
430019
200093
266101
50091
471012
710077
101318
610017
100071
215600
518001
200023
750100
431700
213023
310012
200030
224001
518000
300061
523000
212002
215000
100016
100018
527400
510660
200438
330000
215433
300451
100029
161300
450000
201614
210006
532200
511400
511515
610041
100057
102208
200040
226200
130021
610041
510507
300000
528000
516005
310000
300133
317100
210002
214191
200436
450053
430200
200052
310009
511431
200083
364000
200431
361008
200086
210015
400015
421500
100020
400050
530511
510630
361012
414000
200434
100871
350009
102600
710002
450006
300143
100029
810008
226001
200131
100032
510070
243000
130033
710077
201620
266003
10076
100083
214000
200093
201206
201203
541001
200443
410007
610017
311256
746412
34400
528421
518129
100034
816401
201601
511440
300457
518102
100192
300192
200001
510405
272100
518118
710021
200235
200011
200010
264006
100011
150080
610015
310012
201315
116600
200240
201103
200333
102600
200093
510150
201906
102488
421000
528100
100026
430072
511442
250300
533000
201201
116023
528421
430205
510160
113001
250002
313000
201900
422500
350100
510610
266000
200336
200123
200092
362700
201709
571600
100081
653100
344000
100029
30001
100140
529000
561100
100022
300250
366000
334720
200081
330002
100040
626000
611330
163711
450001
430074
116001
317500
515041
300451
100024
210000
221009
300250
511483
445400
523000
518048
518172
710005
515041
361009
350003
400032
200335
300400
414000
536000
200093
200137
44000
100027
730000
201100
710082
214000
361003
438000
450050
643000
572000
100101
110014
215006
214200
523338
528415
201714
250012
610225
550014
710082
100102
330100
518000
532200
430200
100011
200063
243000
225200
518116
201800
518040
362000
710075
225300
201204
410005
710001
200135
315300
443000
100107
400032
100070
277531
110031
225000
102600
110036
201106
300204
563000
150090
100011
272015
650031
314411
650000
200240
250000
518102
650032
100016
30003
510900
472000
200240
518000
350200
100091
273100
200122
451100
528451
110006
510280
518032
712100
510660
210008
215021
361000
272000
519020
255000
201805
21008
315111
518120
679300
100088
315323
519002
430070
210029
300270
310016
361000
518000
710075
550002
510600
430060
351100
637000
266071
471400
524559
678400
212003
201202
523411
100043
510640
100102
361027
102218
50031
200125
834700
100097
430022
225500
610041
361006
10010
134001
100025
530022
511412
519001
211100
276100
214142
200062
100029
441000
621000
570203
510800
133000
150090
215000
200137
257064
202178
223001
317000
624600
311825
400052
610041
450000
201913
211500
100045
200137
475004
266021
215021
528100
430019
430014
710032
100022
100067
201108
410001
262600
310006
300221
50000
511300
213200
570311
518107
100039
450003
200021
154002
200120
400030
710075
130062
519000
100085
110031
710038
517000
523460
100007
200444
200136
523129
200127
518106
571100
10030
100034
545007
110021
528244
210094
213016
300204
100035
315012
610500
315040
201824
200135
433121
215217
610071
408000
238300
200051
529000
710001
722408
533100
201201
200233
830011
363000
430073
65000
200336
310052
100871
110001
510115
541004
450000
514021
400010
515834
50031
200333
530028
518106
101500
472400
530031
610021
430071
572300
518000
300051
65000
100052
350307
66000
201206
300010
518000
100028
610065
272100
200233
610041
557400
100741
201100
214443
10010
323000
445000
300042
100089
450000
411100
629200
200941
130000
362000
100041
528211
510006
519000
744000
362261
130000
230031
430000
230061
201103
10020
243000
518000
629000
610066
300203
533612
215000
100088
100037
100029
314400
200234
118000
510507
618500
510660
361004
410000
518173
408000
300050
510515
201101
404000
311200
56002
210048
528300
430000
215123
450000
361000
200233
100071
100043
361000
200439
200072
518128
716000
210016
510610
518083
727000
200086
200231
264005
264200
201105
215021
312300
510523
530022
511400
310014
643000
515226
518000
100083
646200
351100
412002
26200
850000
350011
200333
200433
50091
100038
226001
361008
200127
510006
515154
200122
528414
721008
200131
518106
100062
430033
214400
50000
511442
430000
450001
528000
10020
223001
621000
524000
530001
310000
621715
313300
116001
202150
330001
350018
200245
410002
201100
200125
215300
401147
65201
550002
300455
201114
212326
223800
310000
100020
200032
530028
100071
430080
250022
317000
518119
100029
810008
100067
404300
100037
518129
200125
361021
210017
521000
201612
226200
201800
523000
325000
518020
518021
200136
511370
214026
250011
442047
200136
115000
201801
363000
610016
710003
362000
330002
518131
230001
454000
300191
100193
200442
241000
100009
266034
201108
211100
350001
362700
453000
30009
110004
100096
221003
510300
518106
515041
400065
362700
200120
300193
111000
200135
528500
200120
518054
300450
315201
314001
362000
572022
200003
735000
101300
650011
523349
831100
610023
518026
362801
110023
201800
450002
519030
510030
527400
529500
519000
200433
100803
100039
650225
523710
430071
830002
76250
201100
102100
610000
100070
100028
361012
10051
402760
310006
262500
100018
519070
50000
650114
211300
362603
230031
276003
410001
300090
510120
334000
523160
214151
100081
572526
226100
710082
200120
200041
450000
315041
710061
519000
100013
528000
200062
400020
315040
201901
512023
201503
214026
430015
510600
200127
400020
519082
201209
200941
210008
214437
116021
200126
521000
200237
100020
410000
523000
50011
250000
510630
300451
225300
110013
215011
201824
30012
430063
226005
116013
650011
715400
200233
528300
213011
666205
350001
310003
50001
610000
510520
430077
244000
100029
201100
523500
214071
315016
63200
200122
325000
200122
100085
810007
250101
100085
510160
742100
266700
215000
200435
411103
541004
510900
210006
318020
510310
250021
610051
300051
101500
518106
430063
361000
110044
510640
831100
150050
200333
213022
225000
100073
400067
266104
200051
528000
572600
401420
214000
718600
100088
400030
300400
102200
361001
550002
300457
200232
30001
300074
510320
518048
510000
650021
510176
710061
211100
225007
110003
215006
530022
200060
200092
201708
551400
361100
518000
350001
510900
200245
250010
110006
527400
100102
100022
214023
325000
362000
101100
200093
427000
350002
30002
214431
100193
250031
10018
518052
100039
100125
245500
200436
442000
710068
201612
530021
100027
614000
200125
201901
16000
650000
524006
710118
510515
325600
610000
312030
710075
621716
230001
401147
130022
510220
100070
518034
215011
225000
413000
361000
200023
100070
250002
610041
362100
344000
201600
102101
523126
517000
250011
430051
430061
200434
620360
201620
200041
635200
518133
71000
215021
465550
100028
355001
510220
714000
330029
412003
210002
450000
200071
100080
132001
100027
201603
750001
221005
325000
750015
750200
528303
100005
350000
100035
610015
100022
448275
100044
201600
310018
200431
215334
430072
114001
610041
300170
200125
518053
514787
200040
518104
523710
210007
361005
571158
410001
200129
200443
100029
518040
650000
100101
525000
300221
400050
450006
518109
400031
200127
200131
518054
100010
100020
350301
266000
116100
410005
134001
300192
213001
215164
100023
750001
528313
350012
200092
834700
100024
30001
350300
610021
224002
653303
315204
250014
510370
200435
430010
100001
200040
710600
510630
230001
430051
118002
100101
100741
110001
430015
10020
455004
124021
518034
610500
518055
325005
30013
300121
214000
510730
529400
528303
518040
201615
100123
430015
250033
201901
671000
518057
201318
710065
100102
518102
100005
362000
100053
652400
361006
201323
410075
158300
100020
330003
201315
150090
471023
236800
361001
310002
243000
100076
850000
471002
314000
65000
150090
100037
100034
200444
100022
332004
528333
113006
536000
530023
200062
556200
427400
242600
201318
200052
14060
200011
243000
100050
16000
311100
201108
510403
312000
100022
332000
726000
221000
266043
100022
510000
528313
617000
422800
65000
723000
361000
730030
300171
130012
250100
200013
153038
350108
430010
215626
200041
710075
100022
518055
830000
362005
200083
362400
252500
350009
350014
400039
250000
518106
200233
100037
100176
200333
100022
30024
212215
611731
362000
200040
524000
116001
200092
100076
332600
239000
201114
510095
524001
100192
200021
201201
300400
518026
315316
300074
201812
314204
510075
519070
430081
116049
750001
518028
312000
421007
100866
650011
353000
710075
353100
523050
731600
100078
150001
510095
201814
210005
210029
72750
71000
215400
24000
221008
450009
518000
525000
300071
215002
650302
241009
350014
650000
110041
434105
400053
510160
215300
430060
116021
322002
430071
66200
510640
250014
518108
325003
200127
510000
66000
100086
511442
515041
550002
100004
430072
400039
200237
362500
410008
230011
441000
361004
238300
528000
265500
750004
214045
102200
37003
100028
200032
230032
730000
663000
857100
511300
510405
250300
100088
223600
30003
330009
510610
226600
518129
550001
536000
400700
510000
410000
518040
110015
725600
201106
361000
100022
63300
545002
250002
200233
200072
361023
213000
510800
41200
100142
430074
116023
550000
200072
300151
100022
163413
450000
310020
100062
410001
518040
200434
201800
518067
611230
610047
362000
200040
100027
314001
517000
422000
363000
510623
650203
518034
200030
100071
200231
300052
710032
212003
311200
200333
300072
201705
200436
518116
610041
30006
215500
510600
537000
214200
526200
318000
650032
222500
510220
210007
200540
528000
221000
518111
333000
63000
266400
200032
100083
610014
50011
518031
529300
116021
450000
618013
201600
201319
315012
430081
361009
300012
518000
200011
710077
100028
223001
200060
528400
518116
37004
518020
518110
214183
300011
710055
710018
100080
200335
101100
624000
438200
610500
650011
362600
528318
518131
361004
410008
215011
201412
300250
350001
438800
518083
529156
518118
215000
100872
214189
523076
210005
102600
201800
353000
201700
201306
510655
100036
37006
200072
528437
516100
523291
314409
362000
350003
450000
201109
214112
550022
536000
200123
550001
150090
350005
419625
200030
300042
231360
300050
710045
201306
250022
557700
300141
63200
201102
711400
844000
100028
410001
201208
210001
410013
515429
100026
64100
310019
528211
350005
528415
525000
710032
518020
110180
517000
350003
528300
200032
214200
310012
50041
518108
614222
210000
518036
215500
100025
201800
50011
315400
310004
201600
100032
200063
518000
710048
214024
545005
256600
200436
710077
510375
510650
528000
518115
361006
110004
213102
528225
719000
651509
102300
211214
518122
226221
430050
410000
450000
614000
510006
610100
50021
200439
361004
610041
200437
350001
644400
200434
614200
511800
401121
50051
300222
514755
230088
100140
710077
215011
518054
410001
350007
201422
411100
110023
100027
30012
443000
528234
200941
200062
100013
401331
37306
473400
710075
710048
210036
201206
224100
200540
443003
516001
361003
315000
350001
210015
736202
100085
130041
518103
116100
515000
436000
300011
100101
213000
50031
528251
751603
30012
432407
101309
300010
201203
130117
410004
530004
350001
102200
100088
361000
610031
430074
518057
100055
510095
300222
710065
422001
350001
310012
526020
130000
515500
350003
102200
410000
266555
100052
210012
523413
215600
50000
100028
350009
312000
100083
710032
430015
710049
100011
401147
102600
441002
200052
655000
100022
453000
100025
213015
200041
523400
351100
300134
110004
214000
528100
100085
610042
511400
100088
523763
650021
523000
150046
243002
116001
511800
430051
214000
65201
516351
333002
617067
255120
417000
300111
550009
355200
543300
362000
100101
200237
201703
100025
100022
710001
150001
233030
223001

650106
200051
710082
266001
102488
510600
430064
362341
710000
361006
523579
525000
730000
410100
610000
430030
100085
100053
361008
201200
410011
215001
510405
350011
130021
412001
210002
650032
611731
625000
830000
200336
300222
201600
201700
535300
710068
201705
214000
529900
215300
210002
523407
528303
450000
510440
427000
400021
214444
100093
100026
100026
300192
300251
510170
401331
250012
200062
65000
110044
321000
241000
201300
200082
116011
510800
300204
710000
427200
526200
518040
570206
300070
315600
642350
201900
710032
830063
410007
100176
215021
215164
518057
222046
518114
831200
518102
300400
250001
110042
510655
518040
200042
510095
453000
202150
650031
201315
214233
518053
510310
628115
100015
410000
721000
511431
434400
310006
310008
50051
150010
264200
100062
315303
726404
737100
200061
201800
450053
215300
101300
100037
200123
674100
116021
250013
214000
215007
458000
325000
518104
200336
100102
100039
518081
325000
212400
518000
100070
130061
450046
65201
430080
610064
200062
510850
210046
325000
515021
550001
210031
300191
300050
401120
310003
510900
617000
510660
516001
101312
201106
610021
100091
100045
610300
730030
516400
100097
200240
230088
300042
100078
518000
200042
250014
100101
510655
570000
214446
250100
201300
510635
715400
100072
510600
214000
300381
400023
201800
315010
750004
201801
854500
610000
201508
655000
201600
710075
570305
528415
450000
510500
266071
150001
225000
100823
350000
266000
610300
361022
226001
213022
214000
463800
528437
101500
511450
200436
100085
362400
100083
201100
523850
314011
513100
400020
300220
100000
730050
523000
646400
361000
510642
730020
300070
610000
