518026
427231
250000
66000
510700
410008
310012
511400
518030
322000
226019
100107
215612
610100
710054
523000
100190
266043
100007
525400
100055
50000
515021
523308
230088
150080
518112
157000
100081
200060
361006
650228
850000
100084
315420
200051
830000
313000
150010
730090
518000
410016
430085
100027
528216
224600
200436
538001
200070
201804
518109
100032
34000
214151
100079
430040
200433
200233
200136
510000
617066
518034
510350
154007
110001
518102
213016
510620
570206
330045
215000
666300
610100
200439
310012
100080
518048
510288
200081
310012
201907
518026
518048
100088
710075
215500
215123
518003
100045
361012
341000
511442
710068
200433
361000
225300
200333
201400
510290
201317
610015
200062
510370
518109
430010
400010
100022
510663
102600
300181
529000
730060
241002
400015
16100
515100
430014
200135
518129
511442
210002
100020
110044
300457
364000
450003
150100
201202
518000
451200
110042
713700
201400
401120
100037
510245
122000
300211
410205
413000
300040
529100
730070
200070
201802
516500
100070
516006
63000
511400
56201
300387
563000
361005
100020
215127
100123
332708
518049
200125
265618
714000
50091
510045
157100
100043
300050
650021
201202
318000
266001
100124
710111
100029
201600
315032
200135
214045
100050
215128
215300
510440
510000
37006
72656
50051
463000
510900
200442
215600
750001
510030
200092
200072
351100
200235
100036
200042
710032
510507
100015
116023
362000
314000
200030
123456
100011
200234
230001
300387
123000
721707
528476
710021
410001
510006
726000
110034
266071
100124
200137
610041
520002
100010
200434
246003
200336
325401
100025
100052
201913
510060
201101
530000
510630
510115
710082
201900
100007
210000
300110
721006
214437
66102
519085
441021
72550
510507
361100
100007
412000
756000
431700
266002
200082
400050
100044
817000
643010
214026
100012
518108
300100
150001
100070
518118
201700
200023
211100
214026
47100
201615
525000
810000
100015
300070
100124
362246
710065
215200
310012
361001
518117
30600
361001
717300
300400
450003
510063
546200
523000
225600
201103
30206
710115
200231
214045
100026
252000
650000
510220
200434
528429
322000
200241
528325
652211
650024
516100
471000
100701
210006
362000
610041
200233
100044
201507
411100
200081
530007
210036
200092
523286
213155
100035
610066
100086
315600
266100
362000
110012
410007
528400
214426
611338
223001
441003
100062
510850
650233
518057
510160
266041
237000
518001
674100
100191
310009
354300
201500
350300
215021
100084
241000
310000
610012
610031
100875
430015
300270
610041
100020
100013
210006
200003
215500
226631
102618
30002
352100
521051
250013
101100
610081
200335
200433
730030
510060
400700
350100
200438
518004
230000
224200
200023
830002
410113
100024
266000
50011
650224
200093
100037
300113
430010
214062
361003
100176
317000
312300
100123
710065
518000
214416
264001
113006
210036
450000
516005
443000
430010
331619
100089
653100
518106
211100
201907
317600
510600
529100
361101
100071
518000
430081
201800
530000
450000
200540
400037
110045
201300
110179
300170
528000
271000
615100
224237
730032
100015
239001
510620
550002
300021
113006
610225
201300
550004
201906
100038
519000
730030
635217
100016
100076
514000
214000
100102
523000
518172
528000
201209
361009
200070
200434
200333
653400
518000
350014
221000
325060
100038
322200
441003
215128
753000
543000
201805
130021
510170
514000
518111
201203
201803
213003
300221
654300
343000
100022
510075
510100
234000
516148
528200
100028
150001
215006
523008
350008
200041
33000
430415
300350
116021
100084
416000
516269
100080
110002
665000
510335
710003
30000
610031
529931
430081
362000
353200
610041
510080
100043
266000
215021
300250
100024
410011
671500
532108
200233
528400
100011
300387
100025
610041
361004
100020
100039
200435
550800
266071
100854
529400
200129
363000
528100
230051
200231
843901
650051
518173
250031
230001
314500
110003
277101
361008
526200
400016
271200
611130
361012
543000
200126
519055
201203
523850
100025
100731
300350
572000
200002
402295
361008
410004
350001
201203
363000
210007
710032
202162
201901
210036
200333
214200
241000
100088
256220
63600
300130
100161
361004
316000
116021
250001
529931
541002
730919
102205
518102
300450
226311
211106
300451
678400
300211
710021
215009
518132
325000
655100
363200
523850
525300
100004
200041
518052
71200
210008
518040
300102
401520
102600
510410
223300
518105
330800
100102
512700
518057
138000
528200
650041
518040
271000
100028
226001
362342
150018
273500
215005
650031
362000
200333
528429
523851
710077
518129
214026
266000
116001
527300
225700
510470
414000
273165
121000
423401
325011
450004
232001
200002
14010
464236
410201
300409
100027
361000
518029
100007
610066
266042
525200
618000
230011
651700
450007
200063
200096
523980
300457
245200
510230
215021
300381
200051
610081
210016
610041
100079
311300
518001
310003
30009
325000
102401
314100
100016
200051
266011
510700
214424
518035
100091
730000
100022
430015
200435
453000
30001
430040
100085
150000
100013
276000
842200
100176
510050
65000
214011
570102
355200
518053
518054
361000
518001
528061
201101
200438
362251
410300
410205
200092
100004
523690
430080
518116
719000
710054
215600
100025
518054
100871
350015
100036
551700
100097
250022
518000
412000
530000
519060
102218
860000
116023
362000
100067
472000
518040
200030
200336
215123
201100
410000
361100
710065
30012
510170
100053
200333
201505
510040
215000
300162
518029
541002
46000
430200
518020
523850
222042
644000
315600
518000
430074
200940
310012
200336
516006
200093
400074
200333
350002
325027
529100
150036
201824
519000
200001
215001
300384
409812
100029
250001
361009
523499
510620
510310
350000
150010
400050
410004
518048
523800
361012
528231
511450
200135
528400
300221
310011
201801
110006
361009
641300
361000
224002
223001
434400
350000
100031
17000
100061
116000
201315
200241
200127
116033
222000
570208
213022
529200
300387
100074
201319
215129
430023
523000
100193
430015
412002
250101
214025
430000
200441
518057
311400
116011
200335
650032
528200
650000
310003
310022
100081
450045
310004
321300
214035
30027
515834
511340
200435
300480
430030
100071
528200
200137
471000
550009
355203
200127
523843
201612
530000
215600
518126
511450
100020
116222
511470
518104
30009
350001
650000
51430
201508
213000
455000
511400
430072
214000
133300
511440
400020
34000
100020
362000
200233
512023
322002
653100
553533
215550
710065
222042
100015
718500
528200
100097
276500
100020
45000
201806
266071
210003
450000
200241
523320
210032
201802
100195
210038
350007
550025
363307
410016
200125
215001
710200
100026
310000
410001
200436
610067
430015
325600
30012
510100
110023
430074
50001
409112
518029
200540
519015
350025
518055
201800
100081
311225
215021
610100
200444
215625
30012
610000
523584
201500
210037
562400
518008
201802
363000
655000
518026
250011
610041
325000
201706
537516
230009
422000
10010
461000
410007
519000
201805
201613
523690
650031
100102
410000
100080
300457
300010
214401
50021
100873
361012
230001
518103
655600
610081
100062
512100
510000
655000
310011
435300
100022
100071
100026
325062
246002
200436
224600
100020
200333
110025
210029
200126
611930
350001
825300
201412
214023
361005
300131
201204
200436
100044
650224
450001
528427
570203
611745
305010
528000
100091
300000
200041
312000
314400
363000
116600
100076
710048
411100
510613
213164
430015
116023
100193
30001
561200
100037
100731
102500
558000
442000
443000
226000
852100
50004
68250
510800
710043
518101
100061
10020
116001
100032
200051
529020
831401
200062
201801
201102
225300
510220
200090
538021
550001
363000
528315
710062
430072
100012
200123
110026
465341
710075
528308
215332
310000
467021
318000
100049
200233
214061
710054
300222
210007
210004
242300
350002
215600
100068
400800
100083
430064
11200
528211
413500
221000
100081
362241
300381
100070
730900
210014
315000
200083
30024
362261
518103
435000
201802
276400
201803
201202
210009
100013
116021
610016
213161
519000
610000
110002
210017
201101
332000
250201
157013
430022
430017
200315
201803
66000
215103
200439
101121
410007
610041
100025
710068
434000
523110
751304
518000
215333
201316
100071
53000
100089
810003
201802
225500
528313
710032
200433
222001
710003
200442
200023
421002
518000
361000
215300
300100
100071
200070
300193
528500
75000
226321
518103
450003
30006
110045
100016
400020
571100
510630
510900
510250
100029
518001
266011
300457
52160
200122
110023
273500
100871
200103
511500
200333
100025
710061
510840
518029
730030
518107
100101
130011
362001
511390
100022
100076
510310
201401
200436
523750
201706
266000
325608
610051
246000
121000
100738
430065
201111
430079
451100
523320
100024
530031
252100
427000
100728
101121
750004
211100
310018
200090
723000
200135
518020
363100
361022
517100
214125
510000
310019
155100
519000
201210
200336
400011
100082
116001
518057
150040
471000
200124
350001
100876
750001
214200
50031
511442
430015
519080
201108
518049
710100
450047
330029
350400
201111
515041
130000
430072
518105
353001
201101
518054
201803
200081
526300
102512
710077
314000
210012
730050
570100
102600
413001
201409
50011
200333
300011
300450
102600
200436
200231
230001
75000
10050
153033
210008
201714
322002
201615
100006
315464
510163
332005
518033
362005
201602
510000
364000
523689
755100
311300
610065
101400
528315
523690
518112
200540
132001
110034
300300
410013
756000
201805
610000
215004
430074
45300
315100
410013
100072
114000
310004
510220
100005
225300
201100
100080
250100
214000
516351
100085
200439
528300
529100
528455
519165
210007
530022
300130
113015
14500
300000
150001
50012
300451
66000
528315
315103
528300
200040
730030
100036
200442
530003
225002
201705
730000
150000
430060
450000
344000
201821
50041
201100
510600
350003
518034
100022
201611
518115
518110
210004
201906
362000
100069
100022
856000
518001
215300
215001
675000
124010
200127
519090
833400
61000
230001
301830
617000
519060
200129
215500
710016
314511
100089
201108
400053
277011
510370
250001
430031
50011
300171
650051
100007
430000
330008
361022
510630
333115
100020
528200
65201
110000
523770
325200
266042
150010
450052
200090
201203
510450
116600
401121
541001
201103
100061
610041
430074
530023
230001
519000
350003
750001
810000
527300
518102
100073
642159
200135
211500
830002
100075
200237
512000
529000
471400
116023
423400
215004
215215
100045
200011
201802
730000
330002
510070
626000
250001
200233
650224
515000
100055
516300
523588
528000
363000
362000
710065
200233
528031
350001
518126
400042
100048
650228
411100
361000
100020
361026
200090
532500
200240
312400
102209
100191
215433
300191
416100
250063
650011
100062
361012
200070
230001
471023
110003
410205
300061
214063
200331
310053
312400
250001
413000
300200
215001
230039
200120
624000
30300
518105
30008
200080
519030
100195
210005
266002
210014
362200
454002
518001
518027
200438
621000
518035
200032
215008
723000
266100
102206
361009
710065
510180
510220
331700
363307
100020
510630
250100
510000
200065
510120
350007
215128
710201
518054
130021
519020
214045
100081
528300
200436
710054
215300
210009
518129
230001
523420
215000
311400
751900
725000
510405
435000
200120
200120
222001
518115
311251
200123
10050
200041
510080
116001
133000
200003
100193
100085
210009
34100
409000
529500
830002
725000
628000
362000
226500
214037
201600
221008
30021
214061
100031
710001
442013
213017
100088
250100
225300
510080
100022
200065
75000
519020
350002
200126
100025
201616
100125
201715
519100
410006
266000
100024
100083
650031
201108
201201
210004
225300
430000
132500
404000
100086
210024
511800
201900
200023
300350
518103
435006
100084
455000
215128
201208
334000
518105
17000
63000
100083
101100
200042
550001
710086
100005
510613
210000
629209
100040
100068
230000
47500
30001
230051
100176
201306
641000
100089
50021
312000
325000
300020
102206
524001
528400
150026
201900
510275
300162
650051
100039
528000
30001
427100
523130
241000
250002
518049
333000
30006
442012
200060
510310
214028
300131
100022
510130
110004
364000
315614
315300
100701
710043
213002
100190
201612
300381
116011
225300
364400
201206
163712
200010
518053
150001
100085
200002
425400
310014
510300
572700
515159
430074
652300
421007
511495
518067
200041
100026
200062
201101
215156
528000
300192
610000
201101
523648
200092
523087
518109
200031
133000
252800
510000
510310
200433
215002
310006
130052
518026
516081
350001
510055
234000
102300
250001
528231
510540
510100
528244
570208
201821
313300
361001
102209
100088
674100
300400
61001
100088
150001
201100
201822
510030
400020
215600
214023
215215
225002
200137
410005
251500
100062
214041
831200
272100
467400
225800
432800
650223
518000
200072
150040
100024
677500
201409
300012
200443
519101
200050
529500
201203
100070
150040
361021
430000
64300
311600
30051
201620
361100
518029
202162
238000
710075
510470
200063
518052
545001
201815
510630
250001
510730
200086
518029
152500
457000
434000
550002
100089
852000
571400
230011
200042
200436
100083
570000
300450
201103
510300
510600
734000
528211
410007
350009
717100
572000
223100
200041
100039
200127
210036
200126
361005
48000
201208
454001
100027
100041
255181
215636
361000
110011
67002
202150
332000
100083
530022
221005
250014
200030
110000
450000
518055
201204
528322
215300
110034
361006
318000
102206
21008
226300
435000
519060
410011
276826
650113
510220
100040
350001
313000
519020
215300
430034
317520
100061
610066
518053
100161
830001
710038
200093
200136
100005
350500
100088
201204
100069
100022
666100
423400
311265
243131
210002
100044
100162
650011
201108
315000
100102
214415
116000
523000
210018
114001
430070
30006
528400
515000
430000
150040
100039
225002
361009
100062
510250
250101
100029
200232
418200
201620
518034
523107
200001
232001
523560
225000
250002
518048
200233
300221
315000
100176
200136
200093
215122
200231
523726
710032
412200
362000
250001
100062
300121
211100
510180
100054
315600
510230
200062
266033
310008
221000
113001
421002
201824
226300
116001
100023
366300
430051
224200
200025
110001
518002
242000
314200
315400
201600
201100
312000
415000
518125
510080
510080
661100
201204
100011
215011
400040
100095
411100
300122
265700
334000
430014
250031
17200
214400
130000
710001
610061
312365
100853
311510
510830
831100
350002
134300
201401
201205
201318
523560
200003
200120
710065
523660
400716
710054
830063
532700
100004
710077
201210
518033
130011
116023
718100
200123
100022
365000
721006
350012
200051
317300
215021
454650
110031
215400
528318
614000
63000
314003
350007
351266
518040
100872
200002
231500
650106
515100
518000
213016
361008
100038
315010
510830
417000
100084
100043
200081
30002
100070
362200
810000
201206
410007
510145
519000
300181
100020
201718
212003
452470
454950
250021
163000
201620
518000
66300
212300
238000
750001
838100
400030
214028
551100
710054
300140
402560
163311
410007
213016
410005
200240
200125
201400
518004
361022
200051
277000
300450
201400
115009
100083
518110
213300
550014
310022
201203
355100
225400
365102
300400
110860
100730
518126
414014
523980
200072
400032
211500
110042
528300
325000
510100
610023
212300
201700
525000
100020
735000
116001
200233
536000
250031
315203
50035
476600
200241
45000
210012
100061
100068
201400
201200
201203
400066
518000
410312
101101
314050
366000
100032
450000
100101
518049
471039
523330
201208
232001
510730
200443
650021
200135
510640
224362
510800
641100
200003
315016
518034
200245
571100
30027
516001
400074
325003
14010
100083
452370
400010
528313
214422
100076
300042
300240
100080
30012
266071
201611
523560
101500
610021
100081
450041
430015
214023
210048
314100
528247
50051
100016
266071
450007
727406
350007
665000
100025
310000
410003
125000
678203
510240
100021
210017
350100
300384
361021
450000
430010
130051
201209
653100
100007
100034
101312
312000
350003
201700
641008
361003
134000
50031
519000
570125
454000
200333
100037
230001
200241
123000
510530
414000
409812
510060
100191
471000
17000
250014
363400
518005
453003
510260
150080
200136
430050
41000
200436
214011
100084
200070
102208
610041
30001
310012
100079
226600
325802
215500
266011
101121
528467
430060
200333
100102
510330
311500
401120
510630
100089
430074
200433
114042
610051
100018
510730
518112
363000
611700
200129
213011
510405
351100
300102
200127
221002
63000
430081
455000
223700
200435
515152
210008
100026
511540
100101
100084
510320
100101
100065
100030
200032
710032
528400
200052
130200
535400
250014
100025
200065
201801
300381
510080
325014
727100
100031
200233
312000
523957
110014
311100
410013
430019
211100
650051
214028
362200
550002
200129
730070
250100
550006
200336
212300
650224
654300
100054
200083
536000
315040
410005
201708
300072
510080
261021
110036
252000
650033
201112
830000
134300
518115
230031
30006
610066
511340
214125
201704
350009
710065
266071
311816
450000
200433
430012
201206
518105
400015
523528
114011
230011
317500
550800
524000
201313
314001
210000
266035
401420
430062
100101
528244
621000
211172
264000
221004
138001
528403
523400
300240
213000
751601
518109
615000
116023
510630
511400
441002
100022
330032
713200
361000
315200
519030
430077
325000
471000
510407
271000
710025
400039
200031
515100
350518
30012
528311
518034
100083
361026
450052
100011
215003
215200
310012
310030
611331
201100
300222
271104
201814
124010
450000
363100
523576
710075
510080
351115
710200
100048
564500
545001
300130
317507
271000
325000
100022
100097
510070
100036
214400
518019
325000
523661
214511
54700
201109
210005
524030
529300
213000
643000
116011
200090
100102
410005
341100
200126
710100
518040
200233
529400
215006
510000
443000
516003
214101
300456
401147
362000
200540
510070
450003
200011
215128
100067
716000
215006
366200
435000
310018
362011
528329
230088
114017
250022
518109
363000
300221
610061
300170
201400
553100
215004
244100
518028
518000
710054
56001
48000
223800
102209
744300
515223
200090
201100
510130
510060
200081
100011
200940
100081
610081
350001
101101
200435
238300
314100
201615
330100
300451
266000
266000
100144
516001
341000
365400
533000
200030
330046
110005
510320
201900
150027
361022
200444
100875
361009
528400
110043
518116
661600
310004
231200
528403
362000
528421
518000
214071
100097
201204
200235
361009
523290
200082
201322
200040
300170
610000
201506
201100
100052
100036
201206
510600
325000
528200
325107
266102
201906
361006
213000
510550
100079
710100
421600
310015
202152
266101
350002
130022
222200
200122
300402
430051
63000
222042
116600
200336
200436
362000
710068
226000
610101
31400
518012
510288
510407
610041
330002
510080
510620
100089
510091
515000
310017
611137
225300
100871
12000
610031
31400
510700
200131
225126
100021
201900
515556
14010
200065
528000
518052
671000
250011
310012
200120
121001
450007
210007
130031
528000
316102
100083
116021
610072
510310
518000
211100
430074
238300
421000
518040
528403
201608
223100
441400
210042
150001
364000
314000
100029
610017
101312
401338
528000
310001
510010
310018
157000
710065
671507
100102
610041
318050
810300
102600
330024
361012
529536
510620
311121
201615
510250
610041
300457
362342
510160
200051
528200
518000
362200
100023
551700
362000
300300
215301
200333
100039
100054
511495
257091
116001
518034
471000
201702
412000
850000
200438
401120
201600
300380
350001
730072
250011
300201
201402
421001
401220
710016
100085
201804
528225
214000
210006
400060
100081
518000
650031
519055
518000
518102
310014
215002
433000
430060
215159
528411
14010
312000
300457
30053
363900
523416
363107
516211
210024
314300
215005
810001
325200
226009
300110
133000
100084
337000
528300
201908
518026
300204
201601
653100
430010
201800
661000
650041
10070
200436
300182
528511
646507
257000
201700
230071
510230
30013
201806
510315
510280
430023
200072
100031
310002
118000
523900
610016
300052
201101
201424
312000
330002
200333
200433
530001
518040
200940
528403
518131
110043
100853
201615
230001
400021
570228
202450
710068
523000
210008
201400
100053
518055
315020
404000
437000
730030
678700
836700
400032
471000
430012
210093
523409
30001
201404
100143
430064
518018
230601
344000
518026
200051
727200
250032
410079
200135
230001
100101
528000
226015
200136
300060
400020
50700
735005
200030
226002
200136
430000
200092
414000
222200
255200
401121
100071
321000
201306
650021
511470
102218
200093
719000
150030
300112
100054
214041
100102
221006
450003
215534
201109
161000
516008
410001
124011
201611
410000
611731
310020
518057
50000
315311
100080
150076
210002
518103
436000
351111
510600
442002
528000
550002
650106
44000
300192
710054
361006
100078
510730
310015
300202
66100
510000
100102
201315
430077
300251
518102
100020
510060
226007
200433
610091
200433
715517
530012
610000
362000
550002
116100
312000
200237
363000
610000
516321
213000
529100
400060
200431
350001
201109
337055
518055
200433
200083
511400
518003
100024
161006
100080
710003
410011
200435
350009
510440
516221
276000
361008
511400
214026
201203
221000
100084
572400
528300
210002
325200
214031
528200
450100
515344
215005
200093
523710
430070
213011
100069
318050
100061
213011
350300
300384
650011
116021
200093
441300
201101
200003
510800
510550
100190
314031
528216
400010
100070
200124
100840
510160
215431
550002
200032
102500
511455
526040
362000
510405
315010
745000
518000
100007
518060
730070
212200
523036
110045
518116
523460
518036
215300
211100
215006
510900
325000
315020
100621
200031
101300
330048
614200
200237
300402
402160
523710
543000
201206
678600
100010
850000
430021
831100
833400
200126
550002
710065
361009
435000
102600
450052
510100
430070
100025
100022
454000
730084
526020
518067
266000
510620
201204
350200
100094
200060
100020
100007
511400
518105
100013
514000
710119
201600
101601
214400
511400
543002
471003
300120
641000
201600
201323
100022
266071
730000
653100
650031
100094
201101
222042
214031
519185
237000
621000
810021
271100
200122
200023
200232
430064
528434
100140
518104
624200
322000
650000
100011
553400
526040
510620
510530
100075
201702
361000
510080
215011
52360
314000
200063
350001
529261
536000
201206
201822
830002
510665
201202
610000
312028
350005
211100
100037
201824
518105
101500
570125
100055
215421
625100
100193
210044
212001
47500
518054
643000
210006
214200
310012
201805
100037
310012
610000
710122
650236
100021
710003
476800
300161
518101
518172
100086
30006
200041
830011
511450
200135
350003
200237
361009
311300
448000
528000
332000
110149
200136
310004
100037
100102
210001
110034
200442
465200
230000
200433
343000
430074
665100
310053
530023
100054
710077
510800
330003
517000
130051
350200
222003
450000
362100
526040
100004
201114
511430
200333
100107
300210
225109
150000
200233
400020
650011
100088
300457
400030
100078
518000
710114
243000
100100
325000
518040
528403
233000
361021
201700
100062
510308
214201
100080
215300
361000
510095
224002
110006
110042
201800
100022
100005
200082
400020
550002
340090
215000
100020
510530
528329
321000
471000
277500
400050
100020
210000
201101
518026
200444
130011
330086
310023
410600
100038
400012
202150
200444
454000
200129
518028
650000
213022
200436
132002
400053
610031
201111
300450
422000
518010
516081
102403
635000
614509
226400
210028
315040
100032
230001
621100
100022
510410
410006
250031
226200
110003
523330
300163
300381
336600
635000
350018
350002
545007
215500
463000
362000
201204
361000
550008
518104
210001
100024
518000
200083
65000
510730
510180
430079
322000
710061
510660
101300
241004
201103
201824
315000
400016
518031
200331
528325
200093
214021
100078
310000
315800
200442
100040
300142
100026
200433
50011
300250
100039
325803
510630
717400
201101
361000
410001
100082
529700
225300
362000
362000
110004
266200
110004
100031
164300
350400
355500
100031
310053
721001
362200
312000
200062
150066
510410
100076
100124
250002
525429
730070
230000
650011
523000
471000
14040
300192
214000
200072
233000
210036
300051
201103
511340
448200
510110
350300
350003
510280
222042
533000
310003
519015
200232
201512
30008
519000
471000
530021
518032
350009
102206
100038
130062
324002
30024
100080
518057
215000
518048
201315
200435
215228
543002
425909
100102
528248
100032
214011
362000
528000
510610
310012
361102
200072
610306
400084
200065
100080
110031
330002
200125
753200
361005
518038
317500
110003
518048
300250
350001
529500
250013
200051
310014
201302
723100
100024
710048
200237
310022
314000
100081
100018
215300
201203
857600
710064
350015
102200
116023
300182
710065
201700
518109
210015
200052
351117
448000
310014
362102
215300
215228
214028
315174
519015
416400
100089
200240
530007
736200
201601
100073
100091
610021
737102
528429
530021
710016
325600
514021
350001
528414
210001
523071
14030
215006
350305
528231
350007
214400
471000
100071
518081
214400
411100
224400
201600
400010
226000
404000
150010
215127
515800
518031
214200
132400
100040
352265
315336
511500
618400
331725
101100
214122
518003
510610
425800
136000
835800
201901
17000
100055
200030
210007
650051
611230
653100
75000
200093
100040
518001
433325
110014
350009
674400
510260
518057
750001
510655
102488
528305
710016
200241
250012
310004
831300
475002
214000
225321
215002
350001
712000
110015
100028
30012
30006
276000
215007
422000
250014
100020
510170
516500
201318
610041
100621
201809
518000
100027
657000
100039
518172
362235
518034
510663
316000
529051
410076
200071
266000
265709
510000
518000
410001
519001
650118
524000
518126
238200
300456
315040
30024
400051
100071
100123
201600
511450
310006
518000
200052
137000
201100
200126
100084
226600
725000
230071
330006
200120
750021
546100
528000
450000
50021
518000
510405
250201
200072
300101
118001
516001
350001
201209
100075
30001
102600
330006
201708
543002
410128
350007
710032
621907
226001
300072
325000
332700
100007
344300
472000
210028
511600
510600
262500
518172
100022
200042
116001
300457
226611
361101
200237
266100
300130
753000
518108
351100
30801
400700
518010
450016
518111
510660
116031
266000
110006
510000
650091
430012
200131
510245
202150
610081
71000
210017
430023
201505
510730
650200
201600
236037
515041
325000
629100
464000
116021
435004
300112
100020
541001
311500
210022
511455
100026
100029
214400
200240
430015
200030
300401
200336
510420
210028
100044
100068
214001
156100
63000
200031
445000
651200
100026
315000
200083
100102
361001
200072
710003
100022
100074
510315
215009
518128
318000
311800
110004
511400
510507
450000
100061
201106
523850
200237
201102
213011
300210
515041
116021
510900
570311
241000
471003
150010
150001
550003
215600
523851
100027
614000
200443
335200
456250
610041
523220
315012
710065
201700
518103
350100
201106
100034
523320
510280
518000
100086
30012
200051
236000
100036
223700
100041
618000
110013
523383
523710
719000
678400
430070
362700
225000
361003
528451
100071
10300
201206
550021
110021
100052
150001
710068
519020
400042
201613
518028
330001
201700
834000
16000
250103
100031
363300
311100
315800
200072
401147
201908
318050
410007
362200
100024
610081
100035
523129
201201
430016
116001
430000
454000
350001
350007
200442
200122
332500
100022
365000
610036
315334
510730
200233
213000
215101
430060
550004
100011
528455
512200
116031
226000
450001
102208
200086
214171
401121
610106
618000
518000
511495
841000
200081
101300
200042
200125
317031
30002
350200
200061
116021
200020
518020
230061
510665
519001
400039
200331
212003
250002
550001
215337
115000
523000
550002
518034
311255
516211
241000
100816
100011
201206
100040
200040
30006
510260
200120
524400
201800
100080
441813
545005
201107
518019
65201
518000
515031
215123
430022
321200
510091
100078
201609
37006
300270
671000
530028
441800
110011
200065
519050
435500
412213
200081
214000
230022
200041
100039
361000
515146
610017
200010
510360
200080
361000
450003
644000
214000
201815
200062
201800
516221
100061
100085
100125
518034
100075
21400
100083
212002
365500
678400
210007
723005
526020
528000
550008
518067
510410
201209
351100
518052
201824
265500
200001
210000
110161
101400
250031
226007
200030
200092
100020
300180
201206
526105
430015
510060
110044
100086
430015
535000
311300
161000
200540
350200
315040
100022
527200
72550
265500
200233
266071
529600
365004
518055
518028
265713
100730
100039
100022
214421
510500
110005
200051
450000
325000
213002
201702
100044
450000
266023
100009
510405
201103
430070
150086
276022
100044
310012
530028
274000
200333
100049
528303
100016
653100
214073
361012
361004
528427
430079
230026
350108
638000
300051
361012
10010
529000
518000
201103
150080
243000
710005
300457
110041
34200
518002
610016
443005
300452
200233
510800
528303
300400
427200
450002
100021
300191
200025
715400
200940
201100
210011
156202
14046
610061
200336
330006
200092
510060
201900
300050
100022
102400
300191
617011
12000
200086
519015
241000
511458
250100
434200
362000
100045
222000
226001
362100
214000
201315
638500
730030
261041
518001
132500
100031
528300
64200
523290
250000
300052
410409
710061
518114
710200
610041
201714
518001
100123
200439
213200
201204
210017
200072
350007
361004
515041
510385
200000
646500
515064
510550
430012
430010
610041
150001
215006
310015
310000
225001
510410
323700
400021
618505
610031
30001
572000
518057
30001
100027
466000
430074
100102
570216
200083
201210
75000
450000
400039
230000
300102
200333
300210
121000
200041
100088
300210
100022
214500
201112
528400
201612
215300
31300
510660
650011
361009
362341
435000
100088
200086
201203
221000
100020
315040
100022
311200
610021
523128
200040
300400
110003
215300
361100
363000
710119
100062
100140
200093
201804
235000
528000
100101
310014
625000
210006
650032
201804
300211
518132
317000
225002
730020
856000
300193
529075
523393
100096
100045
266071
253000
511400
116600
430030
100035
350008
100005
210009
200122
810007
410000
510620
201400
430061
200233
610016
710025
250001
110013
100022
510660
518110
361009
518052
200233
102209
100073
100062
510665
361009
100102
100193
528500
62350
201103
400080
610031
213161
150010
150001
100101
201615
201505
510080
510140
150001
572000
200035
529000
225300
518105
430080
314100
650041
467000
100005
200540
518000
210009
430072
200092
523000
215008
214261
516133
528303
201600
300000
300123
519000
400037
100062
510380
511340
211100
200090
215008
214142
301600
363000
621000
510430
650011
200041
264000
529000
563000
518002
523462
514000
210001
100027
410003
510440
511436
518001
550002
318050
321000
100035
266000
213000
200126
210008
215400
350013
266300
241312
526020
245000
710032
300100
610061
300052
241000
200125
414000
200060
533000
523758
553516
110002
518055
266000
325000
510620
523000
213000
518033
300200
100009
610072
510275
110000
510900
430000
200442
518029
201801
510300
200090
200234
530004
650605
300457
642350
100080
510400
570021
556000
529738
362000
100164
455000
528403
510700
300402
362200
215011
528300
364000
362700
102100
215008
201100
250012
635000
311500
255200
200941
730030
250014
710075
100101
510370
410003
510130
300000
404000
100028
201801
202157
530031
100192
102425
102206
410114
300457
24200
201708
511400
100076
264000
721006
325000
200082
650031
650302
518055
212000
100050
200231
342809
528416
210012
529090
361000
537100
518112
510095
518000
363704
510010
100085
511447
650031
200060
518026
361023
518118
510470
518106
511470
528244
300061
100085
50000
610041
679200
230001
511455
154200
400081
653100
610000
650051
200434
200030
210005
101300
210002
430074
400060
100049
215321
750001
528400
300100
523533
200063
434200
518067
475001
100083
200233
221100
414000
528200
256200
110001
201800
519082
200030
150001
315010
21000
518029
561000
730060
150036
100086
211200
100022
533400
100010
200231
361000
410000
510730
450002
255200
226155
330046
400032
215300
215002
231287
529200
410151
450000
214071
200061
325400
100025
200438
518116
215026
32205
133000
350001
361006
200136
528329
246003
528000
511400
300252
130000
314000
712000
200060
201615
325000
100026
430065
665000
200011
514021
201100
350001
250014
710005
164300
100020
710016
545005
430010
200434
102600
100053
100096
365001
523403
610031
230001
453002
100043
510630
201701
515700
210000
518109
14030
530028
620460
100176
100191
100084
100085
430022
210003
300122
210009
471009
362700
100045
325603
200335
250014
430070
528000
200042
210036
400044
201315
200335
50011
210001
362342
163711
546700
414000
100101
200333
518031
361100
250002
214161
401321
510630
110011
200438
211100
750004
510010
441700
114300
100088
518035
361026
336200
510760
310003
225000
213023
200082
650200
418000
650000
350025
350003
62350
610015
528237
450000
571500
201315
410005
361004
510800
210012
215000
200120
200129
310021
419200
200092
611130
301606
100032
215600
225300
210007
538001
116001
410000
225300
41000
200063
200051
200438
100085
518034
150046
201713
201108
100070
350100
523592
510050
100026
300131
21400
310000
100088
400020
130012
350007
100053
200072
300131
201612
200072
363000
530000
200040
518129
363000
430073
201300
751100
100025
510150
537300
350008
515063
512600
201111
848000
474550
214200
312368
100031
215104
200122
430079
110200
100000
61000
519070
100010
10010
200237
100022
100032
200336
300111
311201
315040
215500
201105
415300
431400
266000
264006
318000
230022
214206
400030
361004
261000
510030
215600
200336
528000
271100
400060
200085
200042
210024
100068
675807
455000
528000
200122
363000
511500
528200
325604
300121
510800
272133
310004
518048
200080
130000
610059
101300
215002
200062
250100
10017
432700
50031
410001
454100
150080
350003
525000
511515
200123
226001
362000
755000
362261
100089
201706
400002
650224
200438
518009
830002
201401
400084
650000
201900
215011
50041
200233
210007
310001
523817
519050
610066
116031
100176
14030
100176
410100
100144
710072
100022
200083
215600
200940
201500
300000
100075
100039
214028
210015
100068
300040
361000
528063
510110
50011
33000
110000
50091
100124
224600
100086
523290
710065
100023
723000
510100
362000
10020
519000
30012
526060
350001
226671
66000
201100
524400
100091
518006
300170
30027
518129
100081
200042
30001
156600
518048
518116
200124
361009
30012
201109
201101
300459
362246
113008
530001
528400
510018
518120
200092
200030
200233
123000
510800
642150
110013
511515
100011
610072
730000
362000
467001
50000
200023
430060
570125
201900
516029
518129
510170
110031
201109
200122
455000
430070
434000
50021
100022
118000
215633
100011
300022
100176
542600
530012
518129
362010
225500
518040
100054
519000
200001
214421
255300
518048
300222
100144
224220
201108
226007
518105
100036
100020
215512
450000
200434
201203
100071
723000
100053
312080
201716
510730
430015
313000
330001
100022
233000
310009
150302
200052
730070
201809
310002
157000
210015
201306
510300
200135
653100
100102
450007
100006
212003
226100
100029
839000
510100
100101
201506
100834
241300
350008
266000
122100
513000
100022
710065
362200
510620
527200
50000
645352
467031
210001
518000
30006
300381
300060
100089
201205
519020
364000
201210
677400
300012
100037
201411
100080
100052
201708
410081
431900
610000
430000
100079
518000
201101
443000
450000
230001
411101
215215
250001
518048
454174
310012
410100
