116038
315800
570206
271000
230031
852000
350001
200233
100051
511370
558000
519000
401420
450052
100094
200126
221000
215000
518103
361026
344500
361008
350301
213002
430205
201812
215000
112700
518106
510221
201315
255400
10010
518112
710032
210048
404505
430071
550002
63000
451100
210004
430063
111003
518000
201323
830092
200051
510230
430074
100012
310014
362200
313000
200041
537000
518028
361005
330096
230088
200030
516083
521011
518054
430061
201700
610081
54000
200083
300122
200126
350005
550025
100027
102600
230001
518049
350001
200126
810600
510665
518102
350007
100085
100013
361006
830000
250014
100085
37000
50022
100029
330001
132011
518048
518000
210039
100085
518109
200435
100069
100005
519000
300241
518112
518028
300010
430080
100083
300201
515021
200002
100022
450052
100872
100123
510630
100028
250033
430000
518049
546600
215001
201100
201814
730000
516001
200032
200125
364000
100070
541002
150060
518031
361000
100029
325107
511442
350001
510240
100052
264000
230031
210035
325600
138000
201400
202150
545900
100076
310007
365200
201700
572025
300051
711604
714206
519080
545006
224000
617200
518000
100024
132000
350300
523200
523660
201108
516001
221000
201708
274900
510075
214196
210048
321300
210015
710021
310012
100068
201204
213000
550008
100083
100078
100101
210001
200041
214500
518116
363211
100010
518043
66000
537012
518108
354000
523000
30012
511365
200052
266555
201411
519000
325000
518053
523988
528500
730000
200072
101300
610072
528402
410007
116001
332000
523275
201112
200020
518048
200435
315300
226200
400020
100738
230001
515600
262400
201201
518109
116600
530004
200137
200124
110013
101100
650300
518057
200122
250100
14030
201300
200441
511400
266071
37006
200040
350007
210012
230031
528200
100037
200126
200001
650222
528133
264250
351100
100005
102300
250000
321000
100045
710065
400030
201600
300457
650031
719000
730070
510050
215008
300400
510100
110161
56300
100083
135200
200092
361004
529090
518031
650612
201100
610016
276006
200129
610000
644200
224001
41200
315040
250033
523000
215021
361001
226553
300130
510600
233000
200031
621000
400052
33000
100037
250001
201703
100080
41000
518048
110023
222003
215006
214028
710065
300350
100029
214000
67300
250031
300170
116023
215164
100034
330029
510630
430015
810001
523869
350015
110003
361101
511462
330002
25550
518081
200011
561019
450000
200032
611731
710001
100037
310007
210012
511431
618000
201101
215500
409600
350007
30600
362000
100013
450000
266023
519082
201900
110141
523702
56003
213000
650228
515344
201900
200127
214037
450000
610000
200438
210044
430050
67000
210018
110011
610015
518052
325000
215200
100088
100085
300202
210001
225001
223900
200235
200021
100045
523810
323000
100035
518048
314100
300456
110014
430040
410006
430071
510600
200435
514500
201208
350003
110035
100061
362000
210018
646300
430030
100021
250010
518102
101300
215623
523146
410200
712000
430070
200232
201100
201311
342300
528300
361021
14046
518052
100061
325000
518067
100071
528000
200061
750001
200335
200070
230601
361004
518117
325000
730020
100176
100085
510165
100039
100176
410005
510100
210013
200126
530007
200136
518026
201108
100022
528400
48002
75100
572021
200434
361101
610021
33000
710000
30002
710075
430070
710021
410007
100142
313000
201100
450045
442000
201100
201613
315800
401220
100038
510288
315800
201400
200082
530000
215615
110013
350001
400020
450052
225009
417700
400060
200540
300162
650308
200093
15000
200093
362300
100025
250021
400039
100190
30600
518001
457400
523045
622659
100036
200941
213145
250353
100028
510735
518019
210016
650228
710065
365001
100022
110003
310006
311113
741001
364000
414000
266071
471000
201400
100022
518049
650000
734000
200040
214200
518112
430080
245000
410007
513100
517000
100082
200010
361012
516003
430000
830002
100024
528200
215314
56001
430080
350013
424200
100013
610041
210048
314000
110032
100034
10050
412000
430012
100097
518114
510300
300400
200135
201508
710061
200065
102206
646000
215004
215400
210001
528000
537600
450052
201202
528200
100028
300060
515063
352300
730030
100034
410008
210038
610401
250013
215011
530021
50051
266400
250011
100072
710054
510630
526200
200135
400050
350001
214101
100010
201615
221006
314400
412400
550009
310011
100025
210036
226001
200233
200123
851300
100015
510260
300251
430062
215009
362000
273200
675300
100176
561000
518026
100000
430030
34014
518112
523000
510660
201805
518000
533312
300211
200010
100005
100872
518052
200070
200333
510010
400010
518057
674100
300142
650203
750001
215233
100043
610059
300060
100094
276034
210005
201600
213022
116000
400020
124022
100075
200434
563000
518038
315021
118000
115007
200431
213200
65000
650118
110044
100095
624000
115100
311243
710032
516003
256119
314001
210009
518003
518023
610015
21108
214422
100190
201203
610041
313000
100621
100123
201620
330008
314000
250000
437000
650118
511500
200126
510610
200231
510407
210008
402567
102208
200435
515041
100102
529000
32600
362700
110003
71000
510655
210001
730060
300162
110016
710043
300384
214000
510600
100071
332300
610036
610041
510260
201700
224600
402760
666313
650101
200231
518031
50031
363500
524005
538021
100053
201206
529200
710075
430074
214028
201906
650031
519050
101400
515041
221008
230088
710119
550008
200233
550014
100040
224114
530001
350003
100039
518048
117000
510176
430080
157000
266000
510000
541002
116041
362000
650217
210001
100055
100010
510100
212003
200082
430080
150001
361012
653200
200433
201908
730050
730050
201900
161100
100080
30006
851600
515041
417500
350001
238300
454000
710086
210008
443000
315400
110015
200435
201803
322121
314000
518034
100083
563000
475000
529100
710061
655000
510000
100101
518104
610045
617000
510555
325000
100024
200232
100044
50031
201204
264400
510655
710038
300222
475000
200086
518052
572500
511400
523710
610051
210031
100036
276000
518116
610051
100007
518133
511447
515041
310000
201323
214028
518020
210008
361000
201812
200070
810510
213001
513000
214028
100122
361100
201600
324000
264000
200020
100062
611731
100023
551418
17000
617000
510620
350012
201405
510655
530007
362200
250031
510410
528231
124201
751603
266011
66000
510620
430071
215011
536000
100097
215300
200086
410007
527300
361009
201505
210002
230041
224700
750001
300143
100022
201300
212300
570228
518001
400800
211700
610045
214011
510115
413000
100089
200431
353000
100011
226005
310014
361026
401520
201801
276000
200065
112300
200331
226400
225300
310004
116032
201602
617022
213000
518111
100028
63000
100061
650228
200040
236000
201805
430079
300143
471003
201202
518053
518110
100007
261041
237000
361022
100037
210042
48200
31401
100060
200431
100028
271000
30006
350100
362200
226300
250001
311100
325000
14010
100022
518035
471002
233000
430056
430012
265500
516000
201615
201613
363000
646005
430022
529100
510300
200023
200072
518048
100055
215129
325003
518033
100080
110013
518048
650231
300131
510507
364100
150080
529800
300143
363600
214221
650302
30013
200041
100062
430060
200032
350015
310024
430074
226016
401121
425006
510010
271000
29400
511400
361021
610041
518048
510660
201204
200443
300070
610072
530003
250000
362200
100033
519015
515031
230000
100034
100843
311800
50011
100600
215011
310002
100022
201109
100071
510620
528300
100052
271104
361005
102425
424500
525000
273500
361004
100013
215021
200233
200030
63000
200051
450045
361000
515041
528414
518000
100022
266071
200062
246003
100088
102208
650051
510000
715100
100076
518128
610225
110136
310053
225231
450003
200940
618200
536005
201201
450007
571700
518000
210001
225800
110013
101318
210022
300061
423000
100036
200070
300020
264500
110041
102249
637000
570125
200431
344000
200437
410011
200122
200003
17000
734000
201100
100161
332000
550002
315020
200235
30012
518038
730030
710077
200072
610036
266000
467000
300022
529159
518031
316012
715300
300061
200336
361004
563000
201703
200126
427000
450002
322000
361008
100004
300000
730050
511450
300451
100021
518111
671400
100024
314000
100043
110026
510623
211800
50600
510150
116025
518003
201701
130022
100036
100101
300011
518019
530006
100039
330029
518104
430081
200333
100083
526040
102100
430079
550003
100144
100022
650051
362000
322000
100730
54000
518172
710077
650034
100031
116300
511431
365500
361000
110031
361000
300250
102600
529400
100078
518108
854300
312300
75100
517000
518114
200137
266000
200002
528400
450000
362700
201300
300110
528061
310023
445000
130012
300400
100084
529200
550004
628000
110043
545003
438300
301700
230022
510300
610041
100081
518031
510420
314015
200434
300222
363000
518000
100076
200540
210012
400013
519060
610071
325025
352100
362200
102208
200333
100022
201105
200040
430064
244121
100080
221004
116033
115000
523711
242200
200433
518052
266071
63000
30006
100101
110000
110032
100054
473000
322300
30003
524088
511340
510550
530021
430081
100029
545007
523710
471003
102209
710032
650224
201101
710119
510240
201103
300182
230022
400000
200233
518033
100102
650100
400700
510400
300111
100061
200126
523000
712000
519000
572000
215331
50091
723000
400060
225300
250011
200120
200050
510610
200233
63000
113000
213017
730000
361000
201700
570206
100026
163316
230022
200435
10010
100074
272171
251800
250002
100192
201400
313000
314050
201200
519100
511518
200070
215635
300100
710043
350800
315040
350005
163311
200042
325600
100015
325200
212003
201814
201102
523900
231400
200040
443000
515149
200241
450052
725000
210003
430071
100021
100091
350313
361009
100027
100043
511300
510620
365000
519000
300456
266011
71000
150001
537400
523290
350001
530003
201321
100024
518052
30601
201508
400031
614216
201612
201809
526500
201615
100010
213300
518119
200093
100029
200136
100123
300061
100086
100080
300142
523009
200001
518128
100107
200237
150040
100037
221004
430022
523000
410006
215007
151100
239000
200001
528400
518055
610041
400067
610041
450003
201406
856000
221006
100176
215600
100076
100015
315336
528500
202153
110013
511517
517000
201103
430072
528303
333001
710000
214400
650051
200122
510220
110041
361004
253600
100083
215129
100025
63005
200125
201717
200072
100097
215217
361006
150050
550002
511430
200136
401220
215021
200129
423404
100071
200040
100045
200540
621600
511515
610021
510500
430073
710048
528400
518020
518101
518081
453003
224001
200233
635000
100011
210036
230041
300162
650034
101101
266100
200032
610041
510330
362000
710000
300151
100621
210035
100012
213022
250021
201209
100085
201804
100062
518000
100027
201318
528031
215021
200070
56001
611830
30003
430015
637107
518019
314000
201208
116001
650034
710061
213022
210046
201400
411400
100020
314200
310011
550001
300250
201609
241000
201203
362000
110034
650118
528100
510100
435000
200023
300101
201102
519000
215008
100080
100082
610041
518019
200135
430019
541001
330000
100013
266034
518030
450000
100021
812301
232001
213000
300383
230601
266600
528000
511458
214000
100832
315010
201100
130033
610066
523710
528313
362000
710001
411100
610041
510623
511800
201314
518057
200137
350321
150050
361012
100083
250002
71000
225001
830063
201613
350500
518101
100034
300201
230001
230022
200232
432900
300400
210005
100071
523000
510403
10050
215002
430015
76450
636250
100082
842000
525300
130062
100041
100025
200030
315600
430070
430015
100055
266000
511400
116023
247000
401120
50021
200135
250012
48006
200063
65000
200333
518035
201619
214233
518052
214001
200051
201615
100045
100049
226009
150090
100082
519050
236000
210008
200940
458030
30006
215001
210018
518049
100006
350002
230022
524300
750001
100021
214122
116021
528248
100124
241000
10051
300457
334000
518001
528529
250100
201208
154400
213011
225002
518053
200071
563000
353213
361000
361008
330013
400031
510000
421001
100009
518121
11100
528300
529000
330046
266071
571100
100053
63000
215163
518029
557300
510310
661300
611930
515041
714000
528231
100083
200030
246000
518101
710043
300070
201305
100028
521000
200240
100024
523960
518125
363107
215300
255311
241000
518002
325000
710082
523642
510000
362400
30006
201100
411105
350007
550003
528318
201108
510220
200540
350216
665600
626400
518111
518031
211100
518052
100054
430071
200436
325206
361008
510180
310012
610071
201100
300400
710054
200126
311100
121000
33000
314401
210033
200032
810000
300232
650118
214121
511442
215228
100061
200331
201105
300193
100005
528000
519080
518000
100083
330008
621000
116021
100142
12000
530100
518129
425400
515021
200444
100076
362000
450002
450003
100068
50016
530031
350001
518048
300090
201619
200002
518105
312000
201615
518125
510403
523808
300171
100083
511450
550000
315175
518001
350009
200083
201108
330002
422000
516226
213015
362000
300200
511340
472000
666100
100037
30001
215618
715200
300203
553505
530011
610091
510620
712100
523952
529095
250014
256600
200126
610000
533700
100004
215002
410008
518103
210019
102100
523750
510800
570125
26321
626000
710048
110004
617000
200234
523810
300280
200240
430013
215000
310021
200086
225001
528200
310007
524006
315800
100040
264006
519085
201109
100142
100067
66600
116033
100013
518117
311200
510100
300384
510260
210017
110003
255100
411300
100084
350004
518173
410001
410100
30012
400050
215000
110300
100740
637000
200136
710065
400021
100024
712000
315200
430000
201206
300457
215002
710075
30600
116023
201315
361012
350108
611756
528226
201101
251100
610015
471000
311700
512000
210012
266555
325800
110169
201103
102500
410128
315100
266031
201206
400700
753200
50051
210002
100010
674600
100089
430060
325000
400013
457002
451200
200233
550002
737100
410007
300131
161005
650031
201615
100011
201611
350001
518105
510220
430032
510507
350001
443000
215628
200021
110011
510060
100007
518034
201801
611730
331700
677606
100037
110013
351100
623402
200122
215021
201615
815300
100024
311200
41000
300457
201700
200041
430010
201204
201315
100016
310018
529200
100071
528000
213004
210029
650228
66000
100102
410011
201700
317508
430016
325200
710003
75100
200431
610046
528000
102208
610041
210012
300210
300131
100068
510010
415600
200002
114042
300100
528226
610036
100055
313000
116600
510080
100089
29200
100097
215004
41000
510080
330077
56003
311201
419300
100872
201822
264000
250014
350009
100073
830011
518129
362261
30001
200032
200232
64309
310006
200433
225126
570216
100070
336000
100085
366300
362261
200061
250101
409600
110043
441000
324000
312300
514500
561000
210012
550002
311203
100025
100124
130011
430070
201311
430040
361004
526040
516521
350300
102206
510730
610091
330006
100020
710061
255438
10050
410013
518172
519000
114001
100076
100020
116011
100088
210008
231400
528219
200002
510385
435002
650033
710061
300380
201620
324100
273500
100023
418116
330096
518028
100016
523160
610092
519040
310030
200433
200237
471000
611630
541001
518110
458030
400010
860600
350001
610100
519020
610015
213000
710077
200435
830006
663000
511483
410000
737300
651701
528400
222023
362400
200041
350013
201206
100840
315300
523960
201100
274300
519000
214001
646100
324400
471003
310007
210028
215633
215008
48204
650031
300457
362700
518028
362700
210010
710054
100037
510635
610063
710068
315500
110004
610300
518060
530012
510260
514467
315010
350000
675702
550004
300074
250031
232038
63000
266000
671000
200233
215021
350001
671000
518057
510000
617022
50031
850000
100071
122000
100053
350003
362000
511340
410000
528518
310053
430077
518020
430070
224222
215005
518112
200032
430022
226000
100084
510655
635011
430000
37001
518101
300384
266100
215300
30002
318020
201808
529300
830011
200030
545006
213001
518081
100011
310003
65201
200331
200081
530007
510060
215000
528251
730030
518054
100038
201204
300113
518104
750001
100140
710075
322000
518038
350500
10010
430050
100083
215021
200135
510900
528300
200086
200125
201700
150600
300151
100142
310000
434000
528200
518122
200070
101111
200062
100029
523013
215151
678000
325027
200124
419600
674400
523000
100088
610083
465150
471009
400080
510700
733300
710068
14040
430071
430000
610015
200822
250200
523850
50000
45000
334000
30002
100007
430212
422900
200443
300422
351100
200001
625000
528100
100094
63020
528300
518003
66000
450007
350700
528437
550003
200085
572000
100016
518031
221300
312000
621000
610036
365500
100022
200124
610031
525000
611830
256600
200433
100025
100071
300222
226001
37006
710077
528051
438000
200025
810001
100176
100020
161005
100142
430034
200435
511300
518172
100856
830023
200050
212004
518128
301800
450000
214005
266071
201701
100078
410001
100038
710082
610017
230031
450000
518116
510000
523016
111000
100083
530000
100024
315040
528414
201103
363903
314200
100028
201418
518116
314031
810000
750001
542800
362400
530007
361003
300050
651200
200235
315806
518103
361004
323000
410006
518104
442041
628003
350003
100000
200070
350003
230001
332000
214024
650021
300193
100041
361005
443000
561205
570000
200437
527300
30024
570203
748500
300381
250031
530022
100028
350001
215324
510000
200940
401147
518035
201401
201100
210070
523460
510620
650041
213000
200002
352100
100021
510006
710002
200431
650000
200030
350108
110001
200063
510660
200052
558000
215128
100016
518054
518114
100050
364200
100053
116011
361201
225700
430030
200093
222000
250022
736200
201102
300160
150001
110016
100022
365000
63200
516000
325000
726011
100088
210046
30009
443000
100011
450000
200240
100010
710068
50000
471003
518101
116001
510990
518038
530021
365000
300451
215300
850000
30400
300180
100031
750001
230031
264316
400038
200431
100102
201209
510055
510555
100013
300456
730000
100085
710048
610036
110164
523298
365500
518033
325055
201108
210007
300270
472500
114041
100021
361005
214001
710002
200136
200081
430081
650000
510440
201201
100071
430000
264000
334600
225300
224500
110006
363000
201210
234000
215000
510000
510021
816000
100191
201200
214156
471000
215228
201204
511442
100192
300191
565200
100043
350219
315400
408000
100081
310021
201206
462600
266071
200127
710100
430070
100025
666300
530000
100025
200438
471039
201308
200041
200097
310003
201805
522031
715500
150001
30027
519000
266000
73000
528333
300100
511400
300350
530021
361012
261061
100085
100053
200235
100077
14000
510220
200439
710075
201711
362300
221004
67000
56002
250000
518040
430081
511358
201900
150026
125100
523000
528403
100080
300350
516148
351100
654400
450052
100075
610100
200023
310018
241000
14010
523455
541002
311500
200093
252600
54000
362613
213002
100107
518001
528415
830000
430074
100029
350004
750411
312000
315010
510600
300111
210004
200232
276800
17000
519000
410005
300457
201718
300071
215500
471000
570105
300452
61000
100071
518172
338025
241000
510160
510410
201203
137000
133000
570102
201103
200011
450000
610041
450007
610100
201800
211800
100076
511400
362200
201206
523950
311300
400021
201900
200060
510370
562400
211404
313000
510642
511458
721006
750001
410011
100031
200080
657100
518104
361006
365001
102206
100097
527400
314300
432000
300452
410001
528200
661100
200433
315010
201314
528463
652700
121000
100043
510075
50000
130118
518054
350000
210037
610015
200521
100045
518116
530022
110004
215228
100025
100022
650021
710032
710061
563002
300270
201600
312000
100081
110016
510100
14200
528400
210038
412007
37003
710014
715200
213300
200433
42400
518110
214028
110021
100020
653100
810800
201317
201208
510095
430071
100044
201203
350014
200001
224005
300140
214045
400010
610036
518057
510030
523808
200065
467000
201600
213011
401344
200090
730000
511340
511495
215000
200441
315312
214031
650041
100101
130011
518000
750010
100029
66004
100081
510055
450013
510800
452374
510220
100027
300456
515041
200233
200083
650031
100005
528500
100044
226111
100071
516000
510520
313009
430071
200233
256500
200231
201318
150080
433200
510545
200336
264000
201100
300222
110142
710043
264200
530003
350018
201400
150001
266000
623400
621000
350015
610015
210024
321004
331600
272100
510160
100021
100044
100067
410001
650032
200086
310002
518035
516001
201103
130012
250100
100123
100081
516003
50081
655600
476100
363000
201705
523850
518052
350700
450000
510230
100088
201204
510627
14300
450052
623301
735214
300221
214043
361004
100078
100070
250031
610002
200436
448000
100054
313000
854100
610021
511400
511430
726000
434000
510095
610031
710032
200002
100020
710065
361021
510280
523690
510085
436000
210046
201201
116083
100020
100097
201424
510090
810001
400700
101200
710077
511495
518081
10050
200443
100176
361000
361021
430064
610041
255086
850030
214037
161005
570203
100022
62552
100025
400030
430015
100102
215008
100055
201615
100086
365500
200235
230009
256602
300142
610041
200093
210029
400000
455000
100176
201101
300012
100029
230601
50035
311800
100035
100875
250100
523000
416400
528303
211500
100043
553001
200135
225400
200233
430100
710065
528437
315600
515000
430031
100026
430071
102208
201319
134001
300140
300070
215300
200335
41000
201108
130012
201822
201306
610031
515041
510620
610031
316100
210049
400050
361004
250001
510250
100069
200434
315010
710065
650031
523000
650031
570125
50051
200060
130011
336300
300140
510405
510180
570206
723000
350001
100195
100027
523460
266071
200436
325508
411100
100081
114200
518001
102200
300010
518001
611230
616350
550002
529000
225000
750001
150010
314500
100038
266000
250103
201800
230000
362000
300457
201600
350011
250022
710077
100080
102600
311121
201514
730070
255400
30012
30002
710600
300457
250000
201206
450100
523960
737100
211100
610041
100010
518057
45001
165456
226521
210011
430071
610031
100176
200335
735018
100040
200040
115000
214063
100193
518023
510800
523500
100011
400039
200072
201306
519100
610076
454002
100038
528100
650000
518001
322000
448124
530031
450000
315020
200444
471600
516001
678700
100022
200023
518116
710002
611130
100004
200065
621000
511450
200081
226512
518048
233600
100016
200335
214500
516211
443000
100075
430040
510100
214028
230001
226006
100069
116001
518000
201210
514000
214122
201812
200439
518111
100070
201901
225506
100028
515300
725101
210036
30031
210028
430223
518125
215600
100024
214434
200032
200438
722200
450000
226500
523136
300162
451191
710075
518067
450000
510230
511340
200000
330027
116100
100089
224721
213300
100013
201201
450000
110041
215138
311100
361012
214000
226001
29200
200233
200438
350300
200041
518027
300025
201209
515100
200062
362000
410000
200129
213006
610041
200050
100076
201815
610213
650091
510403
161005
316000
100101
300222
16030
414301
200240
201108
50011
830000
527300
300112
541004
225400
510613
100029
441706
200040
657800
545025
510405
213015
518020
519085
412002
300181
215228
716000
215021
362200
317000
200010
201108
653100
410007
300402
831100
266109
351142
100041
215341
528300
315323
510630
230088
100190
213002
511400
610200
300451
610041
200433
100010
547000
755000
100007
201317
518031
100085
213023
100043
325802
201400
100053
529100
313000
750336
311300
201300
518002
350008
400016
201600
610017
215300
510500
710129
213004
350301
116011
300402
110003
100823
212002
300400
101111
201805
300201
710100
156300
200135
410004
710054
510220
200434
300382
528308
225009
404000
450000
311300
100052
510655
67000
312000
215011
250000
314500
201620
311201
100004
510105
536000
311100
210008
310004
510800
324400
41000
75000
315400
100071
100051
150030
200443
322000
510850
201106
213002
300161
663503
351100
453400
272029
541001
210012
100125
678000
215000
201112
710032
210000
516229
430019
518000
116021
226006
510142
300192
100048
210001
535500
471543
225300
200002
215345
570203
361012
443002
300170
550001
332000
610036
215008
523960
523863
266111
271000
110004
511340
201901
210008
215001
210000
300060
518125
211500
412007
721006
300071
510620
200071
100123
650000
510000
250000
400042
610015
510403
530000
110035
300385
100024
545001
314100
200125
113300
215000
100080
528251
200092
100101
61300
116001
510310
215634
210005
400031
430014
430061
518067
200940
200233
201208
200237
300400
200124
201615
300402
315300
458000
200001
250021
100076
611830
310019
116023
100005
100091
519045
515031
210012
510520
518103
710077
137400
100069
310000
110013
72750
310018
712000
443000
224011
300073
201103
300382
530011
650051
100853
550001
100101
201103
163000
100078
266071
450052
200051
510180
361005
523015
100020
110161
415500
100020
528400
200120
450000
510630
518109
300300
510360
317500
325604
64000
450000
610061
510627
450002
100041
364000
200090
200233
210012
201600
200442
201906
550008
201102
361012
266555
518105
473000
510275
646300
200135
100022
200125
200093
430060
274000
201206
518057
610041
710061
650041
300300
215128
710061
110021
510080
750002
100032
710001
200433
200540
510300
355200
523710
528000
471003
510730
310012
210011
317610
518103
276000
210037
350003
510060
410000
201200
300181
710001
361000
410006
471003
363700
225300
64000
200240
665000
212300
264200
515071
100049
518057
547500
100176
653100
211200
200126
315400
315010
100091
518111
201202
266000
350108
523460
100020
430033
511442
518019
350001
271000
315201
475000
300150
518103
250100
214028
430070
518045
362251
525000
266033
17000
215500
363000
224200
341000
64400
215008
710123
510370
200001
412002
100097
300400
210007
510080
610000
510110
224555
100000
350018
650051
201608
201203
415000
317527
415600
610100
471003
364000
350300
510665
611731
100010
311300
200092
610051
150001
351100
100016
362021
430070
210018
100022
528000
200231
266071
615000
361009
130021
32000
510630
610041
200333
65206
518054
519040
100096
215006
130041
312000
116021
200051
550009
200333
200003
45000
100021
300171
215011
214441
200120
450000
510630
210005
545007
610021
200233
200335
361022
300070
100011
510406
610060
214001
100017
300151
110003
100102
118300
215126
510890
100016
511400
201306
200438
300060
226001
510230
230001
830025
361026
518034
100085
102500
516001
100022
350001
510555
30053
200071
225300
523500
113200
212000
713200
215001
471000
533707
100089
201107
518027
518020
610021
570106
110024
410007
350000
30032
65201
510760
212000
350007
201900
430072
610041
246000
100085
518034
201100
350015
400061
518118
315600
455000
100035
410000
350001
361003
100051
256600
266071
226002
200030
100085
430030
350300
102200
528000
518106
430074
100025
300000
201908
528429
200135
710061
321000
101300
114011
510660
661000
350001
213003
132001
100015
116001
225012
201517
361001
518000
361026
214416
519070
610043
200333
510310
100083
200433
210008
310005
519100
100083
410007
325000
200233
350007
650216
522000
523930
415711
213161
110300
100142
400041
200941
56500
310018
518105
455000
310009
200443
811300
350001
116001
518172
665000
266001
200237
529000
252000
100875
210005
110014
266000
510440
511400
519070
511431
200070
650042
54800
272105
710061
250000
620020
518048
266003
100036
361004
565300
214442
511462
200123
361100
48000
213000
150018
518111
422400
215300
518000
271200
641400
310013
246121
100094
523000
710043
626001
201206
100193
529300
514021
100022
400039
519000
456550
201400
536000
200437
536000
72750
536000
730919
410012
300020
515041
430071
450000
214512
410003
523042
201400
264200
710043
315300
200093
56002
310000
101601
610065
300143
430024
615000
350003
314500
315101
200030
528447
214000
400033
200126
678000
361009
315000
201306
200233
350009
102205
315809
130000
201613
710048
214062
312000
404020
362100
528000
450000
101300
300121
210017
50021
200333
250014
201803
510160
361001
325000
200072
201615
110023
236000
100083
510500
361006
200438
215231
350309
50051
450000
523326
201112
266000
366000
201620
528000
50011
63300
17000
730060
528244
130000
226600
255213
226006
325000
518048
315041
246700
533000
310012
200125
510800
510335
528000
523960
353000
100013
518111
200020
450046
528300
112000
516003
100097
550002
400700
201203
712000
400069
100061
716000
250105
264000
214000
710025
325401
100021
210028
366000
100012
611930
710055
63009
510280
518049
518105
116001
131300
310053
33000
511475
225500
201601
30027
214000
213022
512400
545005
200431
100193
362000
516081
850000
300190
610072
230088
113001
610000
50051
100028
400023
110014
100053
430071
101200
518000
433123
518033
100107
200540
410011
214401
443000
272041
361000
400010
215101
518129
100043
860500
350005
518026
430223
310014
750004
726000
418000
226200
211100
200237
710077
300161
523160
523690
751300
210028
710086
710100
744000
100086
200442
100005
518038
541002
519020
100022
200126
210009
741000
523000
30001
212002
714000
200060
300300
224200
518067
214002
364000
213103
210003
101119
518116
213000
100028
518106
65001
516600
100050
650021
510170
300150
650000
265700
50000
510620
226300
100144
201200
325000
430064
215002
315000
518103
523560
100022
475000
200333
510812
300385
100176
361100
710075
100026
610066
200092
570102
200433
415500
100016
511450
10018
100031
537300
410000
611430
244100
518053
214000
515700
518054
300384
201600
430010
201112
100040
350001
402360
100101
200237
210004
130062
661000
213000
241000
215141
100070
518000
116001
110004
310021
210036
200231
100176
300384
363000
523000
200439
350001
712099
201210
100020
362700
210029
50011
510220
510380
430017
518048
110042
518830
272000
300457
314400
201209
710004
200333
610041
110141
201707
201318
215236
518054
200437
200120
201803
350002
214161
810003
56404
350800
441800
350003
710065
230031
238321
300011
210003
201400
100144
410000
510600
330000
362012
201203
610021
100036
200011
510760
50200
361005
135000
611930
610107
200092
730020
14040
42103
200023
12100
523926
201200
518057
518053
223702
300241
213164
100086
530031
100077
300052
362700
210012
665108
100084
518107
400010
528138
750001
361012
213200
518122
200940
363100
215000
215200
526040
515061
213000
230001
678600
200437
224100
116001
200137
100084
518055
411100
523072
541100
518036
526060
350001
363300
518048
100015
100083
200082
14040
510665
511447
200126
523775
430051
317500
215400
610065
315400
528322
510600
366000
100020
442500
421001
550004
450000
655800
100086
300250
511458
200126
523046
516600
530031
200331
226007
300385
650238
201102
226010
511430
518118
215300
311100
510730
844804
516001
100086
46204
518057
100009
325200
363500
510140
518048
101300
404000
518020
200231
400010
410002
100020
510100
102300
266071
550001
26200
430030
200438
100101
550001
644002
511500
110042
200083
100070
46000
519000
315613
100086
410013
224000
831100
215600
321300
511495
715108
213000
518016
712000
537200
201108
200062
523717
200052
434200
730050
510420
250014
100021
518104
518000
201206
264000
311400
310024
100875
265705
161000
332000
100082
623000
450052
325105
410001
201600
201315
530021
523133
518052
341000
200335
361000
450000
518040
430079
523660
518116
200432
201901
313000
200431
200070
350001
610041
201210
100069
201201
230001
430421
100077
200123
610036
365000
215021
400039
361000
518054
529700
215153
100195
100006
646300
100085
215005
154100
412002
300151
271600
523330
200129
200002
518102
710038
315321
53000
570228
725000
200336
710021
213000
271000
518106
450000
10010
210016
300162
653100
518057
430022
510100
610500
50000
200070
312000
225000
50051
200030
215126
518103
350007
515800
100038
610072
430000
250116
716000
200093
450000
422000
310012
675000
528100
323400
528000
530022
100102
116600
518052
210036
100098
214071
236800
710005
222042
412007
430013
471000
310012
130062
310008
100089
50081
200120
100028
200093
226600
135000
410128
100022
102200
310053
200030
510655
125027
300000
210001
200052
310015
475004
200120
330038
350001
102200
510100
472500
100097
201601
213000
100873
134100
550002
710065
518031
226001
452370
402260
414000
101100
528471
510310
529147
650000
110003
526300
100083
200001
100040
200010
519000
518102
361001
312000
363107
611530
523560
100872
215000
515041
361006
610002
200540
200065
200129
200233
215500
510405
110004
350009
422000
214043
226007
221004
300051
250011
530022
200333
526060
215129
528400
201600
201324
200120
100038
411100
510250
300110
545001
414600
315500
215200
350003
201105
611130
266071
550001
200093
201713
620360
54000
516600
430021
310011
214073
517000
214045
318020
200235
529700
100044
519041
510300
510000
860000
130061
133600
102218
215002
315101
100071
202163
300400
354300
201305
513008
510250
528244
100055
730060
264003
618000
100015
201615
210024
101200
610041
650021
238300
529500
518000
37006
816000
256600
528000
421005
528325
50000
515041
430060
200126
610081
200040
41000
513053
116001
200442
100097
518036
200041
201612
201108
362700
300071
50000
519000
474750
518104
621000
215300
222006
734400
527300
712000
516006
710086
200129
100102
100006
610500
100024
50001
100022
450000
200030
652300
510330
130022
200127
518116
511430
362121
300051
37006
400002
473500
361004
518110
528000
200135
10020
310000
214101
518020
215534
523076
430030
350004
710515
361100
200030
236000
233000
114202
100083
350400
200442
310023
710032
200080
315400
310000
510095
213001
400060
710016
100044
201114
315012
528203
250002
201100
610031
200443
100102
200031
400060
250002
518114
200333
325003
116041
261001
137400
200065
510660
226001
610300
200335
516003
730070
200061
214043
517000
100080
650042
200137
315400
30304
201209
710127
150010
519030
315300
570105
410007
510530
610100
528415
523619
200082
629000
510070
100077
518107
150010
430051
410100
110021
518103
435000
100006
201100
102500
315300
519000
101113
100053
400039
313000
523712
200331
100029
528247
210007
361000
362700
200435
210036
30006
100055
315010
100193
201514
415000
848000
50091
210018
410005
610043
750001
256600
362000
517000
518081
471000
510080
315000
350400
541004
310020
210012
200021
518004
710049
116012
100004
350108
518001
100081
570216
511450
300060
554000
324200
210002
518108
571101
663000
221111
264200
100025
210028
528400
528300
100195
510030
215300
510080
200040
50021
430030
518019
201101
300300
330002
100088
210008
201804
537600
523600
523560
510610
300450
30600
100875
201107
361009
361026
650021
518052
315020
300100
200235
110034
835000
200072
410001
430064
300042
518118
364102
350014
200443
100025
518112
518029
210042
556500
350001
100713
330003
255000
100078
215231
214200
101300
200127
250100
200086
300450
610041
250062
300232
201400
518048
130000
414014
250022
200072
450052
116013
710032
751601
226001
213144
201202
48100
433018
100124
266071
510630
730050
528100
310000
518000
101300
200235
610000
201203
41500
63020
515000
201802
430012
523900
215228
215300
471000
517000
510500
102200
201201
100029
510370
430056
350001
430071
67001
210029
362000
510235
200031
100036
130021
300011
430079
62650
215011
210014
201318
315800
100082
201100
519070
510630
311400
200001
221003
350009
230012
110003
510260
710054
350002
214000
116025
710075
610041
450000
100013
214024
210006
110044
650224
264000
234000
518040
201801
810003
750001
518040
230001
528400
212003
100089
215123
830009
266071
116600
523763
200120
325000
200086
116200
330200
214405
528031
362000
450001
300456
511440
351100
510530
430070
710054
541100
300192
516870
351100
410016
100020
100123
233000
518100
344500
100071
650200
336400
214028
215132
315040
300221
537100
400020
100101
510520
200436
350003
200125
361009
100044
52160
511800
130051
257000
519085
