9141077748
9005084608
8142077804
9178043731
5026089938
6156051505
4125008165
9124021705
3189052053
5027096010
4192082844
1153086243
182030197
1088090959
2087091030
6057088844
9134023922
1144049748
1130036464
2122079567
53090998
5120034131
7106063791
6090094300
5133024352
2087070882
9193007064
5149035742
5155084975
1073070182
7050078966
1135052504
143043450
1139053273
65083591
3165088978
1106013124
6198075930
3143000053
2106053240
5041093260
8031097431
3136000336
9006095821
7131064792
9145078800
172007103
3129030291
6188049021
8158069772
5100085440
8193060200
9192086204
182012916
4120004879
5135083835
2170068218
5193057298
2107071987
3127097525
7010089745
1173036969
9181056856
6190028197
1024083792
3056089283
3163039509
6045093009
8194009552
1066070293
175014400
5144083967
3146072550
3131072924
2141014890
191077015
110096240
5153039537
65089033
6030091254
2164003018
2160073980
1117087876
6001076796
4123038658
4012084793
5195061389
4008081232
6017097420
1192069919
4136087938
5070086655
5178096906
3101046690
3148098245
7089091682
2192002777
1102046149
4133068033
5131082465
4145043097
2155040107
2118019338
3105086341
9181088891
1126003752
6159030314
3042089478
4152003150
5136045455
3170014248
8051082093
6124019306
5169064877
5194081504
7162009416
2198074052
7103007569
6116004086
4101010070
5140099749
5103075513
2196089248
2158033678
47076886
5160080362
9164035395
1099297
140036863
1098075070
8149054937
1179084727
1114083975
3102010387
3175024706
7194073863
5047085494
7050097501
5198079399
1151029555
1114046944
6172010021
5108023339
5139085386
2131078048
8165012890
6194028104
4053073081
29077966
2041085801
7114017016
2091095468
6113062920
7118096417
4108043618
7136018916
101035074
8073096913
1199098605
3115071905
1125002154
4155082343
194069504
3105058208
12081234
7123061779
5133023126
4135046955
1187028503
182043213
138014888
3146054735
4122052832
3111027135
1161054161
2185061650
1117022876
8171023106
6142083107
3086070398
9136022041
6116030455
188054626
2183033380
1189034532
7038083509
19096192
8059091437
162097002
3160055040
8193007934
8131036458
6166067176
6138077749
6181037580
6187030715
7125054999
5155041884
1180010781
2187087182
2082083660
7149089143
9038093397
6069074493
5016099416
6179072221
2102026859
5176005140
9056091529
5134061720
9116013557
4109026121
6116038294
133061372
2153045226
8132065912
7014081997
1196078110
3048084431
8145088173
1100067440
5164050983
4036081639
6197024308
5107081165
3108053078
4010081650
6074088895
1145084733
7101033663
2139080469
6148019424
4153031260
9162048854
4007087613
6136020825
7130027767
3167027454
108024492
8199006107
6188000425
4139084446
4106082203
6137072556
3124033509
2116061208
4177029140
1152068536
6191085203
9185021243
8112038313
7046087679
9113067716
4160066624
8101014884
7143037896
9133044257
1154061435
177040418
5181079945
5146004186
5139090625
4109043667
3156036691
2180028101
130002350
5174045083
7109004879
6161097301
6120081276
7126049735
3109076686
7136067587
5175082204
5094512
5047096889
2021078971
3122061849
2183075429
161078704
3086086985
8009099990
3197098038
4184069494
148055402
4185064666
2141034993
8175019263
7136093120
7076073365
9132012998
4166072210
4125089673
5159047175
3145062077
8142048960
9162007415
136053025
172063772
1151004190
1170010272
4157045115
7175072593
2150067857
5127030216
8104020763
4047095788
109034209
1172073298
127037208
9119053962
1125074568
113070411
6115068989
5101081908
7160076652
8085093016
2119050358
4196040167
2161062835
2154087141
5123020493
5199056094
4008071650
139019187
7144059408
4080099930
152001610
2177047603
107048545
1019079750
5159007069
5126010801
7183035627
3135096737
9128076774
2021084232
2198087074
9110092844
4132006625
4117066179
108080295
3161058448
2168081604
9196088074
9076093504
7150042878
4143057486
7036080722
3177075226
1144063813
138019576
4141022383
154088792
6029090651
167064928
9127008561
3007089523
122052900
2139001946
3062097973
9190076134
7117036111
7176016821
8100087344
179010815
1147041621
3169015838
8054090955
9170088393
116086687
4107024716
6036093471
5126013274
63083584
2106086693
2167077655
9059086502
4030086093
1150005826
136098702
7105079545
169001361
9174002560
8124048055
6115088447
7183085104
187003664
1166020891
7003097924
9104003703
38084581
2185054497
2041093199
9029088253
5195010320
6176020044
5130002997
2113031553
1163051479
2155016046
9135001970
2190039605
4135004156
1022085050
3111040322
4161035777
1152058952
8179005666
1161072465
4009096960
5124020334
1103029917
5112004753
6122067993
5138015885
3021084114
9019097003
4043093203
7003091620
8115086508
5035096585
138004119
5136056786
2131088069
8186023625
8018088751
5151053268
2093097583
1105003546
5094079362
5133039757
3107029767
3105043568
5126015211
5123003377
7195031364
3106044336
5026091518
8171033432
7101040830
4039096011
6036089041
134002182
2140041722
5150019044
8069086586
3153010962
7189066008
5179019979
9139043782
5078086691
138097035
5076073950
5164039608
6042085541
177009288
5120034299
7130038592
4098092626
3074091515
4114022028
6193050137
3112069811
8130020652
6113053275
6130007810
9169010201
4114043318
5081091851
3155056962
6132071824
9183087559
8173006964
6155083103
5131043553
115060433
7170097100
7050084878
8198027906
7083080810
3189085961
7124008902
7148036564
4165069391
5060099747
3129063333
9001094431
6170043819
2163067166
5180042373
4134065780
8146023058
8066093152
2125032187
7039092839
4158054830
7082075678
9081081186
1144068301
1132093324
179075097
116082070
7190033316
4172059834
2105003705
2133092634
1047074554
131079383
1117034161
7119087136
3131099236
6155081574
99089860
7138071484
6169004689
127025334
3044094577
4149052829
5109026723
6195088785
4126022074
2079098869
2024091395
3176029603
5069088642
4109010756
175028915
5134031885
184003635
7029090080
1117060303
9171051277
3169043190
9169086496
8114042355
8108045878
132058222
1194064655
150034263
3181093526
1006080999
8041092291
3089091860
5119062179
6119062984
129089193
136069016
1027083427
4077351
6015089714
7180062737
118081291
5112066922
5103029016
5025095565
6013095631
7137069570
3160042772
6156024008
5191021453
7192083368
4028080917
9122013484
8112065447
5116040052
9175018455
9155087690
5104060161
1121063461
5021099788
7190010081
5109046132
2191060178
5117056289
123023705
7069087160
2186066986
3160014837
3147032796
9054092992
9135040182
4058098444
7100001974
1049095427
153005363
5145034050
180038668
6014084244
5146026685
7104026633
8041098610
2132008768
1169064171
2109073180
3178043705
4029091271
127069526
9058096743
8105095633
5195005839
9102059700
9167064688
114000914
28082603
5106090802
8193029188
8118089940
9028099092
7166028338
196054109
124080645
3100084381
6160061426
4199034036
6111063624
6029076657
2061071562
5001078352
104081722
3177028599
8160088590
101045880
5173079790
8179071635
4049075388
9105038230
5144052100
2154053598
5131073490
7146021934
8107089390
7138016783
6160069006
7181049297
134073941
1174032914
9170065948
9113032367
6045089871
163032967
3096087825
8191041993
5111010701
4136000653
5079099113
9140088468
174027408
4100014466
6193040858
2100084778
2117042680
6177075429
42078153
5141046911
6111035602
5015086723
165016460
3116014403
6171005276
5175033858
2165065072
2038097903
3075088479
8109086974
1104028658
7199004929
9020081565
1170017452
3146019024
2059092474
7173057412
3078082808
113062230
7165052095
9146045628
5117077330
3174073684
2124068084
3102088329
4067099410
9135001847
3103051964
7086073978
8154058359
3123061389
9099072158
5168079733
9110023866
182032450
77074485
5119050459
5160080196
8185074880
1001091110
4095085236
7166004368
181053349
3192030461
9152060011
3018077051
1182080846
3129076937
6105076687
146048272
5059098633
8164012107
4124061356
5148081636
1163038377
3093088853
8160075151
5183041736
5171000823
5152037177
7162056254
8113014088
1180034715
7130083215
8189053832
6143090131
2149036315
4105066127
9161032787
2087081031
2138014426
2122076640
2012089020
4107035999
4048081404
110052450
5139074436
8179073254
6181016395
67079563
5032094043
151079890
7185062470
4174003831
2138088642
6192025215
6067079756
2125057250
1161034496
189012372
8095083015
5193062925
8165036394
1056088487
5181034831
6191021352
8123058868
2041077098
17073382
4115080423
13098260
174018091
3177035878
2112086185
2076090464
9140010963
5147083819
6181098112
129054650
2139087496
6057088025
5118048136
2081084455
2151069324
7023098907
9153075827
9134024776
5138043705
8002081933
6056092611
120061128
8192042252
101058965
5152012225
2133077884
8144095633
5039080834
8150022340
8152051081
4119088047
3116049834
3139003388
5157040058
4110033472
3170051394
3183005500
147025086
3112050714
2184014219
3167044604
3176062240
1133088903
50085202
116078936
5108085798
90077999
5180095213
6130094509
6127002978
173058016
7102032776
3181014064
4100085182
7127008158
7117052401
4175022642
3010094992
2051081889
163038555
7128084161
7136039042
7121060437
1022085877
5068089357
3120081633
7079084988
4173034609
5195083403
9109004813
5136044858
9129091902
6126099813
9135060234
8187056586
9107077451
8171063090
6011081843
7056089861
4107031613
3101048966
1076077287
3170037375
4103061258
1160046277
6178021413
5188034154
4151026106
1001099121
3020093926
3102017061
5040083389
2197011122
4128079212
9109049949
7181000362
3186045760
2158007054
4179044679
5111021256
5133048773
5161009709
3198080368
9139000460
9186041368
9180041671
3131043507
7058080024
5115019015
6129006398
2168043403
163095720
7152008911
9146092610
7157035565
5075089761
8199050734
8170039000
5092076294
171048049
5154012522
7178062069
1126006986
3099080688
7190042957
9138088473
6110014332
3074096511
2145062545
6121089376
5090082138
4194065697
2075092422
6163042651
2187020925
88093311
1127000645
3104033087
1122083026
2156045572
2102009748
1156022557
6068086322
5013080801
5114024918
4117069666
2109008298
4053081173
8120020565
8199082118
5063098186
2035081201
6120022948
1199055075
7115082424
8133026012
7112005173
1135070700
190064649
119001915
8114053978
6059099694
5012084025
64091111
9007088421
7127022336
2100092438
5106034955
9091092894
3164090613
5123015817
1187021067
6000085768
8172053410
5185018300
3159041363
2069086741
4172039780
124088405
46086775
2161040054
65084094
2003079771
8161087126
4093076164
5177020121
5129083363
2101084464
3199014568
8168041015
134059427
9139086299
3163035791
8161044744
1029090775
3145026432
9147024565
3046081039
3120011656
2199085829
7152028823
2120079602
7184050237
8167028694
7152054130
1085087040
133014439
4024097844
3098090204
3193063901
2109029226
8151070868
49089084
8143046193
5193039758
3116074312
9080095268
8163091034
7169053810
5087080087
3117040314
9197090405
3181051768
8163065071
5162029776
7130013302
8157014991
6034099418
7036077278
9127074268
198021642
4108078018
150025850
6164085251
5093092338
35097357
2156056831
75095684
2199068650
2128022392
6196032997
4129088767
5110051508
129044477
5142080129
9188098001
9140077250
7138091402
3193042867
3004078666
3132049552
161021077
5109089079
9145008822
5160012987
5156073688
7130029193
8119022703
4127041590
5164070745
7124076377
1130011527
9020080111
6039078059
3174068772
9118042917
8196096039
2187015871
1028078253
7049092102
5115006123
3152085061
8198084246
1167014806
9096099766
125081110
7142054905
2165015008
1021085636
8089074076
8173038823
3159065667
1021091434
9030095569
3104063790
153078698
1045096091
2175078205
5188045437
7185072355
191008624
7129061244
8181070794
3198097429
1118040736
5116063121
9159063883
3160065668
8043087440
5029092368
9198004725
3005099855
3121063102
5176076427
2136047366
9137075043
9013098527
131079067
3133025256
9147030329
5146061744
6077086381
1121098239
3116058814
4145082377
7147049194
4162070718
4163031149
7179068225
3141065875
8077087278
3171014901
4084070955
4191036961
1191040262
1124079156
2157020329
4155011319
4096921
4177066162
4091084625
7179069255
6181062645
4063094918
7155067206
2124044338
3178039889
8152004041
3037095537
53092332
5104018651
3199050017
46077194
4196060916
9117062875
6161033895
4108084721
5190059193
5108089763
3127028152
6163022846
9072081666
5173004727
7058088029
3050098301
5022074497
6169054453
7051091802
8100076903
2151015083
8196026947
7183033675
6103099024
1114071303
5182087504
1186058644
9111061730
5133006240
8024082442
5060086531
5153055555
7044094563
1179014150
6142004414
1141061800
9147039150
2187061932
3165067180
2156046872
4124093433
3008084096
1163062091
6106060178
5160033829
5163088843
7186019814
6109085008
70070094
5120085455
6180027892
4180043391
2163019935
1141024077
1024085288
4162039658
8132090303
4137008313
3199025138
2187048601
5189010449
3192039193
9025092763
3186063204
2139043251
5065098080
5160015350
3133056407
5182022022
88088385
4138003622
1127056147
4128040873
3075090787
5101053337
5197080274
42080924
3159043303
1160038428
2124007442
2177010109
3033077496
3105003401
4107004182
8150087100
2110088944
183022599
8139034723
1128087198
4138040778
7109045552
1087099142
4072076581
186010114
1134006009
7181056429
7174061898
146024932
6185011347
4173011206
2154070324
7166085599
1144007221
8194099819
6066099071
6001093268
130038379
5069082729
7115006265
1193055133
3116020965
3197067052
2110073831
7170015824
9120033730
8133063378
3011088823
141048906
34080132
7105035440
8132030241
2139048934
1196039932
5077092132
7187028801
6016087895
1042093626
3168086244
3173022309
2161029438
3117054877
6134032615
1188011125
1162083679
3010084956
1135046010
7151062841
9119002147
8067093690
1135023136
6104031357
4089061
9195074537
9066088748
3163086772
1139059433
9081089307
6181067311
4195013056
49086426
6165029553
4038092905
6191028936
6161002352
4116001631
120065491
6142059492
4159082397
108043673
183064331
7137072241
9155057579
1115078931
3110071926
7128021590
4173086406
3150081792
5123026434
2074092082
7113035674
9170056395
2107064328
44078367
4138082185
4154073979
2190066608
1011092530
9038093447
2028088159
4189008897
143063608
3069078599
9189088198
117048164
9170089443
2175018622
1164094608
2105052635
4101092833
3167073950
5144065652
2125090517
8157018522
110040012
9144070626
3142026880
6146007581
3150056105
8188076265
3175062782
7122027803
165072850
8132052496
6171027597
5120044832
147038016
6121093113
4168003017
3181055379
4172005495
8153079033
85754
2118056406
23080701
1164093412
22070884
1147090714
6112081135
5135071289
6079085286
6115034590
1116012526
8142041405
1080084347
166015419
5164076310
4180033600
1158066165
3119028891
5129082362
1132035851
7121078248
1146022638
5168028959
6026077657
191069462
6183022972
9122003961
121032040
119013795
3163038313
6102036082
2145029643
9051099423
5172024692
8057099713
12077599
9153051430
9139089113
2146047664
192076487
1125051384
1114057516
7130036284
2127076787
5136072086
1015095746
3169078707
7130074774
5160089254
4091092967
6141057995
9148095824
7162024336
1117028650
6111050130
9183044420
4166078328
9100067415
7169008375
7035097045
1145063762
6057098585
162016794
7137052118
1130024952
2107038577
3151072156
7084073872
7127031607
6148097814
4193070778
5103056200
108087623
7135009633
3085077950
9153034910
6122034433
5076086022
2027086440
6121087919
8137061414
4192017173
1015072161
4124025926
5164053203
4151011749
2024072491
4124073467
8028089818
1090099741
170049615
8030092844
5102051193
3144076114
7183015974
114084187
3069083795
8166035137
1126089092
1045088354
172085913
2084089090
7025089573
4177083874
127056337
4070098893
4198045804
8145058430
3131043353
9163036659
7170029464
114089747
5156055935
3186028686
7105019680
9198073251
9069081429
8115079196
4121030335
3198089248
5128038324
6040080773
143087977
7084089448
5117003646
7150045734
9168034192
7156042535
3175065470
8131073583
2173032550
4161028412
7109011176
9197060466
8139020865
7101059784
8143068985
5122049384
5126049826
2114033326
7139016344
9124040792
8021091070
1164048408
4170009567
69083274
7128018258
5065098849
1103017374
6178080437
6011086767
8176086577
8153077615
6153013537
1102036898
2127002772
3163047932
4108025649
2195020829
8130074329
9114057502
6127060361
1135055337
6062080047
8197005944
2018084695
3168068342
5181014862
8085090757
8198013528
9186046746
5106094919
6158038828
158064218
119043965
8193078343
8107049391
8195034288
2102070807
6077096029
4126005829
4160008440
5129038073
2148000396
3166041345
3178065646
2165000364
1116049567
1011073051
9138035652
5103084233
5117006818
9135002749
7134082883
6138051281
4157062135
8016085227
3127058660
4186052716
3081097916
9092095540
8181072323
7020087283
8076077588
8058097518
199076809
5146084310
7116056882
6193084903
8046093076
5048085662
6186009637
2199060470
5191015279
9126075799
4161083704
8044073396
1140012663
8161026605
161026392
2000092718
1139083789
4127045286
4043080402
9149082321
3015088847
3168071248
8126035535
9199031095
1113099048
6094073391
1167060295
4029096938
6080099727
9173032820
1071083671
9184096332
6154016116
3085078467
1100061100
2081093414
3135038532
4184052081
5015092765
192010857
5072088028
4025080201
7139034421
6163056565
7096093244
7166086329
6028082227
1149061838
2134030938
8144065653
66082273
22075083
1111017487
5110031587
9185098805
7172038063
5167041815
4188075880
4026087627
3145027176
6152009345
8185058764
40070767
6184093506
7112040898
2183000816
9156024465
8166045167
1125025955
4157004379
6128075526
7184083003
5146052705
2027097153
6184084118
3162058724
4190072444
26098164
1122023715
2094089399
5170066900
4106046073
3106081546
6157031946
4180029599
4139045413
9124087132
7123093941
6120033746
80098594
3106057223
2188009816
5145010432
5050092842
5173015600
7171058721
7122012025
5158012504
8153045056
8189016282
3090080013
2132021622
1165094032
7175008362
4136075103
6105037046
8163044001
4058085679
198022124
4062079674
3117060698
1183050720
5167034729
7077077577
6166079232
4049093627
4034073187
7019089832
9088087412
7124010984
100073312
9185098616
6115045513
3138063724
6047089801
2017077388
2185088432
3166069303
64078854
1165047915
3184066161
9018080775
7130044568
2159008793
4060097386
2104084449
8119063099
6049084628
5165082169
3188002431
1185048980
183025685
8168058297
8171071603
3090096582
9149003136
8174056001
1034075763
134062269
3045098680
43073568
6006074186
4048097852
9073087091
23095837
7168045048
2191037445
1118095042
5154002336
8073081809
5176024564
8052080583
6161086763
6171055116
9117056061
122038521
8159030955
1197063953
1160060096
7184021584
1048087607
5157002143
5104058056
4149080312
6056098526
24085215
7158007122
50087730
1020097837
2045079655
9160030916
2129077706
7157053666
2179026982
1132025772
3144086598
3154012385
7114010666
8176020656
6196089885
9188002479
142037070
6160048494
8112031139
2042071395
4135054309
8102084147
4126080437
8162098339
186030196
3135025782
8198043918
2149046513
9058099632
5175042533
9146043377
1004097901
1126016210
3134081822
1123027559
2124010823
168032557
9181058755
7127080857
4101058529
8096084270
7165026108
7185070233
7191027945
6162047592
4164011586
7166023121
7126011750
9130093347
6073086650
9133035863
5143015260
9049090733
6168016505
8104045457
6004089698
2117086378
1040080882
7102076827
4146082778
1184063437
2198010274
5172013564
8146035373
1128050977
1171014364
1180067574
4171065418
1136085866
100000488
5038094878
6127061524
6141087122
5164011416
3134065878
6100031149
2181062719
4169036964
108076370
4109047828
2127055243
5144053705
6118032242
144004371
2113069399
4182093811
2124028969
3111037054
2133083779
5105043878
4139082771
3170095420
5162062162
3195057066
9187011160
2136046500
6123033679
7171058207
5179026484
2101062694
5104002110
9169062357
8158089996
8126055022
2125047925
3060098172
9070080870
6024091162
5101010154
1192060844
6175020585
8155025108
9135034903
137043821
8026090896
4198033581
4187005562
175069091
1105046676
9135074582
9057099412
6189020880
8187050436
7188038985
3186032953
6043086642
2113064161
9071089379
1152076061
6147044452
112087426
7187023112
1110050821
114058183
2166061006
1148047881
9180087996
8015087845
1076079466
7139076057
131001873
7027094038
6057072777
5004071266
6117084803
3155084296
4182074055
4140044142
8007099959
4154064329
1012083572
4170018908
3177056690
3186046213
3034093124
4104063906
8133067303
4175067724
3188064218
196065224
5122032508
5104083099
6046071492
121076867
3127029475
5107043805
4165053033
6112049054
1139070763
7168081887
7135001732
7158088160
4182028852
3069079998
9160066112
5107081135
3165060196
9108092018
8104044182
2091082364
7149039964
9106055136
4146087571
5195083985
8144057773
7149036119
1187012919
5142062347
7150055406
7157048220
5134051191
2116013673
7131060706
5070097526
8131008485
2078079254
149050678
7102027227
3135077128
1105043337
6147043111
1102078266
178035373
5169063671
1120089184
3142037390
5103061731
7195043794
2151001747
3129000618
8108062399
5140071083
9139023913
5178052682
1024084704
9133067497
6142015879
5133063733
123038878
9150021287
9024092551
2178072698
7148079512
6029089162
5158074226
4042085074
6108077473
3111048661
9187053382
7184099131
1082099359
7190098209
9161003368
7146089289
7145041369
4166077304
9112080673
7111059032
9076088782
1060080732
7163024713
7110083880
3152051893
9167026488
9157089414
3124057754
126059305
3134009843
5137066619
1147037566
2192071426
3124017816
166050100
2160031536
9116067730
3136089139
7078082558
6118050905
17083672
1137025512
3154052096
1193056589
8133076209
4167068691
4117016737
5162004065
2196030502
1139040105
2157055343
1184058445
6118055865
7143080327
166080538
3186039399
9140009462
2193059671
1161044080
5092333
1054081936
154055342
8117064822
7172070382
7019092282
7189078356
9190038337
184018085
5140048307
9127060590
5191082509
9124036435
6104055116
4165039251
3187040857
1073087909
3038073693
197057528
4125037866
2142029676
92086103
144050066
79096221
6122082478
3143066465
7130002180
7073083906
6148088866
3191027457
4106024767
152066487
4129037836
4103070708
5125063255
5199049844
1149019454
6127087178
3014097277
164069814
1157055229
3174029225
8166076197
9157042819
88083251
8183028309
9110074605
3076093344
8050084092
4113064327
5132041067
5105060467
3112088891
5122093626
3035081967
9179078941
7110097340
193025587
188046675
133040930
2119085020
2141019354
6151001476
6113019846
8122035737
4188066869
121095824
4163085865
7106031967
2176030911
3166041471
6097087765
1112050737
8116073468
1153095811
7113048079
2011074267
6031092136
7072099279
2099090559
97094479
4120046548
2105035803
1137057246
9181042210
3108054380
1189080766
8161036735
4069094222
2171006963
5129051676
126084419
2118004776
9012078383
7111032168
3022084543
5197035099
4135087228
6173012002
5025098306
7021086278
7106000854
9050093014
1117085074
3139069189
5199036903
8164081144
5073083376
8191045582
5152088673
1106082979
5070091755
8151038583
3054071951
2169039821
5113034122
2150053455
4179023481
6115068917
7105073343
4196095537
8118042552
3052085881
5049088592
7116059193
1112055207
136009929
1185027812
7112035748
7020070657
5092086570
3189008044
5128031317
5109086378
1147083122
8159076172
4076090707
2194065790
7106047448
8105016184
5177014763
2025070856
4114032786
5106000877
6142085574
5006092942
3031080303
9191078961
145009207
5116006308
1187086818
3171087138
6103081439
6140071541
5105051308
9148007193
3117007499
4175057862
128022381
8002088708
1160097216
4116046721
9170090108
1031085416
8168016995
4103081729
6106083192
3191052091
4188001747
9167048622
2181010409
8059073496
8193031133
9112018097
6144030116
7130032621
2162075067
9145019010
3123070739
6189046626
9149045605
8084087994
6158071625
4132010635
3193095110
7042088167
160081738
1159075556
5106049723
3030088762
6135046994
8137062271
4051096775
1168070140
7128022018
8109043726
2177093137
4135014318
4196073856
9073082362
2128061152
3146086809
104004425
5198071426
2132032967
9024087640
8038093760
2194061416
3105043731
98084884
3193029947
2139029884
2013096935
8146028448
1127006287
9185050382
7191004686
1194033100
7164028734
7135033521
1071096051
9127012886
8163044655
6188038886
103087457
33092342
5164002805
152008155
9169055080
6162010590
2162004700
1197010464
9127083395
7021090347
5126048736
1077073180
4190066796
5195025381
9194056483
7132081228
8025097244
2051099921
7139085266
8082086533
7162056432
6112087808
3198097203
5134030553
3198002010
2112046076
103005946
40092491
108058077
9177095929
1106047211
7140052004
163053191
7157045804
2028082792
7190045006
4013081294
5138014354
9109042542
6184045847
5111036047
8095080943
9042074799
3103074225
3139075049
107075106
7181069139
3042070065
6119049425
3192013015
107030378
5159090639
9137028621
2143028330
5190068573
4154007324
4072091840
5129038657
5117008875
18089928
9187075837
2167084772
7071084508
3194027005
7110032860
6178094322
9190014350
5115089971
9113077066
4177002582
3118069592
7142065670
9047087699
9120012470
5127012352
102029669
1125044430
7142019992
1002098627
9035094256
1122068264
6135003743
5052085687
7197077430
4193043171
100022884
4168075980
2149019028
5164054420
3132019699
4116081813
9124075491
5143071893
2137078803
4014086256
3136075363
6071083743
1083099950
7074098041
5160064155
8108009712
4158072160
9187091703
7121036666
156024752
9100060325
182025991
40091774
6124093715
6168004977
8194014229
9146079848
4051098486
8118011672
1113095813
1105075953
4177059525
140073393
67089740
6016086089
1032081819
8155080405
9118001081
1152023021
3015082219
6174000327
7174028706
3133044889
9194027222
6149015181
4133089394
5031085098
1186053820
6123075643
3183042847
6143021438
1089089822
1068087436
6191068910
6114079354
5115011512
2168074131
5177015653
6148010038
9133087405
6169069517
3023088590
3155015881
6126099345
3125018535
6111082129
9129086199
7186067904
191079008
2141082496
6095087801
6095084900
8158088182
1000085876
5130003305
174010593
2108019381
4102062867
8062092815
1138026958
3083088485
40085857
9045099370
6188051883
6020090728
4157068793
7159073444
137068995
3150076571
5164037262
5030097761
2115025896
8107035660
1174021326
5132052830
5166034166
152027716
9176084206
2136057161
2050098952
4147003075
3027089391
9148074941
6115099726
1103020638
1106086659
3166055110
1194048622
3070091899
7186003966
8194020168
119018657
2082079766
5096080613
7140012406
8160028022
2127021696
2104065847
4036072477
8192072345
1128039698
1037090217
5168069172
5190047808
1191026396
158086951
4166093417
2019097683
6195053893
3144071105
2191040787
1017098595
3180021930
1124029175
6104051286
2132072445
7182028427
4176047457
5076079558
9140051794
8105029972
3172035565
5164034852
110003100
4153077229
1175041867
3102005118
5143000912
4184084082
1171019196
6170022245
4152056078
5067099052
4015080192
4156040930
5176063242
2119093330
1091095988
7080066
9131087846
7171074518
6139093432
1131073960
6139013361
6101061365
7184001390
6079073199
1122045265
2162037998
4123038794
2069090894
2143042856
4168048744
5176029697
3165033872
7107062514
5161041870
3125036489
9171087616
9159086522
5130038913
5178084620
9108055294
6162026636
7159065025
5132083791
9196008586
9154046796
9183033049
2168086891
3161070640
3014071693
3146052762
142053221
2199025010
2172010980
2095077399
1144055694
1114032975
3086091817
1167027836
9030082230
8165030644
2020088829
8166022320
8192080068
5132083909
7114062739
6158012549
7108061564
2011076467
4175085334
6030071260
5150098708
5135008434
4126014581
6183055843
7136079929
117025172
8119028684
4182027880
7173004861
1089099873
1136053335
9162041104
1076083232
6193074409
2168083386
4034092487
4065099823
5006084675
2101064035
7109069284
9034088189
1109071742
8105074708
9115054106
164043205
6186010407
6026098643
9097081338
2018089224
47093437
6103067671
8041098214
4099077893
3162047567
1133042457
70089012
4145094810
7104089457
9196023045
1173040575
3117036520
4095074769
1192079726
1111060046
2199072728
6161095910
101028954
6154064096
6179035298
7152062063
2177037747
4145076469
5031092747
3101060473
2150002794
9157065957
6179048738
3106075536
8133097246
4129082942
6153083986
3129057318
6158046455
3174004361
7184078743
9182044228
7076095530
4077083549
1127067698
5042081271
8177003519
5185057381
4146018195
108049018
7039088974
7090084599
5192012893
4173021283
8132041368
7074096403
5183036105
5110036988
2145087537
1181062469
2068088474
4133030203
8141077420
120006253
3079089885
2188041047
8069087781
8007092989
2083079078
151022038
5108018091
2156063585
1108066242
6011083812
1177023971
2166072764
1119069794
126049496
4134023496
9027071979
4001084220
9094070568
8171053278
9003089674
9168076279
7153084247
5151041730
5125069994
116021781
198069340
2053087113
7128096832
8111039174
4114092044
8122068119
177066450
1189002644
5191001713
56096495
6165060895
5164014224
5186084922
5121083240
4165057136
2192070237
197042077
9006074997
9107069082
2178095107
3109069165
9094084696
5140005702
1168092508
7146036655
199049417
8134039041
3139080639
1115013026
3196057200
5194014216
8058094941
4014088667
5143013628
6087080263
5074071870
8162096932
41073895
8007083429
106072106
3125050217
1145032164
9186087555
4192001657
3174033439
2136047110
3125000738
1170037369
141009312
3023088221
5186039552
9097092653
9125064752
1108083771
4187085542
4148031691
151055022
1192080971
1157016716
7142008522
6045078787
6034080522
4128072852
1185038130
7158058339
103032831
39092095
8083075691
114042231
4115081079
5159068740
5038095248
2189058561
3110016474
8141054829
1060099748
194001601
9108095244
6196017011
5078091571
5177009855
9163098819
5099097625
2142072770
7074081146
4135014265
1013097850
5056075074
3194069218
9192063785
8130084189
6111040476
179087126
5115011689
5143075092
7120037066
8195049063
3153011119
46083821
170066732
7131052732
7085084580
7099096513
5025086553
1144047981
70084792
1105072367
191024904
2175081673
7172053181
103064660
136058361
8170051165
7138022192
6185002013
4132060469
7027081483
2105076373
8105060236
8169074465
6176085850
4115078049
3161006938
5193013472
1127029536
1194004072
2135066161
7117021378
5109096404
4127014394
127065010
6122004391
3027089146
1145092233
3146076641
2101070845
2146018166
9133006596
9193016188
3191079068
2134072011
3021081328
4155021192
7194002832
8152067599
133030536
184047053
1038079887
2141004442
7196046757
7109077408
3197034714
3135082655
5164084645
6056075172
9125078469
8120023180
7132014597
103026045
93094365
3162049293
131033105
1107070966
1169084393
7151071092
143051733
8156006111
170054695
4154030046
9170030118
1143029936
182006376
92074664
8144088594
8161012689
1124092248
2199069661
7184099113
8126087970
2052099142
6101038595
6131010699
7118083471
8194043060
4184080151
9163088473
3144039317
3171028439
2135045572
1012073097
191002891
2101023454
8138046369
7117010027
4148025543
3150070241
5053081825
5148025032
134038891
3115079842
1147001056
6127056389
1007072066
6087095039
5099092880
9157049288
2134011954
7147073473
1164057593
6187043844
3130042760
5147029235
6048095674
8155028663
5085081328
6191031263
9059070083
8152052523
6111047069
1162081157
5140064063
4107064362
7111064503
1067080370
4137014976
5104030167
8191033542
3056096374
4080080573
5172050817
110044365
9195088363
6121019914
8096074499
5144032868
4161069463
4123086566
5189082904
7138039802
4198049286
8174024616
7145068862
6133007075
5168015675
4192086997
8019087053
6178024385
2199014468
5175090435
2196023043
6153030043
8190080292
7149030836
3183019001
6123067182
5173096404
3081089950
9180044744
4132025511
5152073425
104053426
9144070869
8186070596
7186060135
2162000449
1019080006
9120083321
6180082960
8160014980
8144085962
190046289
2122074721
5193027702
6141086808
4158015507
2170048602
7132078982
3178001638
97084272
4030093316
3108074749
9155053459
6110047634
4148083840
188015164
3124050133
2173089187
194060632
2197058924
4064097839
5185039858
1086084459
4107021307
4149019000
6138045610
1192059745
5157084203
4162084139
7135023704
5156025350
2091081209
6129063699
1164048088
2110023829
2006087352
59081304
8017081020
5103032903
24089961
7160009885
9019073251
1165099323
7108035440
5003090127
9139087081
1138079206
4064092796
7112028240
7111070028
2137080560
6110086141
3131026454
6068098813
8008082761
5131063737
3177004507
107096610
1169074860
6179021232
8145074098
1099084502
2097099888
5158014474
2137083049
9196073744
4182026519
2120060888
5115097548
4192019617
2193008160
4132075254
6147035206
68090737
7155058955
5194044472
3096082286
5193019964
3131094820
1108038476
5144023380
159052779
7187063364
8197084889
8156059703
1111002279
8124071609
1107061403
79074082
6027097946
5184097823
2121056736
3135069482
89084627
9040076857
6163029780
4195046116
6174048129
2021071378
102028697
3065091876
5115089214
5139091541
3155028202
8166052598
5173025135
7111014117
7189065598
1086095069
3071098079
2176073579
134005925
8052092928
6191089447
9120010427
8044096295
2146051675
4145056278
9100021133
1080096912
2000089405
1165028528
2123047579
1167082935
6087093286
4180073742
7135005165
1135075774
152095838
9079081875
4185029502
5056083456
7120039604
1139082292
6150037184
9088093316
6166041763
7123039090
6161088075
1173082396
8172039894
5016076495
2104096602
5125079016
3154061061
2111081625
6167012949
3107026612
7111040545
9130040362
1134078034
9085096142
56087008
7112075283
197002605
7160094210
5103003756
8144085096
2131081344
7196004432
6064089480
7146068879
9166066074
108052871
7175021269
2081083336
3159079311
2100048179
1163039965
9110030264
8176079671
5189071050
3046091257
197034863
3128078648
5108000958
7009083172
6002099472
4147089166
8117085373
2130021559
4175060566
1153056298
109048132
8198071764
7195094916
6132092547
6188082444
6183044677
4193084703
5007083043
7137072360
5115080020
6147004360
16076993
141030062
152061774
2151052713
6167013260
7122086656
3121083857
5184035326
8030077361
1136023297
1199084853
27085998
7174017683
6176033271
2105005337
4114073308
154019226
1189077906
9178010397
180023725
2032097484
4136029501
8069090730
4181026469
4127018629
5119049243
1171063091
2128018128
6150078703
3156005306
7138049881
5161061997
1174077352
1075096820
5043097267
172036828
8131086632
3097088088
2197047658
175068482
2141093121
5135070240
9123088156
4125099510
5133075970
9086079896
3153085314
6000099260
152012173
2164014673
8199061418
2176039299
2139083185
9193074138
9080089468
3012081900
3154079369
7115026071
7131099814
2124060321
5170000559
8118070605
9192073046
9117003993
2154061503
61089386
4158023055
9152087191
5111025311
6170081024
1186048046
3145068040
2191083861
8195084126
2051085937
5117000216
8189069948
5065074694
7147021204
8181069177
4129048306
3022091570
5173071519
2162007861
7131039833
3119054082
7169070085
3171042383
3031077967
7110082503
4196027041
8087090547
2163095600
1071095286
4197030618
5071076459
2010094965
3158016431
6098087667
5008087852
9191069458
5170026534
8168031876
2138052688
2190037527
7166044384
1033087051
6059097199
9193066096
2161050890
153057756
7183054203
4104080319
7115050833
5013089449
3184025223
4173024364
2140056988
4176067393
8125043334
8096076346
8196029622
9121082392
1165077329
7082084045
6120043036
4188067101
2091089179
4182019190
8136011458
8199088325
6153033122
7124029498
8157048458
1189006003
5148083985
6109018083
152013864
4145094802
148076463
4155036744
9098086133
6193088985
6120011866
1173061292
5191075846
5119020929
5183062385
2107036528
3136019364
1096083253
6076097931
4036073471
7107034841
9143088109
179003097
6127017920
2056090624
4163061242
8122080445
2199046560
9050090709
4163018647
2154067487
6057084010
115098307
2113031554
7198015700
2169049231
3199091818
6124088167
1142077720
1157081125
1163027736
4190025138
3190012060
7137028876
7132088440
5140090349
3001088469
4064096834
5151043829
6117023062
3174069431
4124003136
3161025200
2026092327
3198019272
1176075536
7130055325
3135044265
9138070674
2104081995
4084089033
187052246
7041088854
5191004032
4119084707
6157029479
3067082290
61086692
5139082989
6063097047
8140035367
1169062776
2074089165
6198074869
9152043816
2134006341
2152061982
7161014966
6166012680
1108052693
8179063893
8147089177
4165073433
4111072791
6176077493
2197001958
6127032869
1180034694
8114073425
4004083557
6196032048
4182025056
7173029897
4123018037
5134060099
7076087441
3118085750
8190040332
1137028795
1138095316
5022095866
2004098715
4138046315
5152062132
4117075901
8154008530
107062625
8116007756
8111012482
3134094540
5137021657
61078660
5191034881
9197052821
8147016049
3199048261
1114069196
6144026312
6126025814
9183079274
8171027797
8082089170
3177005851
2120025964
5101062400
9196055226
4061080419
4041083444
5116062740
7128062087
2179020496
8134042725
1117085567
8117086379
1153072107
2119093906
5011083540
8127060194
5104005509
5114065110
9149035143
136014873
9188013657
5005079173
2163036897
4133033045
8102071827
6020084505
4005098910
3181053516
8149040180
3043095095
4124050794
5187084856
6175057982
8013097723
7144075700
8116015730
3031071079
1044099031
7125091749
8167066886
9179086708
9075079697
6167088067
44088899
9178081772
9123030675
4043095187
8125027454
9183053650
5078088296
8184073859
1157099318
8133075996
4135013055
6141040785
8125060668
1071085175
6105001039
8177071680
1052070469
7051090636
9127074289
1194024443
5127043726
159071684
4150049331
9185043387
6100087686
3068070889
1023096813
5132042763
6009091757
2008086127
7157050001
3067090250
3146058866
4188044995
8154055704
7117022661
2174002541
2196049273
7118033698
6130067883
1154087066
9124069757
4118053554
9134030107
9126040621
6108074764
3195048230
2100060211
1119043271
3084097175
9129010088
1026098397
5092095319
1052082712
4113079819
6156061491
9142096411
5101072542
7174048552
3101029414
104078964
8180039143
7191051450
8146045501
133000709
141077973
6131079014
5102039695
3153040205
6103060611
9178034765
5118013706
9106000274
8097099563
8133025825
5126019416
169006825
9099074352
7127079651
4181075300
7095099363
4064095366
2057085896
2150007170
6135097324
9178004016
3102052861
8106081713
7163084479
1197008814
5116072560
2072089701
104073187
2019074152
1189034542
1125042154
5117074476
7163068097
2123052512
4178094402
102080671
131089199
7134050848
8086080561
136056712
166083658
8183040342
4144090247
4166071414
2157038071
1153014581
9100063530
1160004123
6149003289
6123000820
4124062479
1075095971
8122087571
4167032131
5055098603
1195010189
7119015384
1144012344
6010084508
7118036307
1139068478
6135089797
1051085688
8170043524
8106001414
6137017949
5030087275
7185066077
2059072788
6145006047
4144026178
188064352
1108082215
4125022360
5027082090
3166038371
4002094337
2005093409
4137043602
9098094802
106035502
7186065476
9178021055
1112042951
8120084402
3119030230
7135062636
2023073470
2189032080
9042082071
133056249
6080072570
6197050640
2108046442
6138074987
7100091132
1185067791
104056417
7126026593
6057075996
6140089502
122056756
6112086406
2134054631
5129034298
4154045530
3128074792
6092070663
1155083935
7163057708
4147010090
8070076382
179007779
1186053139
8135028092
6060083822
4154059678
8194081356
6138086766
6161053303
4145057216
7109077091
1187058275
6067092420
2143032671
4185018672
2175018659
3082077752
1147098801
8194084465
4093075661
8129060858
9144076368
7176098736
183082524
3133033417
7105031559
6003093885
7181034151
9162030458
9027095112
9105031592
3181084287
113086823
3132060028
2128052875
3177053474
8115086801
2125000212
5139028629
6127044462
8114054346
6065074366
9181007003
1104050681
2066095369
8165085075
3124064742
2146055404
4139052332
6103032004
9129073066
4127069153
4170038952
9197001755
5162021795
5030099977
9196062909
8183025006
4190029566
5094087102
4154005459
5123061710
8130017185
146089305
3169085317
17092543
5151024074
131078827
7120044407
5191072425
4037094804
5052073259
8052089059
1041099150
5177066530
1104035486
3198052744
4128016293
2109041422
3171072994
3026073764
1119021921
5103015298
4199085682
6166087581
3120082584
8034086427
1112062254
9115077119
18072985
3152064614
5141017839
4108053286
4120081138
2055086264
1086089121
4043085194
7192086313
2142077395
1010099995
3105028928
3198058898
6147003773
9128078150
2114070404
6037094967
6164076065
8142007845
3140072673
5120008112
1056094266
9143009749
2104046062
7040076571
6161085932
5163075841
5121056396
6072096361
9117055714
9101000747
4101050307
5095076441
1199083432
6116080580
134099117
7186012221
114036282
9128035682
1142019340
7101022428
3174080650
1119085072
4177057335
9080092063
8176013129
7184063999
2181015815
2154078418
4113031855
9146015568
142005725
3105003556
6002088897
1006076775
3021088310
5047093028
1116024428
6069094863
1024087241
1159067450
8160006346
8120076238
7100049813
8161064443
7115064960
2162034849
7138019083
5114087376
1038079655
7002093518
7089097582
2085776
117082724
5070092555
3176021740
152089164
9081091601
4104002437
9144089428
9161079364
9140093222
2112051285
3163043448
5187004769
6007070987
142084014
59072177
136044292
9105025847
1008094702
9166018799
4180084012
111014329
4190014256
7115012663
6147081077
1031094402
2137046064
5136031291
2194047691
7097086768
5060088987
6142043892
3159061210
1103041779
19073470
9195045022
1144017565
7084081545
4031075486
4146008279
2077094788
5159031681
4195077711
5141055680
8176080274
7174020025
4188055987
2118066882
9078075262
7137024120
5075076693
7027090537
1170095139
63083040
1186085557
1118021807
1153061816
3080082089
7170087098
153024922
4153007736
4091083030
1020075991
1138028904
1166009466
1033098783
6024073471
1176086990
7095076651
1149057172
8159054197
5031082260
7150075133
7005074889
3028087595
6136087078
5097094074
6113097529
7155011145
3182080416
6189036484
5028094922
8164062540
5042093319
2135025923
9146065258
4119098213
9163069549
40074659
1174014110
3065088751
50070787
161034975
5127079741
2126057256
7184017646
2149067830
2151057339
3076088627
6152038608
6197010691
4184060579
6176012819
5165060008
123087754
7138067103
1180008062
2120014672
9111033556
113061909
5146000680
2108034313
8108063002
9199064787
3140040532
4137086700
173040995
5135093311
4072088390
8100050299
151017567
4154027343
7108080198
2164077435
3107098114
194042381
2179049043
6191027827
3195012752
5187079377
3175022871
5089083340
6139054965
132047913
116012109
6133036920
7170021011
4112036025
8183083139
1136024023
183089774
3133085684
5181065878
9172023169
2019097748
2144068369
3117085597
2109076520
2059093289
1190064794
8132093921
3199028909
5121000011
4134088866
1168004790
6147078596
7101053430
143093535
3153009440
2126088381
7109018444
2103001800
6010086796
60074889
4194021738
8129041649
2169064501
6015098854
3123085703
199076769
1130088719
5150028085
3139056287
4150039226
7148094420
9191073989
5199082857
5189078315
8197016786
128015458
6119050201
4068096196
5190042719
1174086184
2118039676
6180045636
8126049665
1140031051
8018086211
7178045376
4141065708
6157049989
4105041528
6118071721
195074666
5165046644
4175052724
3193047060
1180015985
5063078499
6188021010
8090074472
3148010912
3172039680
3061085924
2176041456
2163094529
4170081030
1067090841
3145051028
2189038764
8090096070
5111026412
5126081028
3199010027
1157071471
3134047642
2020091593
9055096255
5019099530
6183037814
3064084868
7125000831
5170082410
4091088058
4183007221
7172037203
7100054854
9025076372
9016092428
4122070335
9196079164
1128034894
3130021640
6121047223
9106077720
56087200
7186089967
8183046256
6186019647
8136058280
5184015652
1007098134
1100056938
7160090924
3101097338
5189067065
6125011314
6143088455
5151077146
2054091551
8155069069
4015076368
188088340
1118023707
192044301
9080088961
2021091707
3162061823
8165049841
4030092466
143049903
1113039705
7101012234
2138074974
8167068437
1175006612
6162005454
4037075459
8158056580
9154064840
8199077661
9124031635
9183079055
2067090897
6121017160
5179077113
3036088039
6178050507
8053071685
2161028117
178072200
2144093247
6107031629
4110062255
2031096814
6160021521
4007071797
8178045477
5186071798
1134073156
1171012852
8137037583
2133051178
4170041174
8129015444
3174087174
3155093534
5076797
7146080162
3182009824
7199004585
110064991
7184076880
9153085822
5138077882
2139094444
6151071238
3132062094
4179053587
1118070590
4175045687
7109070164
1150054053
4115075650
3010086433
7043089379
1150034195
1134011483
7018076952
8165065566
1158059002
16081063
5185013762
123036820
6137052731
5023075550
6161066138
3162040424
7089097271
2121060093
2142086550
1153028096
9041095141
6106030483
1164029246
4191030702
4111014922
3111053771
7043089193
2008076191
8155021354
7105001375
8050094155
4156011136
3155046265
7061093576
1165092029
7071081562
7152047216
9126023772
9188000437
107033681
9155040872
22084485
7186085754
2144087125
6154010535
9090079791
5014082951
4191080073
7106043625
4190049960
4129004085
8106040380
3144063467
9066090343
1101042316
1130034709
6157086948
3163073799
1141056470
7191097602
8124008211
4100069843
7160057821
8139035743
6144090612
3186089460
5131067154
5088099736
9071095988
3152069689
2111058129
7182041825
4116064829
1191070220
7153045069
6136090123
6174029004
8171046830
1056076171
1191066526
152001508
9189026854
9142058004
6070092241
4090072363
6054096752
9171067627
7157090314
2095080471
5175044878
167012482
3156078447
5110041385
8001096698
1155032200
6030070991
8141052575
8141020753
148017933
5148090308
1134011738
8191021753
7169030664
1150074748
1192040441
6092087247
5174040901
7148045406
6140059895
1034079355
4106048725
5084082601
4128070725
8187071348
8136077069
184009081
2158022639
3147067852
8190051171
3194036148
6138053460
172021642
2125081199
7084096045
4140084926
7115030352
113077534
3179025011
9100041539
4171000144
1146004545
7133010472
180064008
6184098336
186029981
9165027409
9199044477
8056092767
135085768
6188001494
1047093227
6078077292
7127085186
9176065253
165087515
1153004667
9153047087
6039083411
3176020372
9128022798
4070097694
4169086909
2046077490
2187079165
2102004878
7190045379
9132060854
8165045022
158014322
6157077993
3173073974
6125009099
183006141
6045090937
1107010328
6045085757
5143022904
1166052657
6116015184
4074083493
2181035924
1145055920
119083123
7027082673
4129064504
9179071796
6161089564
3104095115
2070075880
8108013610
4126067699
7033096057
4149088456
198036858
4169002026
8196039835
7199033305
3148013284
2082539
48078557
8187022347
121014673
119074581
8079086706
9139069786
7002085977
1105022315
9171049308
5179077366
4083082776
1133088648
6190018836
3120047072
1192069493
3161068571
5164004172
7117088511
7175020903
3084094246
164082026
198037971
4143032999
8175080896
3009077452
2147074895
9141003509
7143013553
4130079769
5096077372
5032088855
6128061486
8147070858
7082073884
45076053
5137067240
1105013842
8077081713
8140040042
3102031603
4032074890
3029090132
5105070024
4185011376
2002097743
117036707
8056073977
3158041335
8190034436
9107084087
9183055822
3026097435
7080081259
5147084314
7042076076
9146001529
2163030772
175068799
140090501
4174012782
2186066520
115046224
9104009301
7188065252
8127077342
5118033831
1089081361
7125075764
6132047897
2112076897
4107010415
9106079880
7195073757
3196030391
4146027986
4133030822
4188085947
2137034663
6048082999
7106045003
3124050903
7100026101
6115058999
100060802
4164009219
8115080096
5157053702
4099097213
7143003862
7112096817
7044082157
3106015973
6115042618
6198008957
2116021955
153088157
2191047827
5133042601
2124042910
9181006570
9194000458
6135037295
5163063675
3146042625
2138036783
4143071289
5044097802
2124030194
7188075190
6153020030
7138036294
7103008064
1129018626
4073084308
125079859
6004092917
9156040920
5178071067
1102043024
4185071520
3181039399
9194025688
5102078043
5183061128
149007586
3190040363
4083494
148035668
4148004788
7164018672
3169059026
7186080983
8021081278
1132001911
7102055301
7186064177
7022087645
5095085408
7126024596
5125039816
7123032840
5004086033
4193044535
9185057061
2120083936
121070752
8129031974
9178083337
131031446
63085359
5172059171
107004348
7135064536
1102028879
2110063636
6188007464
8181056594
1119015517
2147039071
4094098704
3111002855
8045084318
4130075300
2188054666
3132005875
7170046615
6151048111
3027097332
6016093772
2085092027
9057095998
6103013921
5166034682
1030079650
2116055673
6101083394
8131065595
3034077496
9082070188
2139050520
107012353
1127066744
7144091500
4015089305
5005094450
9170035338
8044093736
3193037099
1120034828
3142016128
8063091034
1074091342
9132047774
5129039473
8113027951
7056087877
132078677
1155022670
7177074180
7182017339
4144001747
7180046532
113029170
6160018952
4118085078
5162017042
8098089212
5106092119
2102009983
8052091418
9130061341
9196081346
4160089831
3163017378
9162014679
7103020864
2058093742
7149011174
2168075378
6196068005
7124028843
5145088677
6114000893
3115022045
4037091755
3048089482
6142048479
5082076193
4199037847
9191060370
7110072768
2195031372
4153006038
6125049268
1101016491
3188049721
5173026546
4195095614
7106068093
8147024195
8146011791
4143076217
1129018863
1127090540
4175049440
115000155
9122036126
3194022442
4018096484
5081085297
9009091025
8041088355
2178030137
2157090107
7107075332
7174003585
185089036
2186039226
8191081959
1165039573
2117015508
5124056707
7054098010
5187084826
8134065791
7147010212
4175099801
3111004167
3161016195
3100038295
6172033435
3048074787
9198053208
7027097442
45092451
3032094015
2110021525
5153004161
7150074769
1110005434
168005231
4198011692
7009093937
3183072333
7108035049
173075983
9168051620
9100040770
6141087766
165076228
3165066340
9120040991
9169002952
6104071450
1157056234
145065226
8152066108
7127098130
6116010164
4158068067
159040658
9107090041
9076088097
3143060308
7139077496
2191067702
7196012299
191044303
8045082727
3137061902
5157013551
7140013689
8092092442
2026084908
7009073250
1134042236
8199063106
4164001373
1170017102
2015082138
7180042525
5188048121
6152079209
102080911
3142032953
5057090784
9042087211
4100065687
7070085264
2137001545
2105088758
3025093245
8076095381
5178072583
2171083247
1177045691
1138020684
3175068772
5176020155
2196086893
4147076835
9186066063
2144047549
1165079444
6104014684
1090079247
2106099149
7190066851
8115044900
4133030732
3084074482
2108011099
3171089749
5040092404
1015082477
1143022739
2101087081
4152083274
1150097221
184039053
6112029606
2072072851
1154042795
4055083043
9143015381
6135014726
9196089994
2159081049
4086090871
88080191
152018619
74083363
7151074163
1112072472
3089096016
2118057505
7115005418
4031072684
113038030
7143047283
4176068586
1146000761
6108071327
3197033759
5100091539
6079085428
4143086211
1141047449
7154042271
2164034443
5126069764
7196041769
1194030604
2154062454
121002481
6030089874
3172025758
131088619
4141021790
4172073020
2185078667
3188099520
1196096726
1159081275
183038842
4176063855
9103049931
7061077861
6085077171
2197071275
1171029034
9120074741
6105070997
7184062326
5001071456
175079394
2194036213
8121011062
35074859
10084785
1108020710
2179083943
4132047314
8157069248
2086096442
4186072380
11093215
126031192
2198080079
9137082418
8146049388
9130028303
6163036720
6065090504
7052081876
8118067759
7055099763
184094004
9180068558
4029090387
8198014088
33099324
9133095941
3125008193
7197099817
4159018080
9052081243
5119051706
8119026326
8199047105
73074195
2037099843
6048091195
187084277
4182052875
3108076311
170031638
1143082165
8137015414
5181062712
1101067803
1182068212
158043255
184037806
125091337
9188072511
149063944
4042095717
5147008935
1004085299
9135015321
6078095761
3110037402
3104073245
9174006014
6158038411
3065081142
5169047591
3137018123
8118067196
2085086873
3081070659
1113033545
5196089243
5173063748
8110096347
3064080806
2085080170
1165004346
6168052414
9193044155
3133036742
5175043658
4068089658
5157054929
192012581
5032088083
5168046236
55084335
3180000853
8114001615
8195077861
96070954
8161041972
5157031700
3112010404
9019092570
190094115
8069092015
169070059
1167087962
7144077591
2156070674
1143089014
3190093604
8025084827
3196016439
4163069348
8109012794
1133055801
59094046
5166067851
1157014934
7122026077
6139001587
2138029558
2179080595
2122089370
8130036649
6195016430
4143068742
6190073680
169007008
9094080166
7109080233
1088095775
7064091271
8058098980
8124066468
3004088024
2191097114
2133054937
8178081043
1016081789
5182010897
5056091956
2162065035
4001098359
5128084730
2179058870
4197098424
6199072106
7188024325
7137023864
46095987
9131081081
4016085033
3199037095
1074086110
8123053744
6192033754
5163033560
3091071553
8103054663
123014324
8186063336
2148009401
9037091711
3167060981
117058282
8189020450
5076679
5148023100
25095867
5049074773
6175012912
2140026246
4163088831
5165066877
8001096589
6039083988
9185038273
3196053537
9006099108
8134032896
4140054866
2153031487
5167033455
3145071215
6141054453
9196098325
2193044210
9028073058
4100090413
116091419
1132048947
9015079274
156036012
3055094300
36084670
1141037295
31090276
5138095323
6169047314
6184085098
4107065060
2110065767
189084450
8109082773
6181000203
2088087588
6158068958
2142009341
1163084664
2151009404
5179047399
1139064589
2132009635
3101044336
108078026
9028085738
4147061046
6148087495
174054228
8134056621
5170039838
8118083487
1178056025
115053227
4073082813
2141039653
8001084956
1124069812
1108072917
6122060895
2168039437
6096097124
8164085934
1196099916
9147090815
1186013086
3064095470
7130066873
2114055435
4185065317
2193045472
4153055867
9032093739
4098088236
5146077345
7027096159
7181079970
1062084458
5165071931
7190026579
9191016638
151004409
6139014436
9140012098
6028092586
9161046831
6097093808
8197049354
1163006840
4172038397
7166086746
4009082007
196088711
5182081077
137086300
5115075287
1031082725
9184074082
2172073874
9084081616
7193041013
9196049145
3178008100
6165016578
4090097664
8116045127
4162007791
3045091309
2058089434
5078074052
197077084
4099072092
169020136
1149021310
5129005065
2145075643
9110043914
132060696
5046085464
8113032596
6192065769
9077099925
6085078486
5127075236
133049431
3063084382
6162081044
8036097865
8163075253
2026095468
3042094448
7087077458
4032095556
9117061249
2103034122
7134022753
2165076126
2073080869
6135084684
6127080107
5153042170
3139078666
5194084909
6133080755
8135000211
115088015
4001092078
5149029371
5165065255
188081469
8158006250
151085010
75095835
9111078722
8108035297
4176095209
6099096796
2067083435
6185085403
8058095093
4181033929
2159075371
5139000625
5051094153
9033077595
4143095208
5179052426
134042584
9119079121
190072049
4185042431
4115025216
5051091688
9198066072
2069080221
1032077086
5122088179
9177044420
46088032
2180059304
3127087999
1140023011
7132091236
8119057204
6180008329
5115011732
5147014525
8170036575
4188026577
6152040264
7113095503
7042094062
3075094030
9125069267
3171023902
2046097318
7182081198
3054092693
4163022646
6010078171
9162088569
95088249
2189037286
9191096322
7103024580
6117074192
4002087981
7086094492
7062073451
8155068224
132085188
7182059777
2156086291
168022351
4185077713
2019088947
1158064079
2190022233
3152068820
2048085744
2184002227
3079096934
5192084077
5115076987
4199044802
3140048529
5020088187
3158011046
8175041108
