1120032128
8175072999
7183063980
6091072845
9001086139
7148040078
1132045570
1118063712
7074091995
4110006444
5126033608
1138022376
3184004619
4176009463
7071071259
5113082545
4022086351
162027427
1106057150
9183038377
9194044346
9174075486
7105081938
52089829
8099077646
118008520
2163072688
3144031697
5129004034
9187092107
2192077029
3100075124
7111027618
4183012033
6110071593
1170037992
7122063028
9194019992
1111094201
5115049052
3181081156
1144006683
8114013036
4170060502
9163000294
7190056360
5166090435
1135044722
128088761
9148015247
2009080092
4146066465
9035088841
6125068607
9167064370
9181033290
6169014784
8199050895
4102075954
4080092976
5124061782
106072385
165026023
4164052807
2083075685
3194028121
1112082272
3120022317
8159025697
6039085244
141033565
9118074143
1056086023
3125048943
3184009205
5183022796
190080978
8102062951
6125051297
3163029790
7167061814
4106097847
9146000743
4117050838
9154038028
6035084915
7198085080
1030087450
5173020155
6126094212
8148080171
5177010379
1062098091
2132032171
9094093998
9166082469
2104005028
9129030861
3182026036
9107043921
2102005213
1172017397
191072896
4123072909
7169014738
1185019598
3127032542
2162035917
5115072708
5137005266
6165005229
3172066365
4166059524
3095072285
5122056433
6109030438
2178070746
9148094929
7151069643
7142057463
8011070275
5198081225
4139079358
6180007132
58081621
37078676
1179059753
2111078119
7139077902
6092090453
7156005235
7190054404
3160032981
7056084991
5130036853
6106081727
188074621
9088080131
3194029083
5195012985
9069096125
5155050132
3097083262
191077869
9094073098
96088082
3198031778
9199014120
8174064145
2066097721
9157064178
184060535
2198094503
8160056047
9151078466
4165063774
1119073784
5046076158
6003087517
1032081252
8160047519
9114074429
4105079258
9191089734
154021095
8084080891
4180050774
7013086299
132074176
2183066571
8145073471
8175068898
8194089958
9000075354
1196073753
4119008940
6195068099
166049781
2184032626
1158089657
5148083805
4023096165
9124027960
9149024118
3123081196
2004074661
2002082988
3122072398
1186045421
4196016274
2158090305
1138041668
9160064198
116086243
124050039
4183048757
7173065375
9037087212
5120002687
8036082202
161080579
2094093063
3170050448
3125076424
6168064043
1076070478
2157072085
5056092418
2168061976
2062082398
8141053131
2156096533
8188043394
8123075667
7035093426
3147014950
7176077102
1192052905
8152021617
2040085631
5169069533
7194041873
2125004654
6070092940
7187053196
76073583
7197036432
2075083685
8185070540
4088079572
4095095116
4185022142
5151082750
135078724
1178045019
2185046483
5164091208
3115020650
2167040251
7145071199
2137037808
2042095570
5175088118
6190083408
9125061892
7176076174
4187018330
9006087709
7085095967
5163073182
102004616
2105009667
8047087542
8053098600
6180044974
3107002669
128048464
2132042556
4101002684
6104026315
6140052248
7132094020
7013079553
4173037298
5067089587
4126084713
8146030269
7109080479
3101048693
2196021059
7113031176
7103077429
2194058643
3116015212
3010082551
4123073389
149078853
5181095609
7121067106
131074310
5124031798
1153072380
5086096037
8053099315
9103024047
2196061268
2059098766
5148026106
9120004325
8161074581
4034081540
136037057
6185047412
2139002983
3137046218
3018073695
1103033883
2109074606
8183060331
28083131
8156082153
6123093517
3159030068
1196023115
1191065688
2043072892
141049026
2001090115
4149066312
4159078245
6143059116
9067088229
4167008067
2148076196
8155087617
9029086485
7120089809
7044089379
1166045794
9146073875
1016089897
7104032529
3158089375
2030086201
116068402
3167046420
2168067016
1157063335
7190037149
4156092630
9165075489
5128005121
1195022343
5144047952
2191021440
170036350
158087257
3166077869
7114039205
2179072769
3120049724
4192070318
7155022323
5152046159
4137096725
9170003889
5142018290
6196010812
1191024152
9121096149
9191057651
5147013413
6141097241
9117061329
7137079985
1141062914
3143086395
6190070783
2131070072
6104041707
4076083081
1021099943
8048098085
4110040282
1181069084
1138019393
8194030557
8164003694
6192075023
7118075792
7137085358
6129063302
5184066854
6192099410
6061094354
8118067837
5091084256
4115040411
8143051977
2137094942
3123079721
6102029658
9136083566
4172050930
2125050828
8173014346
1095077297
5169017465
63095952
4135093143
7188032786
3131072610
1112042924
6038094510
3162025013
7139070217
2122005916
8172074410
9183041306
8128065798
6198077770
6105030448
8168097439
9154072312
6184045387
9181015366
7127087501
3056091509
1125030019
6153082046
90079686
112043721
8172003078
3145064723
3067089061
172088211
4156082233
5128071286
6142035930
6159042887
2125053511
145019187
7147016104
4117029898
3148016678
9153086690
6018087058
3180003776
8183021205
2131079481
59095860
1153055212
6188022117
8165046891
3111044941
7004085195
8108069379
6023087732
7106079892
8190086663
9144026928
7113074647
115094610
113027158
1199019865
8191083328
8109076893
3127081676
4157023009
8161061493
5165056894
3110051721
6112095920
5029082896
7123078542
1194049641
47099693
3196003977
9123008750
7145049062
8127082261
1198044112
9024091131
147075082
8041095249
9132053571
9103038108
1113010399
157005716
7104030974
137015274
3198023579
7023081761
128030960
4100012249
2184059733
4140088781
10076098
6024097250
7171082128
135054149
7146081229
3147039088
6037096676
2053088387
97080958
5182087391
193028223
129022046
8181005443
3120002524
4164077189
7191017140
9111041587
8005097631
8086087680
5120021424
1100082035
9034098462
5010078398
145043970
6110064087
2179020395
8187030670
4133005508
153078376
4077983
7106025450
6113010497
8146054639
8056088628
4129031628
2146061811
3184016013
5071089296
4068074689
6111034958
6111091133
5104072588
7111031193
7111006660
4185012406
7100076320
6164085558
2182060565
2141052702
8100008747
4153009540
107006080
9106060922
195038757
4169017688
5119085464
7152004838
3128001319
8081085682
6193011652
9137020484
6117013735
115093433
1193067073
8112002500
5161052144
2174075625
9163036466
9037089537
8171041399
6171072484
106036309
4190063414
4109028985
7174057480
2127001371
162011916
160020009
118073062
3069081328
5161031493
123069671
8061087954
5177044268
1105070769
5111028506
7191034083
4193054401
7102080404
2114024387
9170079822
7127057737
191050720
7196030900
2176041262
8149015961
2101053172
5088091831
2012098289
4058080884
7146004045
3107044065
7190039818
1178066828
3076096996
198028235
5115013471
4169003305
1148054336
3105024230
7117054047
3149082111
3194078574
2118043111
9063077775
2121041698
9087091286
5093088865
4167018811
27089753
1178007102
4105074360
8159015301
121038345
2160075135
8195018169
3194008952
2129037738
156037753
6114025175
6144066947
5170029758
1162047284
6199086338
34082434
111082525
181059698
8165074235
4199058232
1041080858
9144043040
8137018691
5013098987
5128003459
8128060517
2172058500
8120045501
1183005688
31089002
9149069442
1072082415
4105027866
6187055422
1156079994
3100083406
1073083279
8075082202
198065001
4038098732
3064097651
7143099210
9161055272
8132081883
7054092199
4111065816
7154062568
9121062061
8176087476
4189037724
8153020828
9137052041
1161039026
5107019008
4095080463
4180033964
7177055932
8144033610
144043044
4195052726
3134026184
5147048309
2192033696
1146088063
8114075831
9190010734
8179045022
3049077694
166063181
4074082475
1129048991
2040075951
139009452
4144018401
4003095364
1113044545
6195019929
6101019854
2174095812
8147056971
8091081589
9196028605
4158001265
5100022575
8159002303
9055099036
3121064399
145053415
1190014168
5172071580
53088878
4111043488
9057083547
4110077700
9166003522
197034908
3138005244
129078789
7072088843
3142012909
9171086836
1145014855
7105024048
9183024514
1184085522
6029081337
5185098537
135020998
6197052314
4117091012
8148054301
7149010148
5157066077
6065083478
5198077950
1010088042
28084247
2109039658
4154072429
3184018614
80092488
1173052414
6154024893
6144078104
130049277
7167062775
9164041110
3192035563
5054083302
4145080424
8080077486
4041073450
6101004884
3074098380
7112045803
4189021603
7096080362
5133071130
3151061579
8169017424
8002088781
6162067826
3187099829
3173051011
189072381
9130042012
7186006276
8059071050
2113014057
3111034226
9159064105
4151073937
2174048579
1148072043
7179090012
8152068984
8067092346
5159010514
185020490
6168050386
150063774
2156056724
3161012072
3148007817
9151089571
1116087671
6041098729
3145089352
9198060802
146030451
1167007927
2108044978
8101087798
177015914
9170063327
6032087002
4160001561
4182054706
2116073975
7104079855
3118077361
167061357
5183056328
4158063797
4070093233
4154034849
4107080988
8168026393
7085091021
8149079351
8198052197
5199074713
9176004612
8182020410
9157020692
6119033465
2136064239
1196029116
4179037475
9166014458
8157088793
4110005987
5065091079
2156006821
128068770
170094235
1170075947
8122094544
2131052029
4121088473
3052095425
8194033852
1101083888
9046086470
9142004201
7132061161
171035235
4199065955
9181053475
8148043314
2150017122
8111088701
3150015445
4121065681
4132070088
8177056738
5126078242
5016083024
9032085330
7151097432
5109015980
7021085673
9046080039
3177025601
6137036199
6110082298
9173025227
4192090713
2147061173
138025669
125089224
8176038643
6181050809
25095444
8193045680
3167001965
1122056387
7084078097
9160008561
6151010611
4078093411
3046083631
3122048796
3157086418
4120006112
4186050674
6181000660
9107083690
5018091664
5131074296
117063071
3138003926
7193046513
8048078854
2055092982
7159068672
6021074377
7040081392
4124097548
115031247
8110076743
5124012435
7144089382
7123016978
5104073011
2135045624
8188054212
5146030120
9142059577
7009083245
7126079536
5037086287
8140016997
7131068948
7196045464
1177012034
6170044993
6180006073
7160001650
9188061670
4174093329
11099611
5124031526
5126053046
187020376
9196054526
8113043283
4149059785
5142071249
9170045307
1161055689
140017655
6104076483
3147060104
2171072606
6091094219
8166089691
7026082054
9190031210
1160034344
2165039092
3102074983
148042444
3162008156
1139001208
3003080212
7133014396
3179082839
83098770
9135086599
7121063591
6196086908
3095087593
7131027095
8147046645
5130099313
68071768
8120085581
9120004466
3156026000
2068099734
2131074740
8165028314
6165048225
142044707
3116087013
2183047647
6179030370
2017090418
7196007144
2107000016
7142002665
3198042950
1191084770
1116092346
1146085260
7007088097
3163014134
1095089410
2029079498
8104027729
9183071322
3170065083
9165087137
6121037404
5001091879
1151068149
27096940
4182060229
1116049503
5025080339
1184050628
6184070171
4127004518
2157097738
4187062153
6112050229
8195040772
2039085253
7125066972
1084081652
6166060159
3171030446
4104011199
3124084829
1120021308
8167003192
3193054615
7095084997
1082077597
156024759
1150023341
7183041017
5117041391
4193067363
8188056892
6194067180
3101063282
8117079291
8129051696
6110049095
3083074388
3087084979
4113050525
3137071925
1195067877
8030072552
6007071382
1045086855
4143086325
2189072363
8193056135
6108026259
1110017547
9131038982
5025084523
2152053664
7078093585
8109055444
6071085246
108042488
4173039367
3136086065
8132048434
127047854
7111069026
7111080473
3089089769
189039419
8130034098
9169060032
191097105
8197066181
2102081145
4173048154
2118046196
2176012671
3105094215
5137003971
4126067323
8113028512
7190064887
2089095898
9135013465
4109035211
3054099975
7133079559
3139019050
196089087
7000086967
8142090602
1186099133
9023095087
7019070391
6094096926
7144027890
171072827
7107034785
3059080686
2150024709
1190082566
6101061107
2127040601
4180050931
5183048634
5040080766
7018099093
52090961
152043632
6178009156
7175049970
8163097926
105040213
8059087431
9156084624
4146041241
6124087943
5131000498
1007094447
8051090755
8131030336
3153011250
3192086824
4123084507
9109054556
4164085615
6065089741
1183047509
6116025728
91085965
164065969
1142055878
4067086480
2171015969
6038080986
2131034179
9118060023
6126059152
7194016390
5127042573
9186003186
1152097236
6088085346
7115055104
9006099269
4114084422
126097613
1139089899
4017078353
7143076268
6033098067
9158053411
143090707
123082512
8082080199
8182043395
6199059741
4193021497
4190083742
8148018389
9117077911
6193043714
9080081489
4152030623
4186083142
6149041433
7030093780
131047440
5069072364
74096427
7150003754
1188098338
2143058866
3159081223
4171016068
1134078588
8191032884
7100013677
6072093689
77075971
6035087935
2122083699
5088087878
2132087297
8195087578
6116071422
7160034984
1118057626
7176091336
2198042601
3186029036
5137091015
3113053567
9038085988
9074081734
153037497
6019096320
9108000785
4196044470
5167038827
6154034430
8157071697
4142020610
9156065221
113069934
8105003240
8070085914
5199043248
81094355
9145049450
50088481
2142094111
7164059530
1151007705
8112008110
8174087919
4132047091
5109092101
6159080934
7110071009
3015096306
4185047080
1122092044
9132031319
9078089583
77086141
3123018680
9151044719
9100071326
8147062585
138037042
7064074673
2158079790
2183024931
5182035197
3126095022
5182035094
4171077550
3062091863
5127073586
1152019222
8173004437
4109008753
5136072052
1161089000
5169019335
4118027450
4000094633
5017093597
1118075310
5157047029
9126012325
131024247
5182057705
4141088483
9180049367
1187017634
9143034528
2148039704
6095099928
5156031462
2127022795
7176040007
2141098241
2020098788
149084888
6116036763
4177021973
4142073064
32094011
1020097229
4173073266
4183084052
3004094960
5088072999
1144019065
5188066467
4109060488
8080093152
6186024549
105022209
7095092957
7185022619
3029090103
3170039415
9153031138
149005753
9103080502
180060323
4166085430
4116080579
5163080029
5042089968
8194029434
9108081804
6085091501
8148055727
6183014875
9146083433
2199033560
3147016291
8184057283
8195065532
4036099608
4194068697
9129082007
8196025609
5144036222
8063099870
6050085199
5073092742
5043087620
109058854
6140058230
3027083518
2015098961
7148049603
1087073985
2117078657
2113008794
7165016337
4023087618
9138058931
5104068694
3169067090
1187031373
2156066495
4094091511
9102010465
4081092957
2044086743
6119072740
2117037964
3144083909
5148078358
6183045826
4192070997
7076086778
1188085304
5174061296
142060997
1167043188
4149072268
9151063514
1116014203
5147076891
8163034438
7149001141
102028485
3108005096
4195065964
5183064284
1027075099
7187022955
6116084648
5198090638
5154006244
8161057319
1037097958
5160024959
5177079327
1100018113
2108072037
7103073745
158069887
1161071933
113030546
9058099585
1141042709
3168058290
4107001486
9168032765
3050096914
8151073086
8112025621
6142007137
2105076534
9069086636
6000073491
9166065290
8199074184
8144052785
8082070796
5059080555
7054088194
4157039587
6161079726
8108011757
7131089336
8094085087
4153031581
5123065017
8126075042
1147099031
8017089304
144018647
7187034234
7125079395
3018096645
9033087513
6070090148
3133081111
1034073066
150010146
9105042337
196059532
3161011839
8114079883
158098513
7088076477
8105071303
3054090927
6197013845
7167007659
9164014582
9142014168
4080095384
8092070360
6197093837
4166074940
1108073813
6149059543
2127070859
4015085404
3137073304
8144015626
3128073550
5145001404
6106063128
3105087025
1128084160
6117056301
4176022392
8100009164
181020131
6152079520
5163085408
1119053008
3174023172
1088079361
9123061593
5116030999
9111082000
9065086564
3009096651
1153050303
4025096766
7146042283
152037009
4132053309
3053090897
6167024819
1001085315
5195064879
3118079682
6127034506
9127067398
9197072558
3147004455
4074080655
4185005070
9049070687
8042098939
8138011986
177024810
3171099838
2139002003
1108078241
8151048566
1096096074
8145067371
3179086006
4107056885
6199071963
6109002325
1129057839
5102011479
8064081143
9151077930
8126077160
6076088908
5113065675
161081092
6181032819
9165043863
4155011634
2079078077
8131017998
7132061108
7091084568
2123040919
9139078283
1145047622
2135088071
4182054714
2115079703
3111045968
6184032993
6171036060
74078083
8119014238
1145069176
3177028909
7001087975
6140087797
7115062019
2059076999
4137067414
7199021964
7127036768
2182084761
2014096944
2124082445
9131017252
3180033914
3175041247
1154066970
7153038689
132076961
9162011348
1166009612
9133014750
6147076744
6144094809
3172079982
9108028020
9095084369
6106025674
126012679
1063090322
5088096326
8104037927
4131030841
1123072994
8029097146
1180022204
9158002590
1179070117
8115037397
7122061390
1173010837
3145089073
3028091755
8177041827
146004170
111089442
162010794
3171015608
6153022821
2182021203
6115078406
5100078993
1176071833
9082083763
8139052124
1036099900
6140012752
2107013194
33071864
5166070645
3158008015
3043081745
4188018471
1141087812
3130055178
2110082257
3191094415
1101015445
3012077472
3165021623
4177021444
8153041030
3160025468
6164088211
4116034657
6168037473
7193082176
5099084874
5142064394
2196057704
8158085759
8041095017
1071095064
3178079252
7193037234
2141019535
6004091427
7111006624
6149019753
2017074397
7067085988
3182034063
2165070730
1103055480
180011905
3126070477
8093086019
158013646
9145000743
5133084486
5070078566
1183075649
8151007045
9079082129
4025078164
5012094910
3170051864
7181087710
7050070296
6150084345
6141030289
2137022623
5119092148
6108079183
2165052926
8197058064
6193025712
71093870
2107066732
7148069792
9131072629
3190041467
9192045459
6113064341
2192067778
2169096336
1150018659
4198001876
59099672
7111031091
1164080762
6107046562
7012089886
9041092939
2129072295
6180026964
199063956
2176016216
2103061229
7163070172
4144003811
8194016997
4171015094
6102058640
3073075754
161085590
4008083809
7122072421
9133053937
4049084793
3125090141
4076097768
8007095800
7024084903
2169008407
8179068371
6172095436
9180051813
6184044540
114079642
7191025025
5002078289
3086076384
2129092433
5173042353
3143079191
6164098812
130078362
5116018082
4149004945
2137087776
32097550
1048093317
1139057974
4185086943
7134018615
3194038331
4029079853
3173016028
3149003545
2135019862
7003088655
9113068028
2166002176
3174062041
1049099045
2168080039
6190071493
1173025723
9114056275
9188025367
2086085952
5124009537
2092087833
9183004741
6094088584
4009071963
6092089866
5050088723
6173070401
9118000158
5177043694
3182047353
7135092929
187007701
3122070897
6125011891
5107051176
9191079537
4105034220
8077092078
7140084061
9146002149
5113045383
1107039861
1116043290
9003094937
3115067006
9158041033
8181029500
5023088922
141062327
6004092749
7130099805
1168093513
3115000830
4169055210
4160051860
2192033076
6123072660
1082082090
2147084257
8196062623
7036086685
5145033329
4170008620
9088099291
3111032869
1193070262
10079283
4110050369
2053096582
2035071052
6114029438
1177036957
8111078570
1127065214
1146082287
8092096704
6103082988
9174088228
7086084628
1197091921
5052073255
185054626
3022081368
2183065522
9084089699
3165063851
6103042627
3096083798
3137039151
7166084605
9196079847
6174066565
3194092638
4104066384
3168007878
8111014113
4118038246
8163068351
4136056472
5112016915
8115082517
9138011374
2155011133
1185002257
9141076341
22088552
7185020270
5035072055
9160086825
8137091646
5118011750
9011086666
2035074454
7167051498
7189035933
9120098344
9107049738
3170031679
5116030472
5022090396
7105073111
6162013566
9119094640
5118009547
7101088074
6169064541
186038995
5167056773
5110040611
9149037420
145042227
5045084488
4091076642
8119067894
102034773
3041090164
5178034507
128047197
5170037655
130057849
2122026717
1125055665
3144089560
2113014203
4169068528
3155099935
145011499
5171036407
1164010985
6134087159
3181019485
9074095933
6110099427
9169030738
5147000249
6175018562
8056090282
5128013298
3087082096
3174042153
1135097332
5136049286
5127099529
1135019963
182001621
8094092102
2157072545
7187031585
5013084788
175039115
3120031475
2152004801
3138022924
160087373
7187044029
7117009609
2175073280
7192014226
3064090634
5183030508
4112048806
4183078745
115052195
3050080258
1178011351
9176003544
6067081896
8164064305
7114035988
6117030282
3195079317
2147084286
5145057324
7185080993
6086083621
5103094928
7151074199
1132021961
128032269
131008572
1192064814
3148081935
1105039945
7175013350
2098091262
6143071830
193036628
4135050927
5150034278
5152010259
2111043206
5012085594
9133069241
8176064184
109043673
5153058867
7086096366
7176013555
4170073855
7179089788
8119009673
8017093153
7199036576
3187058757
2195080044
1176056893
5193085992
9032092809
1004092545
6155086643
2021088069
2163087456
5018082774
6122092236
2150088607
1188014348
6060072088
106000054
116039023
1060086308
5021080713
5198031238
40086395
3080091006
123085939
6190052197
4044094155
9187032338
8105064398
3105047724
3108010058
81092771
7178005614
106059768
108034087
7114037385
8070089625
2136035258
3175050663
9135011650
2193085408
3069077861
3150019195
3189005405
9002096641
5118016257
9164082560
7135071328
3142074407
7105045146
6180082220
9172073676
2157088157
1100030837
6152022844
8134036275
3150017613
5036087927
1073080917
3134005992
6185059716
5159067678
143044418
1044093635
8190044184
1057097732
9133070364
2033073075
8011086532
5118086776
122029258
4173047043
1141005185
5145079302
7199030168
5150078268
6170066208
5011075252
1040086765
8168078423
2144041189
2113078807
8164057126
6194023960
6049092514
9105043142
1126056636
3096074786
4138042640
3155022595
2160043544
2148004358
6134042666
7009094465
5110069796
9196051310
2148072355
7119076715
6190063881
4144041660
1153017216
9142075696
8126003700
5160071344
1080082412
9175067591
9192021769
7126095332
136087751
3163084585
9062085622
3133008990
8138073729
9094077760
1156073691
8132058816
8171024905
2145094834
7048098041
2111033680
5100004026
7181019426
3115057079
5110075348
172090536
2193020745
1163034283
8083093931
6091574
2173077802
1101055844
7002094753
7142005952
4152017094
4197071216
3168030631
7057095902
4004084823
9146014974
3117005831
3134037241
164008363
6157023124
2146021245
8113037131
9197082584
4189004728
7015086829
9073083644
9107011335
8170025509
1079098019
2141054258
1083098572
8144005227
4193082461
9173003441
3017071797
2048087634
2169099020
1105075849
153023813
2111007603
4156086059
4181057271
4128026463
108072947
7035094035
2129056271
4029089909
6156055622
4115040422
2089083247
2158083340
8001084023
7051088564
6116077262
8152049733
3120068387
9177065146
5199027491
1121093436
6190090116
4167044565
2127051910
3130050551
8024097199
8155040999
3169048391
1132014299
121025057
6090094937
6193088508
3109058775
9053078650
5000090570
6176053763
6072081545
9114041919
6130033301
6190089457
8139082679
4144039375
2102034598
3199014704
179013080
2026093462
2172065949
1166054968
6198038782
3164038414
9106081859
3073089556
4140044913
3120001684
7080090655
4114026138
9143009017
3136075543
3157040201
6085082210
5167039433
9099086832
2056082137
1172079577
8034074897
4179059040
84098580
6157035142
31086595
160062677
4183037802
2198089194
4145048084
5071097390
1156011304
7154075906
6156080849
5195063371
39074179
8103083388
4082084813
1143020333
3175029512
1157091804
175001550
3140031045
1152002898
6081080915
1100076886
137040279
88070684
7120082280
6138002190
8125041844
3075089098
3057097527
2082097805
6163039569
4118097720
3169060519
8156018273
152049355
7183001033
5121038122
8125074788
6132063660
134035249
5197066115
8104084531
2123078964
5003083367
7123074840
7114012656
7173089362
9117018065
2118076676
8169037333
3189086157
4108014068
2163064387
9104098524
69088470
1133086097
3158075174
4106060445
2134037732
6184076745
9191099031
8148086057
8130048618
8167013340
4010084653
8115005722
8110020503
6115002739
7141042650
6130072913
5153058740
144091137
5169040848
7198080100
8101029407
2147022612
6126032585
4016085939
2058095816
9162012461
8116027433
3176009218
8118071476
8179019887
1020080973
2179085499
5160070376
5167037926
2071086141
7109031740
2139044214
7141004193
2116089305
3147045088
9045080676
7072084848
3144070931
6041095970
4038076551
9137058328
5173081949
3124058525
176037896
7136018331
4030095511
3150041684
2140078187
4015085827
7189061396
8190069508
3164062887
116056267
9107086205
1076375
4196027004
158089820
8101023155
1155021118
4146058083
4143098521
4030081616
4102066123
4025094622
1128020698
3101064212
3160004443
4146060427
54072152
5179022198
7122033164
8109067671
2140083770
2091087213
4132033286
6125071309
4084081615
9179035375
2182032208
7153021813
6174027204
9059087869
7159064668
5048081468
4191074286
3150009468
1145025236
8118040676
132040399
6123060731
8109026966
1179079997
9174027769
4132005958
9126064896
1052072651
147063674
6160060381
5110081818
8159083869
5007093121
3186029411
4129032281
5135036637
4139073517
8105039851
8133057575
8172047820
6129035071
3172064354
2195013538
5101074924
5053070699
116086088
2167035436
5138053340
2109010938
5104016654
48088796
4128075062
3193034897
1102065299
7123071924
7047094794
4040099403
8163009351
6185075916
9184068627
2134033572
1052081509
4007086896
147067110
1165064075
8172046811
1121006281
9187070146
9130043475
8080088959
4177062127
7127025680
5017093381
6032082810
3172074921
7125039193
9138025562
2152036490
5041085506
3141010498
4100064906
147027033
135072873
5139031867
45090738
2148071191
3005083295
4148082592
7003081890
7138078833
48083790
3127016641
2180007372
4165082544
8114029977
3192087986
1139048638
2195051693
9196078060
4116037339
6185075651
7146061508
6116078718
3027097535
1134037882
1081073152
6126032563
2127031496
6150065669
3112093146
3022081390
7169035653
5169041521
5060086127
5115082087
8032080412
9114061796
199022269
7123055887
8172053665
8110014892
4119039294
195053350
4010070169
3161065996
4196010629
2154084454
1167085309
2002075153
4127098742
2070083548
4155087228
170031915
2063099997
96098139
3122078307
1044082622
7018099553
7107099303
8132043571
1173089351
2190083665
4161068432
4121023877
7111087665
9112017092
6123003403
2190082270
1117048739
4135079296
6168086568
9157090609
4154031803
6079099026
9090082854
3089083882
1197038993
5167003128
9155015189
7041091124
2165005474
3108002305
1084088588
6036097614
8103033735
6140083600
3156036667
6160037291
8142047674
9113093342
4001085203
5088089740
6176023207
2074089803
4177017733
8104072561
2146014645
2173019986
5137083879
6072081175
8050077089
2132040200
6028092624
2109067738
4122019740
5186080798
188074060
9025084700
2115052788
7145031466
4130018136
3167069880
1136043961
4130039641
8137038179
9156014132
7056098428
7184060670
4175082717
157036735
7127043991
5103075497
1199001126
5181032735
2086083155
9108060922
7104057174
8163003381
8063082039
3018088494
2193001416
8112031411
2013073372
3184046271
2191065808
5034081073
5196018385
15086995
6173017166
6133079097
9083082913
7177090919
8133013201
2176070580
5145041376
7079075189
9128039353
2149088678
6180033960
4082096436
154034336
4167002750
7177074570
2167088836
6144080504
8060081945
5010078881
7115032450
7028082252
9145099223
8146079249
3171036842
6097087547
5172047468
175094130
4158020898
8161055833
8165073736
6169073034
3190010823
1112088852
147050984
7154023398
4112060132
4199039367
7168045957
8129025259
6109065038
4146075852
3140079079
7029098568
9164032429
9066094553
182058849
1197089037
6187011945
5165045680
4138084926
9157095235
8138005018
9046084783
8122091125
2119022987
4149074739
7180013378
151058168
5112064706
1137076640
7146058224
2166088205
7147010596
6153094033
4042089175
7164089350
6170097406
2161041148
8162013594
6198066632
2182068691
141012017
3196065967
1157070329
4146010668
177081245
7188044096
103034820
8108024563
3038082763
7192082691
1141019292
1144078660
2114060100
5145075678
1187041514
1104007003
5197003582
1195070005
103012419
8192057006
5142062781
1172006623
5139035416
4176046234
8146077011
1030093120
2169054326
9181035213
2115068911
7101001468
6094083287
4096841
7090099078
8036079378
5081071784
8062086258
8155002488
6143055023
6118035558
2193008204
5154024889
7196018128
7154028998
8104084329
1116005088
5158066163
5140079629
5129027747
9161050307
160021963
2027080092
3138019408
6163073552
5151061610
147046574
9178008539
4063085945
3124001763
4129085385
7000088041
8116094839
122027061
102055186
4156033540
120073206
5118056424
9174061919
177038921
2192079414
3195038380
9179007691
8155063334
9078097028
4188006303
9170053608
5139022150
1156034623
8161088732
6123077347
5182042282
1162017056
4030089021
9004095741
2095082223
4199004664
2164061717
136005082
2027072156
5005098371
1168019272
7174038694
7106043452
8057094103
167042203
2110076911
7160021447
2129005045
4136042228
4130030096
5131091743
2016082928
3126065713
1192030296
3163022189
2060094791
4102050981
6184083031
7103046859
7106005880
5127081101
3139011790
9157038974
144030757
9171051226
6162087063
7199014014
8170038033
9166026589
5118081445
1189047153
3060099781
5078087412
1058083570
6179013690
1102006983
1195082011
2132013368
8123081840
178031198
2118003754
8181083333
3034089643
8165072780
8138025158
7164071486
4180037295
4103028575
122089561
9140097600
3135094801
5057070681
1004078659
2081079169
5013081752
2058099820
120005150
3162075639
198069902
1110022543
6116064799
9178022790
3024074670
4072081247
6130042818
4157088165
1064070655
9034077693
7048099039
2182009093
3121037562
5194000035
7139003550
3096079745
5123055391
2113058898
4149012827
8176012332
2160008405
8092077470
8142096724
5167035820
127052963
6085075177
5171096509
5115035789
103080497
1083075564
155026896
1112010992
9145025842
7152070269
5185071717
6092086493
4022098762
2033083723
6129057252
2145061739
8151011785
4152057327
3128037563
8113015960
8168073875
3124020685
113081533
1088095400
6068079858
2137043963
9145004976
5196061831
6027095097
5077075480
3099073863
2110003554
9104082728
9163024749
8149088106
4184000742
4054070096
182075383
9161037889
8132061456
9174074378
2146082566
128099049
6125007717
3174012845
180002949
2158023434
6128009228
4151009364
9130004650
3033079778
7168072635
3117093931
3125051436
4165098733
6098093137
123035243
3045091716
5193005425
196017046
9027090678
4133048858
8177080658
7178004322
7107069416
3191071925
5143098131
6112040773
8003070255
4195033583
9075087213
6091097353
7052085789
5105095837
1182010899
9174006490
7029083576
8155047253
4057087724
4110047065
4014096785
100089066
5005087590
6091098213
1196089320
9090077474
3140035402
7048087795
4167039165
2154021045
7063094757
7084098784
8036090867
65085800
8144061622
3183015950
2108025047
9151086981
6120030089
9174095710
6185036218
2129048610
2195059466
5057096529
4181060710
6124067890
5175049442
5135007290
9191064183
7123090741
7114006847
6024098339
3004078358
162075366
7190079503
8183009556
4111015278
144079500
161048714
2155036616
69083314
9101050104
8101081577
7021080695
22089651
4144053250
8163066449
7164011881
182010221
7109008105
5113075022
9108045174
1114012558
1195064306
9133015587
6182050265
9135069592
7155070383
7117072546
192018342
8040098852
6199079888
136070207
8136056104
7107048815
5125034608
7101016850
8184072246
6190005092
4010087163
1165028318
6109049979
2120059928
7125052143
4142054307
3047084290
5186076283
8043084159
157083891
1129071183
5181013952
7132048158
7189087310
6132061689
6170013987
5120094734
4107077985
6001093609
2091099568
3043088442
197032504
133043467
7118071583
1139033159
5139073620
130048990
8095098954
5143016186
5198097228
2187070945
6060082460
3168074194
3165083033
5182089147
6189013042
6170009949
8085070164
8134062763
8138060510
1069091191
3136011293
1027099267
8181031224
7041092932
4107076200
191087130
9158074190
5188034728
5139088178
4096085277
143045293
8128059261
8152076955
7105072967
3152061529
8107040041
8063084941
6119042506
6167094512
7168061775
8183080134
3143068366
1132085861
9104063486
4126001530
1026089168
2107078635
7018099686
2174019881
3120000074
6181036635
6112030620
6175008300
6000094919
1109080067
2178048531
8146050562
7129028200
3158049810
4141056446
8169068354
3104076018
6165084367
3034070774
3045095791
191058072
6147001762
3134074409
7105014962
9157068151
1041090597
5118027154
6142057948
93088206
4123022110
1128072754
7109036813
6087092430
6003088571
4185055061
3153044428
2142083859
3185065267
1073070991
2151056844
1158079948
5199061178
7013073377
4143065443
151051004
2179025112
6015081915
1098076051
7160033649
1195050271
9172088111
110073745
92096385
168069988
5008099693
6100054322
7187037146
3166027479
3188051873
9188081607
6172034671
2130080879
3153033328
18075158
9095092519
8197094735
2172079714
101071024
7065083291
4187009751
5044090948
5184079107
5117035910
9163052390
2028080116
6186065129
2160011414
176034597
2140029288
172087718
1105076922
8132052376
112076283
3153062328
5146093005
2175028584
4105092818
3187089571
3149051383
4110085019
6103017091
8018090237
3189090838
104010156
6084073289
7177061179
4107018115
3133046211
9138035945
6198023845
179021557
5129050058
6150000552
3179050090
7077082234
2131075755
3115088674
5172061112
1008082446
4138021308
4163022216
4155010669
8151033315
3163092822
3137037807
2075089888
5165024376
103076944
1184075431
3139085661
122020791
9088094218
1169074737
8154019393
4107015298
4004083106
161002876
100058039
3104026323
4149052212
8130080192
7108061045
9120063200
5114014164
1131062293
149042655
8178021474
3018092154
7195039431
4156060002
6112088937
3198037389
8110006176
5098073071
5036099979
2192081345
2183087086
8165039565
7076081306
5167010565
5178081372
8026083166
1169036655
8022093390
1163086136
7190046330
6118074256
6105075739
9139017725
1004094863
2171012798
7167025800
1106073232
6197008566
161000701
8133080671
6124067648
187032654
4113018451
5176054504
6141018361
3174044486
4123037627
8029077764
3165069407
2187086764
9191031055
8145019235
2054080198
4118002629
1175083517
4147081113
1100029335
3025094875
2024094135
3144005682
4111021552
6143035282
7188038354
9096090222
4189093831
5120048919
69088018
1168021890
2192004036
7177033473
4118021584
4141082372
5105044671
7106006939
3095095590
8191072068
103081374
8121023188
7156092121
115005857
7139010219
5126009276
6058085872
6189073292
4014081294
7131029635
1137050428
8082079674
8101018597
8128071425
160010498
5132007415
2031080654
5117043267
2172085358
3169008822
4147034570
2182019729
5096095588
3112077603
146058947
2108036600
3081084220
1112055137
5111094215
5101070124
3070083060
9148020836
8117050500
5152082671
6167027771
9191036684
172024575
2126019098
7000084211
4179084234
6189009340
5163072973
2119084192
5184047278
4016090950
5130066247
9144017019
4005090688
1104016158
114003495
1111003028
4168016201
7118034321
166066530
4195044075
1105092112
7133075998
4092085587
6121027407
7159038259
3182076213
9139010339
8121061271
6103039087
6130026139
6191072995
3183013140
65091476
9131062219
77085079
3103071848
7194007307
105002306
2142052054
9171078036
2013087869
8108066951
9017096334
3079089396
9163046638
3142050040
3112012522
4150064833
2196029136
3174090739
8156041197
7140061380
7111075459
6110032345
7148074438
68089701
3165043883
8028087472
6062090295
6158014013
2181063725
8192008718
4159075255
11091612
5174079497
4186083450
4175052090
106097320
1012080272
2053085498
2119075457
6187060325
3114057490
5059089224
5166056735
8189029998
3113085808
3134066792
6145067451
6120024522
5097076592
9170040220
3115086496
5157063162
9013089070
5118062884
2110010572
2145003488
8186016174
3049083555
5166079519
4152000968
4152007167
3186051195
8117063344
7193005199
4155087376
6196066793
100081601
9183081619
1117086399
7165054164
8045082508
7123068687
155056028
3051082045
3161021539
2198034937
9037091829
4120048810
1104001210
7152065857
9102086755
2019083539
3104059588
6130031376
7115028335
7163056120
1152014091
2180067504
9089170
4049099528
7098457
2088077997
1159076312
4162048010
4166064648
175006067
6194038716
3165027599
7178091236
61098075
1154089277
1152031553
1196014601
8121078041
4058072599
7189039186
2102000916
9161037876
4142008293
5147081674
103071201
155073674
7130055578
5144034420
1182063924
4128038637
2177038868
9089083510
3052084944
4054096845
5197056658
6164081614
7162068686
7179080573
8176066378
1118005668
6190078545
4134085136
3148051341
5055070891
75084883
4120051580
8180040295
8186040986
7061088640
1135069388
7107070509
3143001387
9171004919
9103083329
9112077746
9103044844
2113072032
2177051800
7101020167
9139048860
9146036982
110096429
4021077982
7157065052
3105084117
15079951
4101077402
5171026691
3132029029
8163015955
5007088704
5074098523
116022630
2185016545
2100049324
6158004793
76094499
4144038025
6163060667
131025699
3139037341
3168048448
172002970
3176078465
7191012345
1158000616
8011093318
6135082393
4047098167
6118071339
3162036975
7135075459
128002045
3196087637
7186086780
2036095501
9130032733
6103026896
1170091236
4068075653
9172079479
1162053364
2147037641
113002732
1135036351
7190004818
5127018652
4184080329
9128026547
1105016231
5194037615
2100073834
1183057998
6129079004
1109053823
7172086681
8055079867
2108048648
7166098237
9071080602
6027078883
163098826
9146040428
6074094389
7023072456
8110058234
6069096310
2139021350
2143087651
7046080870
8106056697
6064078986
9170039285
5170028561
3184057069
2187082917
1021080167
2026090870
1119019442
5019080690
1137047442
2182071432
5136004215
157051485
1198014113
2150075389
1165028149
6013091026
8111071033
5177030608
9093099430
4138062980
6146068344
7152014140
2123055323
1162037501
5154076990
3095071984
5166007573
3000086064
1152053203
2110048299
129078065
6139003229
3193032465
4110063918
1177085337
6181012115
6157008159
1149095817
1041095220
5100071319
8177087839
3052094999
2199047096
7035090880
6096091269
4106005318
8055089005
5129088879
7082080456
5083079781
9179032145
1047081777
7177044597
135040674
9110048713
4085090491
6135009727
6150089225
9099084709
8176007188
8105088099
3190077371
2146063678
5174041076
8160038165
5167020133
4058091702
6000094909
160029470
2157082580
8094091039
8166069319
1143030653
9170068651
7114055005
8165054881
2126043389
7012079473
2145028767
1016087401
2195008072
9154000501
8157043125
1101033193
1149091407
195024401
5152000297
2104085463
4102057886
9022098580
3179046326
1179016793
2116071199
4101027169
9161083705
9145075953
1125038054
6111078197
2162053265
3166049179
3179061106
9155021085
5123011688
7164066971
9173011669
7102021989
7117002305
4165040992
5096086418
5124066388
3183068958
3192034125
2127079408
5078089172
9139027474
92086480
6144031601
3048070458
1189061890
7131008899
4160034582
4034087769
9154081839
8170053320
4088076655
4134005638
5135007214
7199074843
1184033502
4132072259
9179004119
176064501
1158034209
1114060784
2116022556
7108040273
4170047211
3011097272
1074096476
3177003755
161013301
6121003055
3121006820
7004078377
1161038327
6095088987
3175031028
2132016891
9146072469
6126024065
1191017712
8093080184
2186071057
4163007895
4015096802
5160007210
9115031881
159044139
8198071489
190031296
3104040330
127051924
8171009146
193038539
2137087429
2009077660
5111099422
1134028667
3153015367
1134046966
7160006504
1000077887
4187025139
9130053568
3016095178
102047606
4180011606
7036092096
7116078527
8125068742
1032072975
8171018609
8159021850
2158029654
6062081498
1144063769
6180039110
102049049
8113045040
1197052178
152076669
7144070207
4145025418
3160028257
6106047102
6199043026
7149014459
5183011085
2112044208
4134082706
5113007239
5003084072
6001075299
2118001714
9027081422
1138075472
9175052396
8154087159
3159039240
7169031691
9145097718
6172012526
8180011207
8199075058
6167012082
6162063984
5055073956
2178089458
8195052033
16085984
9141014778
5118054443
6089090725
2106086004
8147044379
1106023454
4156090128
7125073272
9197077424
5197068694
7166088338
1115045340
1151079797
6132052481
9126037228
8164003873
5198051580
8103013074
9133005316
164079541
9006085600
111052320
7141035801
6147063334
2198066771
7187002305
8145071285
3134045353
4144064242
5133058165
9076082645
2175016773
9051074485
3050076255
162085328
4184031924
5005072359
7134051678
1088099923
174056240
6101052350
3181079586
5153074475
4164033116
2135072615
3036077690
6110061002
5142054784
8031084336
3149025614
2031085452
7184080111
161019058
5100020985
127038141
2107025979
8186079449
1111070910
2136076299
9112022491
8112035462
4127086899
2062078099
5003086097
2109041421
6039084562
5056083164
81087423
6159067803
9098085977
6055085635
7109030040
1109089210
5173041742
1161010058
4119008332
4126088798
5053095410
3121036459
1164003100
7137048254
5145062498
9153023787
175032294
7117061653
4162037137
1183037906
5102048067
2138077253
7198097127
133040943
4075089680
2111057980
1136089500
9159074043
29084212
1117088552
7119071404
2120025931
1117097736
2138038768
2030095359
1112077043
8164036532
6077081694
21080547
8140021532
5189081720
8131000154
8026083110
9100044844
7014087745
9112049713
7107045171
7096083073
4152013873
9193084164
6026086731
7170083869
1101042547
9119004227
7162087374
3113048019
3125005994
1151090733
7171060921
7107026622
7128003891
149099123
5161070407
8116088336
5188059257
3157042389
6118044600
2102067002
189020346
9110073698
7140087106
6172084529
7139048430
1197036791
7003080842
3124032440
7039090144
9186050387
6187066070
9082072596
2026089550
2098080522
4123084591
199077450
2113060139
8131062805
3148083663
2199052914
69099476
146065606
8095091706
3153013068
2131053208
3198070317
2110080305
6127073424
4141029171
1189062718
8197035526
8135015668
5004070556
3194037829
3099075368
4036080226
96092653
3090090292
2163011080
5169095405
2129044393
3117055634
5137045867
9195088039
7124086492
3180082277
6148089421
3128083770
7140016849
4119071022
1171049500
4162059867
3160054508
8198003156
1105071246
4110019893
131070213
172091702
4128094042
9181057907
1112003566
6161012749
108031605
4146081576
156067314
7198026227
7108072345
2179079802
6145001372
7195009061
2166034487
5127006179
3172088544
1058083747
6119013797
4141021664
123021887
138024808
5188009009
8085090041
2013091010
5198049782
4109076529
1035081481
1080084272
6170075649
3048071059
8177014854
7101087810
9183019080
1085090515
9025084101
9050089763
6038084878
93088316
110079519
112010305
4139030146
122057498
8060096919
128029358
5175048598
6172051309
4184082671
4135074790
6116083910
9193026476
2117050432
5138044681
1064072394
2171056695
6151035104
6130013083
1156058024
6117075584
9058074670
7120047448
1072072875
3050086081
7092090862
4165035511
5183040230
1005094050
1128004917
5131084220
3156066262
7014099208
6109050098
5154073280
6166054155
8012076257
5085081881
6121020802
4155022104
1135044738
86081076
5055095991
3112011934
7174026023
5180011482
7187020182
106064613
7150050824
9148041963
3098095376
9174032964
7145029335
61088501
8156063537
2104030009
1197032648
5195067186
9133056333
1115087270
9153038907
7122013208
5115052437
44097970
4178083979
7091087813
8192021099
2002088318
1186089633
1125038546
2165020346
6183059293
3125017974
8020082504
6177088660
9123005123
9199091624
132081631
2020089837
1169075190
6026084457
2172066505
1158058383
8061087323
7145059874
7138033894
5138046413
2165032399
5042072962
1164061394
143073504
6132007065
161069941
4186058684
9023098843
4063082020
7101009976
7176000506
9061095483
7112079196
5102025882
3175064737
8192076757
7158065491
5166084170
7149053891
3027070392
6176087162
6113093537
2126094015
6192060547
149026393
1194088422
3143065542
2154021459
1190087726
6190069298
1061088771
8050076696
1150080299
3169088573
7061097229
4104007764
58081391
4191046808
7066089923
149084264
5151078593
2008094224
8182046715
9182047247
7187039798
6101070536
5175088769
4173080722
1187060600
6155049569
7134001877
9107040115
1136005190
135081913
4188038069
1115060558
3112003547
1168000568
1147034731
4109019051
1116020874
9135082262
9120071803
5152009163
7153075734
2150005961
144029684
9193019460
118083181
1006072461
9134023029
1025082030
9117046038
9145055949
4171049440
9154071573
9158087297
9115095449
2188056799
9135053502
3152053205
4103042501
3089083641
8061099733
8176098031
7132079161
5111040889
7048092762
2174060075
2007082634
5147025140
2159043736
6062090168
5028095812
6166033555
7093523
2118049596
5183019981
4134059284
5127021305
4114086180
7139042767
1182069663
2109031211
3008087428
3024094474
146001222
176038603
5123044641
7165024625
4030096577
7108069640
168027880
169032502
8036080941
154029606
4106088073
3000076954
7128087991
7038077556
7104045976
4181080017
2190077108
7168071561
7092092296
6025091597
3136096820
4194088637
6144079890
3152020982
6112045517
3037087539
6181052536
8157056741
4125067124
1043086168
9195067759
6186068867
68070859
4138025912
4137081369
7017085046
8191084319
198065393
8195063500
2049099483
7127085351
6116051020
4195037579
3112025714
5094098408
1149019471
1134045522
6132040685
8117086387
119019158
4164001128
6195057577
4058080029
6167098137
8132041853
148011422
5157030587
9096088591
7170051944
4050094706
6122015660
89071584
4010080961
5167037947
7199080102
9116096047
9121032374
5054076085
5116059652
1105069396
39071185
5148065015
153037765
1109090608
118053371
174022305
160020205
1020071663
161053417
3005083424
8196066256
4116099938
9164030219
5175067642
9094074158
6001090007
4177061267
4185028602
7189003100
6117023118
4051091453
2086081178
6163024750
3122087609
5170028019
4136060852
9031085267
3079079458
2033073258
134037245
6163030985
4135037276
1185041451
176099529
146079150
5195083286
8141072814
9082090126
6168061449
5187066977
6133029730
4103074498
6130056339
4110079707
2118053009
3103025428
4152067282
7107028624
6178022123
5101045058
72097229
9132080034
7122072352
7161015851
4009083417
4143043735
5150089726
6178077383
8102077984
1187074496
8168055527
4115095244
2148008293
3120076107
6118027798
146008707
7137035731
175058668
8152078487
8172012120
3033093723
7191067885
8161063885
2129013668
6178023893
9116013882
4072090742
9177039055
1169041877
6191085113
6118079366
9141015200
8120016672
8127084888
5171049267
2089081688
1093071588
6151091401
3152045062
2004070361
5126016864
1181063234
7034086341
194064896
9120020370
6139003450
9078090154
3177009136
3187064257
4113049277
132009432
3196009851
3124019872
3186045550
4145075493
104010313
186060652
8184013272
199058614
2001081860
4111067099
5187059825
2130098411
2169088863
8099078742
144045353
9149041250
5179036712
147090006
4026084605
4155070842
6060094703
3107062811
7170053341
9153042909
5104059275
5166014370
1120043770
189069698
8144083094
120008676
6122054151
5190007785
8166016838
2198057720
8121089501
7058076552
22084228
1181076472
2114087161
8123052557
5131081504
4112085931
5113013618
9088089685
132050052
8127081761
57091629
6149038892
3173045693
4160020426
6113086174
8150044882
7170047782
1174044576
9005095195
3033095794
1172072979
8132079419
5009094165
8161028440
4150064453
5148023105
6127086317
4134058941
1189006824
4177088283
4156058577
7157009587
1182048654
6117044707
163037799
3114047139
3088091789
5146077060
4167042949
4188046857
3193097007
5062079358
2060079995
5058082973
4151042312
198087842
9168024717
5049099193
2024095050
7160071533
4145028039
9077093392
2017090912
1168003243
1129067629
5000091325
3162031298
9080082987
9180038217
3175072468
130057246
3146065802
4101069362
3140032918
2165020065
9149044825
2192040619
112080152
7183028742
9112042750
9135023848
129074517
7184095227
7148043409
4055085267
124090214
3017075179
3134078165
4123086953
3118038990
4147034358
4087098349
7102051409
3039088171
1155022835
5147062797
1070074174
1187083863
5193016845
8031084702
2100090411
67091329
5186049282
7141080615
181086798
4017076395
5155014402
4015097699
120036841
3167016780
2129087015
5121032381
5078087775
6148006283
5130080393
5081080978
2193015664
9112044731
9149057120
1174054732
7115040155
8149087878
8159026336
2167063352
6179021359
91087256
1154018962
9172056408
168008121
1126098538
5170012347
8197069158
4148043360
2157046263
8075089447
4149047846
9139047304
1127004427
5115026464
6004093429
2190036048
9195086593
1103002137
2162012657
5147002843
5010083824
2146077676
6127066473
7123004718
2001086565
7008075479
9101073556
8015088905
4166010716
1104082244
2057073051
6120009674
5158041982
7173015287
5181035655
90071259
6111027831
3000097368
8051083617
2147012292
9193048206
1005082294
1115025635
2154062264
1130029823
5142024446
4174063876
5189011279
2188069685
3138054087
7024083232
157083006
8096098685
5083099307
9036083589
1166006193
5112070928
7152006432
4126088719
7100042952
2141079243
8192022951
1011075178
8166009289
9194017010
8129021648
1124003629
2025081023
187070898
3113057184
8141099025
76097541
186024630
101037872
9125033498
9027091066
7148018394
1186024576
5029082342
3113070258
3169011505
6009086139
2019085338
2050083512
9182087360
8040099090
1111042138
7191084657
2116083975
3098089543
2183065566
3119044746
4144003591
2105073055
197034488
8162062469
3120040774
4156086122
9101086158
7188085993
7166062066
2153033094
2052098643
6083917
9167017995
6100057921
8155039942
6181065210
12091976
4147088980
2142056339
1141034791
5123072024
7056092445
2146015556
6172059072
2044086781
8155053630
3194045769
6041098543
2045098301
1061077269
9123052558
5193041909
3163016851
9197036530
1144050885
1002085449
6017098068
7197052352
2172028302
3021093243
8118085962
1035094565
2021086296
79093011
8137053350
126036089
3150062789
5143047818
7094095024
6154041742
7051085147
135025459
1016071873
2187020971
4154034495
127022932
8016093579
7104011512
5070070957
7185027016
9130080266
3194001657
1183079778
31079299
1120055223
8198072286
8143003406
5117052386
8169050344
8176091524
2197056783
3186025826
8189018800
8168031654
7169092730
6094090939
7097094274
9172056335
82083683
7100032368
7190021512
5155064900
9102048939
3149090320
6123065306
164033948
8103082100
8118087400
7034072754
82099127
1131019658
1163065187
3097094779
2171079271
4111035710
1108034021
1109089008
3126087691
29098374
9116009913
6138085808
35082666
5124090624
8199002891
2162014165
181034593
5173087443
94076941
4085082747
5139073269
5179084314
1015078292
4136083639
5154026346
6197061362
4137095836
9189032042
5180000103
142012896
2120088620
5095091208
3169012711
9121054145
3154051462
7175082170
5060076094
6086411
188095506
5078083970
103038478
7117089210
4163034038
4141023573
58087709
3192040740
1156071394
4168003899
8051090218
2139047348
9126024735
4125074178
1092086260
2100054560
7053080493
4169013489
1197092510
2149021629
1053080893
5180032484
3159021686
1131042204
5141086351
4142043271
1122044479
3080086614
7088073587
165047828
8016093304
9139083753
6181016919
6157028058
1100087093
2172081626
5137082990
7046084817
9022098796
3164004793
7141066622
84096463
7032084362
44077595
2126020980
2196060261
192066516
3126061134
6056071088
2174087498
8198015163
9137076907
137004085
4178084370
5105058521
6064097373
4118066124
1186059559
2170033832
9179069228
4195005024
5147023141
3101032615
8051082608
7115045177
5037082242
139022681
4169079284
2071091210
53070351
6144019072
3185030315
74079958
145087380
5119072947
6062072976
6191061015
5025092808
2121086402
9026072973
170072849
6157025069
5199057685
9166056882
2144073370
3030090003
9180066178
9121017761
2131088010
6113010680
6172089026
4174044267
7195001571
2047083902
3026089857
5179093224
1108084920
7107052714
8188037043
5192072422
1128016108
5196038580
4137048909
9023084143
120069124
1067087408
1134057531
5197060066
6125048758
7104087319
5182047357
5197029932
182071147
9162016481
110068507
151021220
4018084920
3132056427
7182069366
1109088172
8089082624
1085086092
8078089688
5095081580
8136056638
3095099970
1188011931
7147072269
157065910
9133037058
4113031849
6168059002
9101057255
7162084071
7087089243
1018074054
3055097758
7113032982
2181011048
2167071762
16092027
178079269
4149035743
5193045892
7104033025
4123099044
7113022568
3102070990
7125072199
1117039310
3045081453
1104025211
7111073043
1058089789
110004551
2103087074
5135026895
1120078586
9161081382
7163046823
3151060965
6112078185
1039079271
5142002721
5109068442
6026071684
1164049618
9021097181
8165026380
1055097425
3059087358
1178069057
4002096820
4153029764
2143039247
8155083668
2134076776
8153086772
5187046966
8081088975
5100024013
2113073828
8106048344
9171059759
7172070410
2117026406
2188044755
5146034088
5058092608
3199067575
4160018473
4111065898
2041098048
9112082112
8100005813
125008709
1165077825
3193026861
1140080895
3193039064
8020076286
6131042789
165077997
3165059581
8172070956
3157010724
4157071379
9132010058
4195017888
7062082176
2134065809
3002089890
7122044169
8181097922
2121016837
2105079003
8169040458
8175069040
1158075438
1038083530
4180034224
8185048967
6197065445
6108076306
9102085097
4188075362
8129079588
6172066346
5130054798
2107082661
8047087849
3164045429
3176043970
9196060669
8113096926
8173033675
8170037317
2019096577
116078622
8066074350
9166065396
8095097608
2103012039
186073600
9192053676
5052084498
5130082403
146068085
2186028273
1184010273
5130099946
1115063587
3131045962
3129083680
6021082656
1108093428
2053085179
3140056580
3175017569
8061089956
8187005720
3196026289
2068095030
3185016592
6182060923
5162062685
1179070610
8126020740
7102008669
100081455
5127095110
2146036055
8157050442
8136084003
9172087807
9159012760
1005071287
2120078142
6064079882
185077383
7148087806
1174008937
7011074955
4103079497
5141012139
9090097660
185004313
118072364
8169059396
7070092958
4157039092
6117066014
7138007604
7140068345
1103042990
5189018233
4078090480
9169001784
7189072784
8145067096
2119087159
7146047048
103057813
9195019050
4144019073
4183089769
2193049424
9048072167
6129021925
3145065446
9106010962
5190023947
1151028762
3004076596
9145022325
9166085969
2197072828
3196083878
5102018460
6057079650
2192035355
2017094458
6052095842
1059093325
6004097308
139055535
1199038807
6134070904
1045080609
4167075500
5082082256
8116021951
4143051605
4155007555
6157084975
3063080369
4052075275
9183023084
9110031986
9109004014
6025087483
2115052874
5140065320
3121091433
41091727
2090094036
3169057359
9069081033
5150053384
5044097275
2198073138
4112011929
5186050469
8073059
9119037856
192043114
4180001460
4002085394
5149044329
2123083494
4155042766
172002338
5104031683
8088094712
8177024991
2151066736
8154006970
126049317
5135075113
3143012392
7071092629
5077088647
2182033145
4086086750
6141029278
9077075890
1179090033
1165070978
1199068087
3115038183
2148044124
5141081573
4146098527
5042083284
6055072699
4018074691
6116025007
8117085751
115048759
8100086635
7149086933
2006096244
9125066278
4146065608
9089090906
3103032193
4174042143
113020022
2101031367
6152087578
171082522
2127093814
6153037287
6162062257
12093095
7083071878
4142057871
151002818
6002085045
107027555
4149003929
2149099137
116070375
123003095
3183002973
8194017100
4033091394
4186078261
4144087170
7015085140
3181055803
3190077157
1193055890
1133089112
9087088383
6191070377
4105055818
2147056982
183047923
4116088785
5100042087
6185029531
109073466
4132032756
2124092435
4061091397
8157028621
9194093205
2116082045
2173056799
3018092694
1162081203
2061085107
7018090262
50095704
4064082910
4107022154
6103054200
2110079032
3172079869
8145022344
152056333
9039094206
6166058911
4069085047
2100074175
4166075359
9095088894
3147052986
7124056157
4132053182
