103074606
1126028656
9163079990
180066534
1145003245
9184052482
4170009782
2146053702
6181098309
4170023455
8144049175
9152022408
2057097823
1141077253
7151079386
9164004126
2011097668
2109033953
199064132
1108026022
1147000100
9146054057
1146070099
7161062357
9102051780
6152014238
1138042145
2189088705
5070084860
7081080
5138041096
8051080315
1117020974
3105071102
6166086093
8012089872
2145004221
5145024224
7066094774
4187059748
9088084374
6186064580
7026089045
167063879
9186076807
8157078301
2125067819
9167078492
6139003614
4157043380
3181086174
3154045300
1138077566
8117070424
9158074736
8175065415
1164027202
3004089915
6059084231
5188061933
141040564
3091163
4121038178
5178096032
5163015584
8173032275
9183018965
3104043697
5166051973
1092099680
38095969
7195032275
1111060365
3156005944
3056078150
2178038486
6059075951
196081507
7050088849
2012099916
5118041384
4174056425
5156048257
6027093730
5036091863
8094071259
5120076314
9093079187
8032081291
5150052529
156010848
6179011119
5185022565
8174010816
5142028262
4126017767
5162058954
62083309
2055075889
5188053554
81083994
6051084954
1181038283
2142091506
1187003835
7102086577
9171087356
3116057001
1184053080
2102060775
1136098515
5168007449
2189070590
9181032529
151019995
3148053845
9192037963
187092226
9153046727
2129049622
129011183
2071092085
1120038444
9162080810
7119081124
101099019
2120045220
9174023832
98081939
5060085234
98073250
8114078012
1175042084
181069280
1124000147
5184039324
5180075403
2057088246
4138031521
1124072042
4180081260
9120083975
8164043467
4183077159
2142064686
3057096161
9155035746
9053087667
157030234
1051077977
8105049657
9045095072
35071459
8102071238
2196065186
7010072553
6163017733
4132005144
1137097504
7151041790
3112014755
1163063845
5033082724
9097091683
3141064683
6163033480
2125030162
9121085114
7104025673
7023088844
1075093941
6112042967
8109056194
6080088435
4113098021
1196037101
9193009510
5193030966
1116080291
3158040877
2063088577
7129000740
8140084909
3193001159
3145019291
1173019831
6058089372
1196068988
7176054079
7176045184
3192022108
196064065
9146025921
7106047120
8199056631
6112002340
4090097106
6193073472
80856
4118010794
8012093865
8145058284
8169068977
3051092116
2174064629
7146056461
36088404
1012076363
7141013720
4127005753
4105054685
2180090533
7132055161
2150089099
1049093957
2117069924
6177006376
4030080393
9179006723
5197083785
1121021111
2199070686
3106088238
4015099292
33076350
182008913
6127081030
7149080333
5055091227
2194089119
7189084164
9116054974
5136089842
5152013022
4019087132
6179020321
3103087532
4118098138
5135083212
6137048057
1112087441
4137081728
4152054583
7119088942
8094096476
7144049912
1127046177
7145025534
9145032066
4038083180
4112020911
7113030352
5100013841
112030683
3195048360
1084090492
8100007672
1168098239
5119052437
7183070212
2137032448
1101011182
7119072192
8142082464
7149074607
6146085453
3082085070
8104013995
3145089166
4190075313
122053437
1121098803
3183060632
4110094020
5191059392
168072391
6143068776
3109020938
5038088823
9055097741
7185080510
6144007619
8040080467
4185055868
6123088922
3146000128
1111044179
7186023419
8104002294
104063325
8060080607
9186077352
4087094659
1108076248
5138014674
8172083795
7085095661
1055083612
8179088709
3177064518
1152074676
7189051403
1133071306
5133045576
5192087861
119005345
1120030529
147061092
5016098651
7116076435
1186074278
8147044487
6072080415
1167028955
2110033171
9148019383
4171044803
4165048700
7168085364
5019080928
5180050832
3154088363
2147030427
1174049396
188032396
128000247
9093081798
6178043050
6003098346
7188011227
6150066854
9129008953
9005075571
6145079488
6090082409
5163074804
2161071094
5188066525
1021075551
7124007302
4178083471
8132057718
7127023145
4184082397
169068165
4166078653
9120062651
9154017614
4112078648
7156004198
2167026100
2190054435
8185037885
1198054036
1141003976
9165020549
1126034790
4106075625
4021089672
3166082636
1133021465
1125072441
8148077929
1184006870
9175068571
7122082651
2109070243
4105044275
5164085589
3159050622
8138089807
178009829
7183045103
3160031275
7112048060
5152009035
2123091620
9161083868
180063521
5184027760
2119081269
1145013398
6141007761
1144047257
3192092108
6139012035
8135073715
1197052905
5137087224
2194075096
6164043907
7111087625
3158070759
6164058650
6166028588
5047092274
6179074026
9106080719
5188020587
5124097332
7105070115
5002091806
9173061254
9140064423
7147072716
3184016431
9166073418
3049098599
8160009974
4117003976
3013073482
6171089128
6135055577
9058090957
6153039204
8107067729
1107023108
4132042280
2007096668
1149047551
9143060179
5119002260
9107064283
5161013808
3106094012
2176005665
3136084640
6122006634
2045086394
8101051586
6199059695
1153098931
7152049187
2086094589
141062710
3112067400
7182001975
3126075747
7150017147
111030291
3132070516
5057080848
4175003059
6108026829
1153074002
9197075680
9113042910
3197004206
7106092712
2131040989
1141012567
8171020987
3144069572
195088949
9025097809
1172086676
4123041543
5191079689
5037073163
6166043332
1148024542
2122013748
7188088808
4114055917
5010072584
1117050295
4146083204
9157014372
8136085299
106058879
4147017835
4134017799
6155013575
5062099808
2187070701
5191006023
3148074253
1199043210
2167007758
2145063599
133088408
1112056539
9121097425
3005090395
5163083125
2195066838
9175036424
2155005607
2169025386
115063123
2183015904
2105089123
9123033495
8091083660
44099840
6062085566
5185034155
9113010440
9169086496
2086099960
2182064865
2033080234
2097075652
9109066847
5172029649
8167041252
5102073509
5140040003
7100084661
9169077250
6176086238
8180022462
5176037511
6102096726
9038095921
4000090349
3129021401
3130053167
161083534
9113010440
9177042951
6193055892
36097405
2155011705
7166033344
3113035493
6062070288
8191023475
1154042721
48097607
4167069230
3124054167
6193082372
7143081607
5103031786
2173076906
1193070803
106051577
4111084398
6176056099
9115057336
6150097011
9173066215
8159020198
8183022250
1099077168
7060097178
9121054206
8078094646
5109039277
8077098537
7107008012
4022082019
2129067375
8193034556
7133004102
5128078862
1198027077
141003644
9151083151
9178080403
1045098984
7152092822
101042439
3097083546
3001074172
4011090835
2156039996
8181081074
9195079639
8160085716
1145004485
9153047873
7044084640
8169009088
9090084780
1147095620
7128019095
4167061554
7176025612
2187023459
9167036491
6106031741
137033441
4106076025
4101074679
6187026460
1138065432
2174060354
9179055515
1197053714
2151042982
9117025535
2141055966
7170048327
6126026200
5187023996
3179015411
2176043766
3065085971
7110064428
2174071225
9130055304
7146096741
7167087119
1197073699
177055481
2139045670
2092093057
4145065184
7142045171
4136069047
192024100
5101029923
2138023400
9175050302
148063293
3153007309
86091439
4106028626
2106056335
8011096576
7067082934
5178073239
8017093075
8078096655
6181014430
2168072933
8156082647
6149023299
8004096145
3199099423
4070084616
1167000546
5194038424
6008081068
187001417
7135030785
9173035587
91080875
3190031841
5112047776
158041988
4174086232
2051070989
4113077603
2177057073
2181001776
6112005764
114044486
3171089711
7147060735
6118043589
2156022971
1156074172
4175066883
7194056288
1082084357
9178066539
2116044955
7180039082
1113049983
1120071460
111057427
178068834
6076070383
2172082271
3175098035
5110079576
4078089702
9129011732
7088073653
2165024278
5144039620
8102060203
8193065536
9083088123
3096080893
3125064144
6133048544
9117050299
4071093286
196066498
7131075521
6182002245
192084176
3102061296
8079081873
8145086604
6179092927
1158050842
131056177
6015073984
5161059682
7028089022
8173016751
9171033953
6174054593
8172050053
6054085614
9104081639
9105075009
6094089533
4074091066
9015084768
1044082782
1144017849
1089083245
5160021594
9167055981
4121099147
7147025269
180040406
8108055742
5155098936
6190039653
7124064470
7181029305
4094081126
6128034141
74087115
2131039773
6094084587
4116070849
1126097222
85098532
5124021616
5142029781
3138064328
1146062861
5176092626
7047097063
9090088047
3183023310
4091089952
2121037499
6119081578
8174064964
2188092930
5174035452
8146043747
6137087200
4133071700
1144092018
9143081693
2152088810
3104024557
193060823
3090085410
7119054103
4123025799
5000076657
5177027180
1160048093
3182048278
1158064857
6108015001
3182071532
1176049198
1122004462
4069099854
6117061238
7006071482
5125083829
2009076790
8100065767
5027096668
6187048480
1124064239
93098281
6198040032
5116005444
109045373
1124076660
6136088908
7144044160
2177089882
7159028737
3142074404
6149062218
3170067895
3103036326
9176043470
6110091534
6177088920
1197077270
5192050416
3044074650
9175093523
3124073979
5176095507
7123084482
5068084773
6194064979
5172020432
8175053261
112088113
2139015895
4159049559
6122011433
6178033112
3157007745
95089801
3191086516
3005082897
6103024033
4140078802
7127086947
8130031714
105022033
3119068097
6136004596
7136088859
2170015845
9132074698
1187023549
102021341
4030097920
9005073479
5131035456
8028075784
9190015911
3177064385
1061081695
1198079997
6051080147
8118053005
6125098340
189008372
118033554
62094794
9183085200
157086378
8195072777
8129018396
1192068850
1147085435
5106016574
2130004555
9102074091
2128078548
5110006509
4169097601
9168064585
6058093264
173030704
1195063046
9145028146
2192032059
3176050967
6141067131
8023089735
6127053632
8172006394
3080084841
6164058117
9130079978
3031085765
6133029875
5078090165
188027578
9199055388
3140046243
2170065432
7110079686
5198083565
9156048778
8057088895
9058083259
9196082605
7163042345
9103048031
9055081748
2106004615
172004168
195046632
7122084741
44097485
3172094630
8187052205
4152069531
183082768
4150055304
7189019695
3103015649
7118088922
5105009145
8040094977
5197026874
171026393
9106027622
3114015274
1176022701
4180087527
9137072919
169069645
9173040542
7167000444
8198092628
5104052742
3141065019
3180082673
4111017750
5117041947
4151065092
2020083588
4146049206
2138062883
153002750
192050146
1179045899
4112013894
2101072074
2196030395
2098091568
1127035748
24095019
7143035018
5158057035
161084823
4142053407
5147024942
1026087807
4182026487
5107074265
8186037886
4037086849
3126026581
1129047140
3132008671
4133065351
156057647
179085551
2032088907
4122016043
9115080838
5191093609
4138042445
4185076706
1191063798
9106059371
7158033828
1129009217
6130013155
6123080226
8177000517
9165085393
118039891
27079196
3084097278
7180036568
2147011783
8118083532
3090083077
9065087483
86090957
2180000452
6152001509
3082082127
7165037677
3059089964
8145032143
9127047278
3033072770
2144059822
6169039432
2167020108
8158002514
123074056
4143024260
2104035144
3133078389
164032252
9162078870
1151080380
8129034443
5130088747
4004077470
6130041660
6136071753
3182015145
1133043095
9181053429
1061094730
138033218
3183098801
1193055646
7159092538
4140076844
7151035749
43073786
6106084704
142010465
4186072373
6150080051
8145082851
9056097234
5139066800
5141008919
9113057941
4123070606
9141016412
2135064909
8148035246
4154055782
2124077026
1163011855
1135005468
5145030697
8170044390
6104011708
1132008765
9105061203
1194025708
8117086084
188032446
2154048718
9171009243
119002265
141003343
6152088294
1125082512
3168099203
1146037336
6198046776
9005098126
6151018613
6101035453
8193074911
5147079982
3112090406
5189006060
1175085263
9084074753
1080092091
7182073085
6124076152
5199009638
3177077665
6123065987
6132043751
5160054840
1170056417
8111033050
1018096226
9127012574
2056095457
5107028229
4183028691
9123021195
45095833
8018099168
9198054993
5110072299
1149046780
9180063402
2022076999
4128089267
7183072791
3102032555
9131006014
7126062030
175043996
131051107
5191064490
7119036189
7128091108
3151078776
1121026913
3171066098
3134088991
164041171
2129036244
9130084471
6152052604
9195047428
9100023255
8190054710
6064083494
8150017548
9135063483
2122040574
1177030079
9138011152
6127001179
6113056116
9110099216
9023091615
2118006031
9152073419
7159075048
4123016664
7184076176
2066090675
31076563
7063098039
4057092714
8184025835
7134068075
4116069393
4188074722
1066092056
161006896
7047092939
5198089177
6173070769
7135040251
3171008561
7188003507
6088082762
6199039324
2161039025
4113097011
6106056525
7127004203
6136065893
3146090513
8102051410
2043094899
3086087424
4164099508
2115090304
21095547
9188032860
5113056512
42082474
7168070437
7144078538
3074070358
9165015206
7157070199
4130021309
2007096181
7136069646
2160063755
9189051083
197085268
4163088374
7038089365
8021096540
9165002833
6100043748
7011090828
9178088811
5163042964
5140036050
5096093652
130077330
3108024952
9130020847
4033088118
4163018970
9182051757
119085851
6065095377
1118016669
139047362
3064087358
2135085398
3176095020
4172014377
9195037057
1149010515
3152079587
8123045062
9169022406
6143062916
9162067620
6178089583
1130066152
9167061166
3001099624
1184085005
6169097133
4115068865
10088515
5087080712
5138078692
4033098136
2119028940
6167006005
2170049627
2132038119
5197039022
4101074123
8152056935
6125076369
4018098710
9170012388
2125035626
2171018669
5184084469
7188061946
8136084207
112021727
139058480
4155047658
6023073699
8088080893
1136036441
4119016135
6144001245
9031080934
9180072408
8172012372
33088696
5029085577
9152097219
5063097433
3159077776
7125063335
2145005582
9134066398
83070459
9110098619
5075098319
6186015339
4197061080
4151072122
7133062969
4164087127
48095979
7044070168
4033087994
9093088844
9161074511
7019089096
8193066168
8118001626
9126071600
8119025169
91093680
98098938
5114082786
6154047375
8159006269
3014080765
1198072445
7130000376
2080085840
99075482
4049096946
6040093620
159000801
4189042290
6001083630
7169034097
4092082075
2130044097
6055084649
6127017561
8184096116
9046089952
4161039870
6031071385
5123014198
8174066498
5160088945
101079541
4127068840
5194051216
8069080233
7144056228
6070082997
4165020420
1150016882
188062327
6170083351
4187002173
3144043876
3127028416
8090095473
4118012182
5147089924
9122059461
5184042631
5039089067
5076098680
6112013165
2189038718
9105071797
3067080216
5182062541
4076095694
170041452
4012093534
6145039342
9109014601
4167061161
2134080414
6181029611
4125094418
8011098499
8123021542
7129012882
7165024223
5168092232
4135011124
4117082200
1129092249
131055427
191074208
9060088765
3184042028
4119045935
5196056608
172083396
1041082767
9182067407
5106071956
4007089251
126063527
9156012895
5172037588
4020082725
4109082776
5147036659
7144025930
163091502
2118054286
1143019928
3110093022
5194015783
6108019242
122079569
4181085008
3163020780
7104026013
8004080832
1055080650
5134079753
8185000012
1169039830
6152049569
9171072235
7199020711
7155038102
5188044363
4108093337
7094089413
4047093837
1130007224
6144011070
6160037453
7104075774
37094024
3152064936
3016096474
5124079490
7149048578
5022084672
6102059628
8171042262
3189035563
129007876
1138073595
193026598
4124069302
5189051313
3086085120
111005704
8015091895
1149040600
4165012390
54098993
1115041439
9167036021
7126046280
7169080099
9050076178
4129001200
1170056371
7129002379
4133051727
3025091042
2117019631
9104061480
8012071976
8165090910
4142030952
2185009907
2066073966
2070087699
59082341
6173052209
1156088950
5183002682
5106018341
8194031918
4127052434
9129065776
5152064425
7172044796
128080656
6144040195
145086303
79086875
145002879
3141098917
9124067724
6178053943
1106091646
3149006789
5196002756
8051093288
2101061158
185071665
8100027481
5096097809
1149033101
4168040428
4190037111
5143084039
7123012991
3149019654
4118087616
9140011728
9144047346
9115021526
6128058683
69094811
1161069986
3194064353
8170035385
26085083
2167030585
1174025350
3160074798
1176080271
8121016265
6155049926
1016085041
2163083536
9125009914
5161065675
9168039082
36077799
195017129
7164053657
4013093961
2038089087
6155034507
2137023094
2186042649
4110078981
9191031951
6157060107
3159024938
1146077463
1038093034
3056091639
2060099632
2136010287
8142094928
5165062688
6198055277
125042605
177080178
4161010872
5182050961
9176024923
9176080176
4127079365
1192087528
2083082465
5127039202
108046059
4159063981
6107073316
9156046381
7137079099
6178036366
6020093831
5139024358
3122007360
3011078689
139058038
108099917
5193017657
5094093548
5173066459
9056082757
3135085567
9129041377
5164057812
3131036843
5028088748
5100048921
6154002916
4044075972
1136007170
2152003995
5162049248
3186038775
9072084813
4141034437
106019852
1045074986
3118089305
7107023205
4138049124
7085083417
5163021107
1108091418
9164053658
5124099833
4164008142
5129002092
4100091932
3197032281
7142039124
2045098900
9120004016
8087080839
1182088695
3130038145
2195054067
5116076793
1056092684
3171004881
2166038130
8038097503
8128096646
4164095212
4153073870
1160031582
7144017165
5199088262
8007099510
1173008536
2138090921
9177044430
3153085534
8074082119
1104088305
7115088789
1020083643
5178094937
5149035392
8139087660
4087073676
4166038801
3194027262
6156095913
5133079486
9016098471
8007098137
6158022278
9133038659
7187050823
9181079179
7194044718
159002205
7192011696
1087505
5101022894
3126094516
7006082962
7177089439
131089194
2154055980
2109043695
8188056549
9109096732
2169079817
9163059778
4195076921
3130033850
2160033602
3081095110
2093095642
9185038655
8115029884
9062084540
8167081174
6070090767
9108013914
1171079349
8188024665
7113070377
3112097718
4095071669
151052294
3128013446
9158031833
1116044014
1122031149
4013096862
8163002413
4009092663
5164073018
9145060973
6151073456
3175089643
9144054641
6103072725
7149075975
9175034622
6132022559
6180080858
4128059992
8151060867
6191035857
103009417
7157073512
4120087344
9126069753
2142038301
7131068393
3175085514
130085567
1197081978
2050089012
165052000
8090080508
60097640
4018082885
2173046601
4115018111
6187051178
1153012511
2187057025
1142030298
1186083696
6134046290
8177075005
4075071550
2139048061
9031072176
5169080228
8175009243
2143083308
4138004978
5145071543
8146044726
7029092961
3127005836
3141074683
5098099383
2054091872
6163009290
6160025172
1129003976
7141016439
104063757
9104092728
7127073041
3059085663
3163064096
9154059537
8061091836
1179046372
8148075086
7106063366
7196017284
4189064087
170063423
4146029580
5168005737
5144066756
7117059193
1075088111
166005134
169099937
159004795
1173034591
190027452
3114034115
5157082000
2196061730
3147081545
9157025635
2042084518
7024083887
4004095627
5152017591
8080080439
1180058122
5037097346
6113028352
8130009420
1112024450
2133048280
6195065909
7164053142
8118025811
9173080457
1165084729
8115062097
2105049055
6179037102
9049071258
91085256
2112039219
3149063892
4122089410
1177034442
138006334
1184070556
2145089961
2179083914
6164033686
175042938
1178079314
8055077160
3110070016
6187023481
6151075917
8117039795
4166006447
2199090013
7047091955
1120060076
9110032106
8185084303
5133080699
6069082841
1160027456
9034097939
6114058041
9173046458
3186079488
9159040465
139016607
7105019793
6188038339
9124037329
6125051807
8154084533
6124012059
9038094024
4016099409
5192086405
6015080352
9145023112
9176071879
9167004610
3038088904
6164041910
3156082145
2114085036
8195010351
25077470
6137054096
3152006821
5126076566
5148052623
3039081737
7158032910
179047338
9148078173
6060087720
2165090819
4188020982
2198048769
3194028771
8106073198
3032087166
3181060519
4146071617
7110074405
2108060551
5165066329
1188089354
6172065459
2122030244
8196003848
9170059125
8169094602
4183043490
6137036427
170018063
4197021344
1149097909
4142061115
6094093009
9076087454
110088710
181022853
4171003102
1171083939
5178059467
3189015263
154058050
154031311
6105020749
3058092388
9110019637
87084519
7118007960
6177052012
6167094101
6172001889
1124014003
6109005068
9183048303
1129024169
9080094986
1191087046
9144077189
7167022307
6127018929
9033081218
5174058591
8109076811
7130082809
2133061173
8149002942
7109006258
3078084504
5154029323
8105055697
1080088478
4032083348
6182031977
168095211
8160003184
5162085161
2113085890
6072096428
6166079399
6139013283
8155070561
9162064793
4107040335
3101054884
3180070457
6095074470
6118080743
5108086984
5115036773
9122036771
3065082980
4041085551
4086097987
9119042803
5166021483
9158012807
9105040480
6112075614
5153029056
8054097332
6130092346
7152079458
7182036494
100050512
8159087772
4038078358
5174049853
1178062013
5101078957
8177012780
3173031980
8057089899
2056076061
7035088228
2009084612
2116056422
1169000461
6167063998
8104074306
6149042061
8130043267
8100059035
4134014032
6114087649
3196071241
2182077818
4163017452
8169063668
8121005519
1107072436
101069834
4135008509
2161084289
7180018451
97070076
1100049802
3143023684
2115065495
2126043735
4111079887
9194008455
6134024048
104058755
6177026901
8174016503
9104052976
2157067583
1153086308
1180034482
4132014562
151027515
123023581
2079091021
5156068572
2106040251
6177031368
5076074490
1154005699
3167060714
2162044508
134083604
4179014945
9121056948
6104081177
1047087338
6142032867
5118091409
57071755
2129004461
1161044561
2101006011
6118061682
4164077064
3128024020
2051096220
3165056165
5192007236
9198062997
2145031807
5143098234
3177061314
3172024525
7114082093
2133079491
9157016125
4185025719
6120019066
9121029093
2162021465
8058093342
9072097134
7170023538
8176002283
8173067550
8150075136
2142082771
1100011008
3114044588
7137011701
1090092414
9026083935
3194098611
8195050138
4120058300
4139046487
7150073542
2177082147
6182062595
9149091400
4032092658
8005090643
5161045050
6163006417
5172017308
3193027356
1018090735
9126037236
3158051024
9143083038
6136077698
9043089813
123012927
2151074198
8163040111
6186072729
5102010917
7110076144
191014177
161018467
8163022691
5134002437
6178028869
7194002083
3178023901
1198022415
2018070650
6047091564
6190062865
4126093043
1116026703
6118070523
4190036639
3112025976
2123061482
1034084090
9122062633
3155015893
5122034144
6181042003
1145090944
1106094411
6176075905
2077473
8115037944
6153054515
7157043518
141060983
7199034120
197089250
9189062422
5076086349
8013097931
1180095629
1025082492
120027412
3051094361
6123079216
7168036143
4094089355
1115070301
5153008201
1160047662
2169010921
173073941
5167096416
7087078684
2095090142
3160074707
2114022727
2170072663
7108045159
5166024780
2173052183
7041070588
4143009460
5133043613
8101067699
6106093704
3081080520
7024084359
5103078318
9115017350
6117031972
163068274
3148030565
4112033540
5139035674
4156003815
9172081764
8123055293
7130079185
4167055672
2179051336
9165006799
1140028873
9035096506
9139014644
2171095927
6000093048
199023440
6141042927
8159016782
8091074483
9097085442
3101074073
6135061235
7122048384
3132092614
5152054285
2121073688
187077596
9125032963
173065007
9129032041
9109033417
4100010031
9134051551
3031088438
1116097449
7091099906
9167084601
3120002925
4140075612
1038097713
2149050213
3165015881
3191001441
133030477
191051640
5004093951
3136051731
7159090908
3170015372
5017093279
157037599
2137050939
2194060660
1085094041
2151031890
5197042873
198018717
8124097819
3013092299
6153025498
2180032468
6176000254
8051083180
4112004475
4148043263
6148058098
1191016785
117022722
7144002642
8120084338
3172035668
3191037569
3056098455
7153072377
1198008983
1005095327
11074658
6185002300
167088164
4143026865
156013531
7154036146
4051090421
2086097283
9050084299
8184076799
1195074645
7157007803
3193057082
9141041669
1127038670
4141049131
3141072710
6169035757
180037178
1114092705
3076075691
3101090000
4185010199
5102013110
6109096833
7103066385
9148023586
129017926
1184027589
4104096115
189078987
2136030937
6149086909
8113093723
4117014068
5183056077
5000088037
3078082904
2198072915
148098030
2126076880
1194060449
47096933
8187067568
7188021153
5194030125
7159097230
6007084720
1161001808
3199034790
7166087544
5193049278
9104002121
4188058322
3128088417
1160085577
2180055000
180055695
6174087831
6182017206
5104049610
4186089542
8089085087
3146062376
3064088743
7168060224
8185040341
4126049728
2179006848
5157081790
1130082391
4141081339
8169087897
8011099103
3121004183
7186058676
7159041424
3137027231
6104095227
7011077379
6134020150
8136012003
73088169
179054871
7135053812
3179011220
9192028016
9111000040
5126083062
164065556
3188016444
9142038955
9014094394
5131083869
127076335
4192084085
8129079679
1012083396
5163070942
8178047202
8096096021
1110017704
5189024472
8119052245
1181080961
9090094044
7176084698
6109056049
3127010300
7150023096
7187021942
7145009326
2124027649
3090096131
6162043150
8176034549
4143040117
2135064759
5111084844
4058097519
2046093892
125035344
3154036696
170029531
8121041737
6100012811
3132095122
9118072939
2164050241
6099083347
150020551
1148032838
3183040912
8174079180
5106013663
5116098232
8031085668
6161061805
8130021777
5150018026
7102000562
9147000759
5151063384
4167007343
2158088838
129060565
4173012465
5168066988
3082086252
2197024417
5130066790
3113030868
1141032718
1048091553
2198043046
9154073248
1137024441
8133005773
9177063554
8178075560
127064553
1168033398
6134030034
9113054278
6190001004
9067088157
4112083282
1135018964
7179027203
63080449
164015586
42075664
7014086572
9012090183
4151031075
1148081059
4187070605
7159082882
5135095610
136003423
128000472
6078098745
5134080075
6177016132
2196047658
2015094422
128066386
1175087552
6138023622
2060095571
160022790
7176080584
3183029618
4031093134
4189069054
3148025759
7199043793
6184004836
9159042951
4043081779
8193029233
9134048300
9193070688
4179069529
3148025870
6110025210
2193004120
6143002821
2160029751
4056096324
2178071404
193027365
9100094218
7173084834
9199073830
4128042142
8143041512
1189090625
113051818
4188085476
2184056496
2191063867
2144031864
5120019432
3161081366
8135038105
1148085689
6162000968
6134084183
3196060131
3142043327
189093312
9135017782
1169078033
5185074014
3087085050
6104070965
6198030334
9146042510
3075096061
7071086258
4173090323
9168069903
9192017616
3101023755
5197081469
6152019361
6160059192
9110013337
3184046569
3105070055
8087081692
110081081
4003089189
4149069675
8067086925
6118005134
3082087795
8084080057
175033048
1074098257
182008544
2175076785
7193015077
5100027145
8135069492
4168057950
122077624
8133062008
4193005066
7189027557
4126051651
1116064126
6124074311
4162085660
9109041027
2028087003
3161089918
178098702
7104073516
2180082505
3014094737
6165047586
3011071660
7182091035
45088166
1140097702
4130057327
7112059775
3154052658
2151058522
197086721
2178012802
1135008155
2117081822
159017948
3173007112
134044831
6066091279
6164003883
1155073227
2089082765
9160007676
6100033590
160089524
191089522
8171049208
7148007011
1112071594
3155056402
9032096298
3126030395
7094088031
3131081193
7166072859
3110060785
3001094817
3019084366
5161095320
147056834
5133077345
9102012488
2031090934
4183096908
9150002520
1188048660
8170022568
9150087792
8140030571
148062252
2147063051
9199002934
4132097244
9187056798
3190026856
4103024381
9002076377
98096566
8143072607
7144071203
3170016048
7179067831
4145085287
5029093359
3197076502
167031079
9189031850
4125094029
187033411
152085904
8117033796
5082058
6080093518
7185063591
4184053653
6191046521
7124011996
173003681
9198018621
5003073493
1131023401
7100085564
8170036936
9171077157
9020088867
5061080697
9104038827
5080096620
6183074443
2167019866
9103077135
5032082751
5137057792
1198011083
9179091336
1168055783
4199036082
9096097376
137016704
185043892
5010070762
4128080078
8120047708
4100033019
8125022457
1148049454
7155070991
6176022783
9146051633
7156077415
4107042428
3115015470
1005088532
46090458
4192051279
6079073679
2108015946
2140058164
2188083979
2147033587
6125076519
4176070030
8170075399
4114001287
7144056697
4133064520
9127076679
9022073661
3047070989
8163061792
7124007670
8036097100
7142035815
2159036616
181082649
5145061832
7156055380
1178053322
2149043243
6162012313
3035098561
1185000464
1151063984
4151072613
8128040853
5138055212
9161092937
6005075751
136012259
6124077831
128086091
5123027796
3098080916
3145032946
6019073088
3141008429
6115084648
7176029214
4156068533
2122037148
3109002938
6181034458
6064082755
9114070743
9196063600
7178048882
8199072167
6105082709
1171047635
5143081333
3181010844
161014563
4023084924
5121027832
2167030734
2170030178
4166072698
7129085153
6120048026
4129072236
8023085591
9120081996
2143060462
9193074895
3163079909
8112099034
89096347
2199017661
1195079677
1102028414
131035963
7026081527
1155099919
2006078183
3145027543
1184033036
2134044370
163081752
4072094991
9123082287
3047099179
1168019287
1165079204
2129026610
3110052933
9125024806
9101048504
1127064944
9075084469
9170052093
8100043098
5167055433
8190079618
7017092263
5036090124
151079865
4162019301
6166025747
4195037313
109020228
3023098010
104072203
2136098818
7155003124
136097710
2162024451
4112070251
8166054438
4118073903
2154006245
154016289
110043944
9016089294
6167020364
4151087436
1116097538
139029452
79090249
1184049502
6124029757
7101095424
2193039090
7183086833
8161076497
3197078952
158058811
6038095962
124019954
4106077031
7043095814
1192074197
7144087128
8060085877
1135076805
5122033958
18080360
2050081609
110020090
7000072861
9165046656
2100006240
9186005069
4121036140
92076698
5155062786
9063088669
3192089535
9135065713
7132032852
4041097348
44097886
8115012002
8141024760
8152033897
3186005580
5117061961
9101030103
8136079061
5196068432
6183073053
4149077137
6001080414
153015431
4189064517
8090081491
2125081676
6188087770
6142033677
5095090277
8145068261
1106084977
4192049771
3121087567
9106037447
8031088970
1128083464
1137074113
7191034461
5195015386
196043631
7149011343
2148056810
1066083044
8189066356
5104058578
1134070353
8087082944
7161059149
1065097111
5112009209
3001087947
6146069061
9167044916
3168016642
4189082804
3039090678
101079006
4080084160
169007742
6107068777
6029082086
5180015456
5037096364
8019099434
1154015279
1155070883
2103012164
9053083380
7108044466
8023093519
7149054248
7101037550
2121057250
1169013504
2198070176
4110044986
4140091901
3130037357
6122078680
2035083584
92089625
189059821
194022894
4142047204
8123001350
6158003237
5197087777
2140013242
134040279
5002096818
2155020104
165042825
1119064879
4171001208
1177072058
9003099008
2008071059
8038085209
3107066689
8109080337
8126033137
1114017335
9049093965
145062238
4071093640
8027092241
6150079971
177016152
5169003974
5074085881
5106043964
155067115
4190008407
7104054614
4107035786
3184085309
2117071477
161075585
2072099682
9149045604
9170046976
9163042977
7030095899
5199010233
3024090915
3114074151
8163086456
2154028102
7150059774
6049084592
1165083204
9067099835
6180036331
2115026821
1191000289
7063091132
3136080284
5105056719
6067093860
1141013211
7173081099
2166086519
7115007124
5053081290
8184032375
2199090908
9193020423
1144085383
6000084443
5123026625
6028080163
100003119
8188048185
4108015287
1125062866
2190058112
9127063673
1155054969
6167090515
1136083588
7070082964
6160019959
3081082152
1165085509
4174003489
3057078388
6159089146
5111031130
157007569
174041025
1183026515
1119081812
1181066650
1136005471
8193045895
5153068373
8029093341
125064461
3196063664
5148004514
150027119
2138039978
2187067825
8179040264
6177000066
146039368
7027080797
8104035217
5150005832
7159058573
1135035335
5042085942
5136021858
4113065089
9199062785
9147051529
4105046877
8075083320
8182006622
9111028190
4154012906
185079717
1198034721
4196072801
3119016674
2116062203
5137096806
2151027371
6019082192
169051970
1096087498
9145057085
5121084389
7126072989
2124002145
1121053537
3087092052
1160054869
74071964
9110098247
3178010262
4136051445
4088095219
8084084451
1176029257
5128092939
1097084429
2120055599
6147029013
9155066962
1105049188
1100008746
6180065503
5184008203
2040093749
2166066393
5062099620
95083384
4137014325
2135053379
8135004387
8146091202
168010706
9170098804
5198043711
199071228
3125076967
2171080876
2194044799
4110026736
1188018335
9158038849
2104026597
8172033265
4094075176
1115078770
8086330
9036085540
165088738
8000072854
1001084444
4178088910
1191045684
170030510
178062462
3165034125
6194081706
6043095545
52074563
152034840
9140024961
2166077743
1173022807
4170070842
4193078969
4139066804
9198033397
101074934
170093607
7190072276
9107048124
3134089765
2119057054
3152001003
9171009175
5072087270
4155075077
8112057773
5193060166
2187036918
52084188
1161073994
6138064742
5158043939
3004085423
1029087559
5167013777
9109031859
5138026553
3141081943
5146018937
6075090661
150008779
7155011131
7156068752
6029092349
3175081260
9190008177
3124001856
110098739
7114047510
2123078030
6190032742
2136089010
8171055971
6094077745
8136011434
7120065863
8192086531
7170075492
2193008674
2176087552
8137043544
2189017253
7165055142
8146004236
1121029531
8127061828
5188059286
4037099714
3105024180
6152014716
1174080747
6074071473
2105022265
6109051308
7129065342
6112077249
1120032748
9191071013
2160036309
119053558
8186087122
9170078595
3173064991
2147088400
3175004498
5048099067
2178031330
6181003313
6102030199
9175088069
7091097961
8190042465
8115029467
2186085982
8063073671
2172042979
1174088244
5190078918
8185086660
1117005893
8121015240
4179073593
4065081647
7184060480
1179074566
4100046692
6165046750
7036080502
4149080468
1170008834
3137048222
3170009689
6128036574
5152071558
3182047013
3171016642
4127089465
4152095029
2182074456
3060079690
8151020119
4152076581
9164068197
5146005309
1142013369
1017098240
9182078839
2139031839
4105060002
6129088306
9152076127
2185006727
53073783
3052086138
9072087352
5054098438
1119081458
1112053168
2006076464
136019139
8155014879
1038091273
7134066839
3165090504
5111065479
7092087369
8171022948
5139088751
190030091
9138071921
6106083153
5072075954
129001124
8183039662
8143027221
158072651
6088080215
192034071
8157058333
1147045690
9192064464
1120089659
9066081851
3198051857
4144065130
114046103
6130010839
193053776
9047076077
3082099512
1152070557
60086707
2091096251
6176009580
6179013527
9173072496
39082133
7101010816
5193009822
1109022879
2130078981
1105040148
3052085542
8071091733
3112034293
1106068508
9126045410
2164029532
2118013463
2108008588
2108044140
177044434
6126050591
1167087727
7128035377
2095078391
2198058788
7143089792
9110019599
3126066855
7122021018
6121049781
6104089135
3137019216
8172052749
5172053127
6153083380
5141050571
3062090505
7118039833
7121034563
172027734
9184026239
3056095520
7024091109
5077087292
2160023514
5100097237
1068088625
9175079516
133062924
180032858
9123036983
4105059320
1155070338
7170045869
8167010981
5158029788
8141063408
7101027730
3076086378
2198027301
3190030007
3080074598
5012077364
2086070254
4183061177
1121087971
8009094757
154007095
1177049717
1107046149
7172015168
2141003893
5193012290
5129085265
3145059935
6111080310
2157051541
9116015773
1157018143
9148055346
1179016732
4169046707
8049094873
5139000390
9102000378
3140026059
9162018920
3142002524
7149083987
2110058220
9122064863
97095559
2089173
7174059123
3146014470
4114046199
132012644
6158041871
3092094303
8168014812
9068073452
173022063
2148084539
1197004129
8144048457
8131010035
159061452
5133062779
2197043539
9158053737
8170098431
6078090989
5178060255
3191009179
4160059131
6135076164
9087088776
1072086847
1152059919
3194066892
4086084740
5109004378
82092938
8171033212
68092585
2108061484
6165034055
7115027958
7172070578
6144044157
3121062664
6198001982
2118008876
7158056964
179008973
6108026158
3135068591
3121061376
9193089173
4169002617
3093099061
6053083576
1113040567
3197061523
2176082859
1119040370
4180055977
6171064571
13097584
5044074168
9165095332
6055099280
4068089869
180054890
4168022952
1047084814
6181045882
5190086450
3059087470
7147051756
9142078460
4186088252
6179044565
3001096701
4136039322
4162006380
3012081454
3178084733
5011083682
8199027081
5184069848
1068079755
4182067500
2162080390
6048085799
126039782
8100033586
9154009201
9122053734
5155035721
2140017986
9192053422
6185077955
3161011967
8049081911
8116091627
5164038524
9127086507
4057079452
5100030339
2187071385
7106072051
58080560
2120072163
3166089474
2163022091
6044076892
159077894
6155083794
1159027629
5128043864
7118067541
9133060766
4106001085
9150059133
8170048130
7190014105
4183005168
8121065800
8125057324
9045090424
6199054226
5156073541
2146040697
4071098051
9169067546
4099076882
7175029748
59089869
3145002975
8008091946
3143024176
9030090384
9116070362
2127068264
8112033283
3198003392
198016388
6109077743
2122056178
8130047736
3178049037
5057088161
9155022724
1013090142
3121079832
4129064615
138024372
7155006962
2184056618
5123005939
3032074869
145024852
2120011489
1172071836
2137066888
9138081781
8139078671
3153064981
1032076162
1094085278
2120096927
2183050782
3036097076
21092990
2135087317
9103041355
8068077858
4157074236
6185041013
6138081995
7182025788
141090032
8182066181
8175072861
2160025844
1185026270
5138074902
1122054849
8102080077
8179087784
6149064680
6003078864
9077089549
9116095126
2110061964
1145000073
3126085813
193025402
3171006299
8105020506
9184080639
1098074492
6138032593
3145083356
3079078853
7091085846
2004083095
8029095099
9176009887
8112020595
3111088669
1136039154
5107026253
1027097965
4186041555
1107070961
5197084682
1040089472
1108036350
5102096002
4148019156
6184084142
4097095240
8126028457
4159039543
5123043594
6126080366
2138000362
166056150
6185065187
5138043455
9068081247
112046205
5119039633
9143094023
1155045103
6159058007
3178000633
6056098842
2188070996
9126038239
3170086762
6166077527
9139098505
8121085922
8192040332
4108008637
4162036760
1186048232
4101075353
8173048520
6089094553
7107084566
1158003273
2119039470
9150018767
5121068356
5039077172
2169063075
5199043976
4049089799
8176095406
1103088312
9008097958
3182096808
3159010159
2026074173
9164088016
8129014577
2021070552
3057096577
5065086755
67077459
5159006610
5088080542
8130002701
4117049670
4195025065
5160090935
145064286
8126063009
2104040056
3035087541
6121071935
6106002035
1181058304
6171004470
9087074091
1175038270
6037097623
6141066829
5173085922
2173086946
2180058783
4195097205
6195084314
118039337
2049091093
139046546
120053661
3156059046
5131032980
2136051328
5121061586
6198023047
9104015907
6163019877
1111035965
3005097153
4106011787
1153021881
9060092623
1183078036
127039492
4106020967
4162057931
109043211
4189018810
9152057188
110083450
3181066226
3153017057
8174084621
1150032210
2108078671
8167036375
4166077774
7161020080
4056090531
9122002556
3163061351
131019271
8113026675
122096517
3120042919
7104009070
2096082824
6144001252
6119052110
6145076592
9100078565
5044097595
7199067499
5049098398
9187021363
4199088842
6163000476
3103077924
8019087268
7017096594
7146064446
130030610
5014081943
7145056319
2145079307
4091074991
192024323
2175051995
8112063370
9185043579
4082081969
9121074636
5138056635
2155046817
152035756
5152036048
2186062033
174070106
5183011505
2142050575
4181015506
5198058267
9062094278
1167072143
7161084450
5101046617
7158002475
9082640
3199001665
128010920
5156086484
8140052514
4148033992
4151034284
4142080520
9124003759
1191083379
4041087181
3062082227
1057090212
7144074171
5073077050
3140071512
4143075797
7125066863
7156000119
4161055772
4164013026
1120088532
4153073490
7114055981
9021080729
6059088210
2141096021
4192055692
2098095796
2183081482
8044078161
5127003069
14070961
5094084242
6177091100
5129043019
6133007385
1070094145
4148071274
8167018830
9011081824
5159029494
1172071148
193032202
6153031399
7029088780
1083083420
2021085215
1171078357
5148058520
75091209
172028751
5095071685
7194088862
190066729
5140040007
9107046499
2154067362
79095795
174001826
6137085982
6179015996
5152011295
7119020713
5140059109
8189017154
8134065827
3127039479
5162022534
3140083368
165084454
4193008488
1182038428
4198041284
2108070235
5171028903
1104035589
1149004515
8169049317
3006086142
2091096160
6044098696
9120057249
1176005788
6129074642
8051091475
93084861
191008541
7173089961
7102078653
7192074923
7100034850
1196024523
7165058080
117086893
9181076873
8105063981
2180061654
4119043899
6147078494
9183081633
6172043945
9140010873
3101041952
1112075681
1140060920
4038093637
8171021261
8122094948
5112000752
6129026368
9183069588
147031459
5150051496
1075088796
9150088527
6096095538
7150069348
9026099407
4137064208
1101029970
6122074314
3139015841
6191058552
1180076886
9170061046
7116076891
3128084057
6112041096
7197080458
1195054359
7095095077
9038092731
3003083614
9167035169
88092534
9110083028
7150040240
8195043696
3113028094
4154065401
2185079158
6111083885
1111060551
183028972
3160033147
2199045799
9142087015
5177014165
185057907
3163011931
9075078176
4100026027
4104099604
8153000059
5114036640
3154045852
8005077889
1113083219
6006099006
168083962
4118074673
5174018081
9123088479
1010087780
9058086458
68095161
7104025949
4164086977
7188083429
3134040144
142053229
3076085565
6007082581
7147051741
7167089095
9105013331
8199001165
144034527
3172072842
7194069653
1123038026
158041867
6121043254
136078330
1143053284
6126004908
6177045597
8179043588
7188013695
5150029386
2157002706
2144034888
128031563
8013089289
5072093207
7034083870
1134035520
7031096458
113004024
6197072595
1100088510
2116079912
3132088188
3104024632
7144086974
4122043745
8014090324
1127086919
4109040158
117030398
8134096044
8171082234
2154032098
5103038495
4104027530
9198013752
5062090664
1093086320
2036080840
1181031662
9047082840
9108055299
5144059035
1191085288
4114010088
4081086749
5098075574
3147004581
2109033296
5111028300
9113084658
6104067592
5142004421
3067079354
1195044506
8126011850
6182082076
4168054526
79092370
5000092157
5124019837
4158023125
112067901
170088628
6188030792
6020081131
7199080705
2150077754
6179075899
7107048959
3082092158
60085357
190079959
3157036746
6155041954
6161078561
6177076766
4183004144
5173040821
6128083347
3111053445
8146028669
6184013581
2105084939
5196054829
1079081574
8154049260
1111060299
5171013637
8045073492
8189011250
7185001527
9178063298
5101017626
4119063523
141092540
6120080983
6142088271
6106017809
8175081891
1189000761
140043705
5138086437
1143019901
9102036932
50079754
3193006143
4160005366
8146069361
3133075962
7146058564
8109077775
3179084055
4112061427
3142045026
3135021269
2170063788
8115071437
1147085328
4108003850
6136001175
6113054383
2102063484
6104069088
6122001665
3149066456
6115061380
6109021731
6184009788
8172084805
3066079686
3118080152
6158013479
6105041475
4110075773
4136002243
4116089650
1179011020
6118026705
7197067377
18092959
4147085344
1117015614
3118036134
4119027003
9194072456
2176047886
136020461
1128037308
2102010722
6111082301
6124075577
4115083507
1100039067
9119045043
9165015562
3000089874
7110000371
7188076604
6198070811
7193025717
3183065743
6149014390
3020095093
119097712
9168070344
6122035436
2114073426
9001078395
9101076395
1168069365
7195093739
3082092980
3127045366
7143061929
3148022310
5051085365
2184064232
7121079659
6176054132
6037097035
1169064078
6185039668
122082452
2105058405
9195082276
5152038856
3135083355
1178035364
1186094004
3131042533
8189033191
8197057258
9018089343
5164000567
6098090638
3072096832
173062191
4158063848
4182058211
7029097219
125079593
4100035153
7111057350
4085091844
1185064851
3163069466
7105031984
1116005116
107080320
2199005985
7131049244
4189019564
8182084361
7180065960
8194047520
3108047580
6014088609
156036416
2125041146
5126082311
7150084457
4070090481
4168013677
1123084627
9036095817
2167048349
8018082029
5127087519
1148010243
4103024933
8125040424
8168037765
6115000177
5140011165
122073190
2192069593
8092097032
7050080097
4036090886
3101056491
9136025201
4151057830
5162012444
6150079978
183042577
3143089448
4140058901
7153036510
37087652
9118057461
3110090436
4108077244
7044084339
4138041882
5173069081
2040097794
4044088153
141035837
9101035741
2184058484
7038090592
5021097348
7082078386
1049097206
7051070893
8109041013
7148003266
1008097219
2161023141
8158063527
1163032192
9136008754
5171073594
5052074976
9154037779
3196004330
9024082847
9176058623
4187050930
3136088901
5135008227
9168009635
3174071011
9073084057
6192059492
8083098895
5160087881
2154041927
2162011711
5072088385
7127039380
5045093639
8147070853
9186089579
8040079080
1152046102
7112087020
3102012094
1172067184
9166038710
8137023166
2003076863
6156077221
8100078901
6187086785
4109061200
3191032016
2085090868
113080720
1005086882
3168062313
8166036050
5127061479
4185074725
8186015318
5130080982
2175073046
5083091999
4128083484
9108071156
8128094033
5041089492
4084779
3153004240
3160036958
4196072402
7175072372
9119039895
8125084864
3115029395
3060075654
5167065999
4077085431
8130071502
81070471
9136088837
9118087465
2183045697
8079091997
1115053775
9162019150
7160063562
117036140
6198076858
7107044773
2115034519
3030089036
3093085451
6165006741
4120043765
1098088156
8165024006
4056089179
6103066755
6141025893
5169084490
2088097848
9180037534
2162046153
2162079866
3015089034
8124064556
107002725
9181091215
7165053199
6049087009
9068099917
1070080754
5197052236
9121082720
5057086908
9137074572
2125009807
3199074111
1119003305
4156063143
2061075580
9108053454
83090793
2111028321
6149054369
4198028132
9174027928
1193042825
8181067964
1143084259
7193067812
5182058293
2081076575
5130085902
3032086653
171062872
170063798
199041317
9078094385
8196065188
6120055910
144075255
6027085761
5152088648
9109028451
9090072180
5115051067
2187040385
6155078524
4138017179
9115025911
1172085857
1183064944
9166018557
6036085777
8159039883
95099949
7194077587
9076093830
7034093228
4192033758
3113087696
3193068591
7038073467
1182062248
4063086812
6017087755
3152053572
4176034993
4160018068
6127019211
2100068346
1135021628
8145044502
1123059659
1127086485
9138058656
5049081884
9120072395
5097097365
6167077586
5086092699
8110017317
5157088328
7131031494
6045072294
7067074994
3071090821
9107043046
5034078050
3109025935
3161074477
3137010884
5107069134
190027730
7162044780
101065123
1157057276
8189056078
138061870
4105032858
4121013329
8132023534
9141046213
6110079469
3114045877
2167046968
8078084157
7179062834
1112057041
2116013388
1128015447
9156066348
5165027597
166071970
5121014411
5139014819
4133020424
5056097727
4097098168
7123054846
26095268
6197008836
8134009733
1156036484
5177008005
126042186
2194051982
9175001881
8137013820
9061092332
148089602
8121029502
3125013668
6087072455
4046084834
9103095414
16079973
6165031779
5196037678
5198073180
2112026560
9038072584
6192077464
5106077622
8143024451
196062091
189047407
2191074047
2142083178
7182051234
6161012116
9161034320
9110020566
5134043283
8004087989
2177023701
4151039701
5146081559
177029444
4159049379
5127058270
2117018845
7098097618
8147056751
9050077458
1124072362
5155082256
4125035236
2022096862
2075078470
3148046930
6169035920
127058246
5147026479
5168060653
5145023708
4023081081
134096422
8114061065
2053089307
9189082810
2193034651
6164010665
8178051097
9087096726
7179094418
2000092353
5156003720
3185059019
7164024800
3136052677
7114031075
1110072983
3171078027
9126042894
2144084872
6167030204
9145014690
8196093924
6182088166
8196087186
6018073999
4122084485
191058121
3114031322
185061321
4140036272
2133027549
9119087060
9167084943
6196019195
1014078290
5177059022
1191004334
9062070958
175023117
9179034520
3136081399
7093096731
6042090877
9177024374
2028099089
7140047508
3109001473
9148030382
1130033529
3187076629
1177089315
9150005645
1112080090
5115033291
167062316
4011081830
6147023430
172015932
117008383
2155023912
9159023173
5101085599
4194067222
5196065818
5064097796
7192010352
6151064196
9120079047
5032085074
3171041229
6147003178
6081085903
6150074647
6107000438
4103021704
8157071646
7162048009
8057091711
4076080286
6191085274
4142090102
3159021659
76082909
5088077252
8163047793
8152011457
1134095616
1089096823
7178018838
1192056109
9126025521
5124063406
2198049539
1168038668
7120005345
2043079079
6168038138
8129029554
4018083219
1053074769
2036085795
5127024597
8156067795
4163018832
3137040170
4154078759
149031989
6017091815
6149022321
4072086726
9115007324
5127080801
1133046648
8121067236
1149053179
7115075354
2166050042
3144050267
9148080535
5147072207
5171065661
8140028543
1101082460
7102041996
1130090321
116031942
23080555
5178073582
3140038884
4123060081
2188059499
5128079878
8151086881
5147092506
6028095144
6179036736
9058072674
8102019195
7112034946
4010072977
167011265
1125060186
9183021215
3021086396
7107075662
4198057775
5054095001
9186060132
1107043950
3155087659
1141077668
9132008803
1066095328
8162026159
6189038849
160059814
5139080330
4156018821
2136043039
9133046899
9094092921
9081076859
2156048303
9169036936
1116080771
6077084062
75288
2154076789
1146095402
5164054055
8066099005
3031081865
2159032050
2130054243
7155006386
3067082763
9122074480
2195021842
6094094466
9055093063
1177008747
147035777
1103078665
9137009847
6147084285
6060078767
7125077347
1103094149
5183078673
6150071373
9101033645
3134074989
2063095328
1065091557
5068093442
2152020751
3156088535
1187054150
8160007650
8118050088
7192076709
7195056996
5125004900
1140033486
140033518
4064084247
3127074674
4152099013
1047083918
3142095412
5170014631
5152028227
8105083887
2053084435
3166004304
5037091876
5143006376
4179073697
62091964
5131033718
7148019695
4166040156
8001070384
3133021277
6010082178
2183018322
3147049751
1133028737
6127095826
4141026793
4159024227
7160016870
1121057487
199093520
4181020513
152000478
7126013480
2118071684
9187082832
5156037176
1008090315
3108033803
8169033960
3185028114
6137062946
4187078151
150055857
7192035854
8171039606
4190032669
7021094308
6180015301
6134077129
3160038384
6111085614
8119087290
3199089562
3154071704
2098078353
4141063312
4196022472
9050093054
6138046519
8024097189
9172048301
2133043569
9112072894
185071144
8000087114
2167031194
5143006855
8132076598
6134086252
4071092568
4122066883
6152058772
9005096631
4131069300
195028572
7194060491
7169060479
6188040135
8180033468
172011961
6080098877
4039091026
7134081730
92099237
2121085563
123083644
158044138
6134013964
8197022311
1182081811
2153012122
2181022165
6098097132
1153022439
2048084083
3176086357
8137062406
5189034877
1103020941
6139066066
3070090801
8192037510
6135003971
1005083163
126037283
8153026740
8150031405
9019093410
3162068652
6127070413
4127010574
3114005405
4125059904
2003075268
2187012829
9199049490
8164077106
150079519
6192069901
9150013920
9159067700
7170040020
2108089352
4196062890
27095718
2188075774
6163084372
4128022158
189010698
8156095232
5129021423
8126048112
6133098402
3156023917
4116081359
3118063072
16088693
184054036
4159049657
6181013365
7115090436
142037319
2158041751
4106060157
3118048785
7176006770
5102056078
9020095285
6137015246
2195001088
1171064629
1130005446
7172023709
8131087851
3138046946
8118096435
3113088846
2179097524
1188074464
3135013629
8199026444
2145078080
2156055045
3195041571
8158070716
5122033341
3139052783
140040558
5012090033
2065098318
5052083474
9101034052
4162075634
2198062786
7008084964
2120045748
5069092232
3090092416
2104032335
7105051281
7045094352
8124029882
5101006868
2178000972
131041437
6047073368
107044975
7198041456
6138072861
4171081256
8193051158
1053089168
3107019672
5166084690
5189058521
16093245
181011871
102009715
72091234
1188078104
3107081323
2141057541
2128070987
7166079847
3024088658
4149044269
4117013053
8179084922
5125071236
6116088509
9192043203
7027080083
5047083879
5131021195
78085349
4066091301
4075081407
3097944
4144023379
7138016404
6143010239
182045032
9101081769
8183067619
6095089459
2179044379
3117006291
155017342
6097072750
146018302
5161090537
9030089834
8110072599
6018077451
6124019804
8001075776
8138097500
4187074104
7129033750
5144002634
2176052440
9074090064
7124042248
1180082614
1180061099
2193044524
7140059194
3118064766
2193060027
5050085817
4115027663
9186074813
3122080007
4188022704
9031092375
9116061281
33088931
4152064295
5167070883
2183055413
6149063986
4037095192
43093814
2100052767
8186057923
4035081640
7199058359
7160022052
4181074050
1191079490
3043078062
2119057359
2106096949
9098086014
116042576
5025089337
8107043015
102012428
2112005727
7155027054
6117047415
5146023329
8126089880
9002094937
9197004728
6199060657
8195002989
5010093568
9172071552
3141028741
9104074865
9068096328
2014093964
9198081611
6104052884
9153021214
3052080915
6075082552
3075092116
6117059376
9042082178
2001084271
8044089141
3107010563
3111058267
3149056900
174017014
8170073238
3169077127
14098991
130063276
179095117
1131080203
7105087219
2137019186
5179082975
3147073790
1089095315
2156022576
2157018428
7112061284
3171065099
6190083588
73093685
6065084046
8133006685
7155070220
4152067775
194053507
169041204
9170071709
101084273
1093097023
1180018916
1120078180
2127003206
101027940
77095944
1076070064
1176040508
5039096947
1191002480
4174081386
9130009948
1130054802
148016976
9032081441
4075097317
8193088684
167070693
7094275
7141084973
5177079473
1186084448
3180066987
5182088262
8129028619
175001819
7184020669
6166030002
2133073650
3135014705
6178060870
5182050172
8142054225
3181074790
9151063172
3196035670
5180048349
6029092388
7005082376
5177052029
3161055101
4174097732
9174024072
3179001627
4123068758
6134007245
6156095330
4189097125
2123087812
5171090036
1136066430
6125074947
9176061023
8114007368
1155004216
6119006207
1112039576
4123047786
6090094405
5096080296
2171039309
4144058446
3175065990
7109042490
7045098209
6100031713
7108051652
105047856
1199022013
9156080356
9114022250
4048070561
5188067980
2080078283
7065074462
5180072997
41070867
7033082894
1093074878
2148075872
8152008591
5182005578
118070679
3172081941
143061761
2161026559
9165070414
8162066656
4138085880
6144037780
8088092084
9060093882
3174038330
5111088713
3170022866
4129028046
177067389
3147089440
1029091664
8133003398
3109076613
6159003364
1103075403
5144088758
6161007416
2170076931
6154051961
9064085883
5057093603
6125079266
2193020065
8110013776
4127084228
2192004130
85073072
7135082190
1145087059
79084849
4132010679
7191062290
5057070671
2199052509
7140016933
9172076219
4185085702
6108020612
8171051249
7163024819
4080074382
132001590
8078089214
9187007140
9147085022
199065839
3197081474
4127075423
1162018899
4134064329
6141029054
1139074552
6084079162
3186085550
1106023421
1166049159
4105004538
4019089935
9004089012
3020090913
7119011700
7141046644
6087077990
6082098608
9134044159
6119013064
83087759
5175002053
6143009175
9132082194
4133031787
1090086184
9112016179
7194078490
8146018739
9125069294
9180073211
7140011666
6191053495
9146076656
7118009904
6124044462
158021549
6158067160
7166028877
2080093987
9129049141
4178020240
4191042747
2054077098
4054075664
9167074831
5109027289
9138008058
5153055798
1188047349
7123056325
2186031761
9053074256
9158000170
8146059644
8141061066
1159037636
2074072292
3184056922
1086072877
2175075531
6087359
4194091825
183076514
136000329
9143048126
6106040924
1196040503
107029649
6199000719
