1127087020
1105065250
4129017160
142055893
7020079266
6132043752
5075074277
2123030427
121085051
6163014399
5119077898
3135029783
6097098928
1111020019
2119071090
9110047565
6063094731
2084088521
3007073975
4050089478
2094098193
7108078987
6014083319
9179090824
8195012029
3071097737
7158038244
3143013899
4160044689
5124061971
7115040810
5166045284
9190026416
6063094717
178048810
9119068041
4108056506
2079084132
144056782
2110020135
4110017943
2152061254
9100024349
2154007875
7107076905
4148095602
123028601
7121044214
6117049035
4114097019
8016095079
9167010880
5074097576
126060154
6017085708
8012099662
2108065136
2142002501
4145003849
1058091945
1168030488
6184094704
1186022698
8171020063
4180048492
9167006394
183080515
4196004859
8171062097
3185001357
6118071304
7140053314
9126049488
2003092848
2180026439
8129018076
6161054592
9103083457
3185067663
1156056219
5162072630
167050388
6082409
7162017499
7005098921
7157027264
8140087794
1151038822
1165032246
7189011531
6167050069
2100012085
8132025887
5176071029
8058082968
8153045738
1113007286
3149001327
8151094138
1064099376
2167088079
5027077579
2119006108
6092098370
2160083528
4181021835
8151061139
1162037791
1005079697
5071089826
5165047228
9081083478
1145086293
6094091618
3107020207
139044246
3142034366
5088080229
1001093247
6103003088
8158057369
8122091134
146072467
2146057883
6142051613
5155080062
6126089166
1173032032
9110060980
5091093019
3174023099
2131001719
6144013061
57089772
2151087818
7028086227
4183018522
9107045264
3175088442
7135049878
5149046497
4036090036
2109009208
2039080858
7047074376
8161031792
7168089635
136023855
8017092769
7184011198
3111044666
134028292
2133063099
2165032033
4103066115
174079551
3106075150
5010096003
3110045653
3122081941
1100000017
3129092914
5125044100
160029817
1086087183
7150063633
8186085451
4076097212
6140023135
4103045863
8122002677
2106057361
5197087770
7112005929
1165052296
3036084645
6006092516
1144087567
3162064913
4180050938
6104047497
5135086463
3118069994
1168090423
2090098367
8103026923
137060898
111045242
3100019569
7195084529
6180065365
1042092819
3142075004
3134042512
8124073064
6059077389
8090083332
1094850
1025090803
6100065836
5124004204
156080278
174036563
112008795
133044161
7140096932
7130024939
3062096182
128087783
1193086009
8196004391
1016086064
3067083859
4168034123
6144040746
6040080912
5021095722
8075084253
5149041365
4179072143
9180058964
7138059615
1131045400
8082081763
7120003509
7159019393
7133099542
8026095331
8179038912
3143088866
9102062137
7182013209
6196074611
2103018277
5174001276
1193019464
6197011321
1135023410
7197060510
8181062489
1189058656
2130094820
192053927
132045303
1181078090
1114023654
2120074627
2161089620
9161078397
7094089968
7183069897
3051095858
1184001704
4101025362
3115060991
179057541
1152073082
5058096784
8161010823
9125068029
8141085439
9117011074
9156000748
5183078515
5145037670
159045471
5186057704
7094098353
8184000500
3122077351
8197039189
97075288
1140070647
3130072605
7179052940
176050866
9150071706
1185060142
7197068576
6194087558
2103014129
9138074040
7119027534
183071192
7152055912
7104002097
179086581
8196093733
130019781
2118000071
8144005356
6183018444
5126093143
4184077182
2178043277
7133041725
7013072859
193084857
8147071275
4075084243
5137004940
9157037498
3158055536
2174058659
4086074591
4184050623
194083035
3121075711
3102043568
169084531
3110013961
7127065948
4190036168
146045417
5109055209
4008085383
1174056794
8004078459
4122089600
172034823
5188049138
8136036171
39087863
1152083394
7157007139
139085025
3138058109
3139024259
3023096194
9122052493
9112080588
8151083650
126090233
5148080080
6143069222
4186038789
5157039254
6148063705
9125054861
8111043809
7108041924
117085064
5181043221
9108026501
55084098
5164035658
3112056587
8159001697
6199024079
49086485
5077095894
8163034336
5184096925
9153022599
9172037798
8046093328
199053682
3129032947
7138021247
6104055492
7170040066
9025081558
7127032830
9108039611
7103047399
3132050290
1119011771
7144067480
7148025369
7151099307
4148082305
5189062835
8149057398
81097400
6196072874
2168021082
9024091794
3045086435
6140035599
4155005108
3022076764
7176024397
6177081350
6115020971
8116053920
6159070443
4146086308
1068084536
2194077688
8068078374
3145029438
3142037779
5159018093
7178000457
6116095024
7142013474
7160085246
9069095868
8003091614
187063517
7104088237
3070096121
9194009562
6120003680
9113043185
2112005252
1117027778
7136012793
1105012269
3143012682
1119089460
4185082902
7182084298
3001088497
7179013069
3162069533
3136012790
131047197
150065361
84086046
3183023463
6005081440
9149016197
190020632
5141023041
1182080881
9162030100
7119011290
8186086629
4127070679
4183007191
9133044102
8197086875
5177077790
9194014522
122014296
3106043446
187076355
3156089120
9112081517
3069091907
1063082344
9150084477
1189021007
9180034313
5103059550
3170004918
9051085140
3182041716
147072175
8185067280
6123071677
143073903
9146059813
9106045264
6148060593
61091441
6068084760
179015655
9112031833
5178086306
174013064
1147059290
4159059749
6108040173
6190028433
5193093612
7009071694
6177089941
9044091335
6107080667
4186001121
161078910
8033099499
6150034174
4107083843
1136031647
125014798
6144063633
1178006471
7156078752
155018418
5144061174
8125099434
2132007822
8150031943
126070896
1148005693
2136046971
5047085133
6101049751
8119032432
3116049737
1089096639
9173052585
15088600
9042094154
175025206
7126022980
9186007128
2181039151
3046090791
8145013125
8002078754
1033089859
7151092429
4001086187
3161021115
5093090135
7127051567
3158012718
7065092079
2030085530
4017091774
1087090918
6004077892
4184026212
3047071471
1076091986
125073294
6113010497
4151008295
9174049515
7122037833
171062291
8138066941
155085820
8126005637
9184033979
5197064972
4117046046
3164072238
3155046442
4104010652
1076084965
7014095568
88089545
8077072753
5053083283
4152002257
6140037793
5159096313
4050082055
6075070756
3177064940
118048810
5192056527
8104070010
6150081493
6147012442
1103069987
3014094329
2054093604
2182076739
6025076885
3140055768
3130045314
7085082065
5165003591
8116066599
1039092585
6190005658
4192085139
2164039671
9159080755
141022413
1164026612
195065144
3165068295
5191005428
4042081353
5062077154
2085085393
8102030466
3160056927
5130051580
1129076171
5125091311
8171081294
7169066843
3175002898
8033081088
7121023790
7168030258
6185044246
1004092184
1133004483
5131056388
3055089837
9189038362
7173080831
6083095559
1133026092
7117081254
3132030354
9152061701
145038674
4145026298
9159000359
5137073199
4172005654
47093210
6135045654
3155011965
3045098326
3194089936
6029078482
2198074727
5062083938
3134031442
172085702
8121030002
7125073994
7127034849
164031704
177075724
8144056965
1030099212
1159041454
2182029648
9114003727
7172078680
2125040084
1162082666
4103011200
1146073265
3144053405
4139050101
1115057352
2116049962
8135082796
1138073158
9187061623
4045075457
8123090618
8161008940
9072083949
3194041127
6074099495
9171070516
7194019106
3160053544
9103059622
3148065100
4121027192
8037080271
1047088493
4077098597
1196037243
7104059744
4101024812
7138059195
6145027503
189028971
2146028732
8142022810
184049516
7193050328
9027091779
8113024691
4110077825
109093547
6185026720
3039099168
6086084722
5143051280
158019735
4178024250
190042823
4051086695
7150033179
2168034836
9150081416
9112082448
5070095536
4133063035
8001085245
9187023613
8191021183
1130033371
2136018885
6048091699
5125064336
184077399
6008086446
3108070540
3195020823
9104009244
6183055963
6029095285
106078571
6135017963
161073976
8179094720
2139035043
5080083895
4155010916
113001899
1129002097
7081098787
3026095023
4149065532
8121063925
9192017472
8104032264
8197044184
6130064664
9129054164
173050346
4169006680
8101079562
198044303
7178077638
3166050736
4164042603
7015076096
2030089032
4000074259
9188013276
9123073461
3115073070
3193086867
143045806
8119006881
1131021811
4082086035
4172042807
7156075385
9124017095
8117000339
8125020471
3029077661
7057089923
4162052807
3180047882
2198059499
133086987
4148066376
8116029179
9037073561
3198051079
4030094258
1135026488
148067755
3134045312
3165075531
6175099009
179043490
2122042848
188008900
2103018424
7151080696
139037311
5121020560
7153048850
8123006175
179057177
4118072617
2123088844
8192006248
7150038292
6124098509
5159078849
4084099564
7174070478
1039075087
9153017933
6194053626
192014177
2041099432
1103072004
119055783
88078868
2164075794
4161071498
2123008664
9195006809
2151077706
8169082021
4134019482
133041000
2101020667
4100067484
4033096677
119016556
1111051395
192062344
1172055664
1124026700
188028545
8087093342
8171087342
5114084971
8136028007
9173015028
8103015467
199061463
5167034540
1008094957
9104081068
3022086367
6170074907
4156011176
1120064427
5134050490
6177068002
7152063752
7116007484
9088083923
197069101
7166008884
9198004093
3096085430
1069084827
3109072643
9100032628
8150078782
8115027494
1169086894
5120026709
7181097108
6171082590
2187079901
3100022138
6184070813
9126062533
3177077711
6147076866
5032083338
3157056546
7132063007
1128001808
87087247
3131058164
8190035104
9194033026
7123087450
7155054208
2024074487
2160060804
3141072397
5116047875
4128010483
8093090410
6181003650
3117054563
5172089459
1104069354
45082693
4129074946
5186056560
7140065544
5120070698
3095082403
9141048111
3046098187
2073083387
2172037929
1189025265
5192033141
6155070411
6179021825
1101016640
1021095117
3161013956
4042089184
4006084172
47081556
2152094314
9128060513
3185048926
5126073521
9103042586
7131053329
5130020861
9192056434
4143029876
7190084352
2152073238
2198078387
1181017292
4112070707
5162070648
140021984
3105058934
3100080002
6179054261
1138044722
7199042883
1146074385
4181000618
4142060344
6124014594
3189081380
2152018711
7007072052
8125075575
1160043595
7179012890
3011098624
3122005232
3125050788
3125014423
1111010062
3104017946
3029089402
9108042003
1170011885
9195018848
8133039360
183001203
2135019943
2129070540
2178074789
5138059896
4130006972
9005089250
8175013623
6110080070
4123079530
6040089678
7184048062
8001083373
8074089906
105007048
9075090890
105078497
9135022270
6197046035
8022095899
3153037245
8137095407
9134005475
2108051007
6053089365
7130084252
9115021138
2189057864
84095398
6195066790
1157095120
7190065243
9110080918
9180079880
8117093017
6139058730
7119078162
6167055555
7095086199
5135094643
2153093621
6137059996
3141032797
4111050903
2065080658
8134084814
5035077798
1169038553
1180024585
6155053715
3124020105
8096097613
179063964
5156043843
5198059946
8119056658
2131092125
4120028152
6109036041
6139003664
4130052638
1196064854
126053829
6158061484
2120083402
171071731
11093919
9165042382
1135080656
9096096415
4157089547
7141074352
4156019395
147061870
6130057816
6161016177
5199059144
4143034091
7038073058
1102013020
3110003686
8109063172
5132016224
27087300
1013074596
2103068477
3196079378
4118080280
3094099870
8186086560
8131079441
4057092777
3152047470
4172088036
8001082185
3120094832
7101029385
2191058132
2132088400
1148038394
6168058045
5153066259
7169017234
110090324
8175071134
6188068716
4138081465
5130039970
1097077345
9137003237
8101036302
7165086269
6121045962
7106071508
5199010506
8099080295
6158030871
155022445
3131084942
4166020355
1124014914
8164056333
9055085856
2143084491
8067082692
8041094861
6147023764
5004089019
9137082917
2008080562
8070090398
113075893
7155021232
4187074365
9145042556
2112001379
9162087081
8133063025
9112010067
101005712
28092446
1143051701
1013087610
5186074423
6094078693
6141012375
4124032261
1110012198
8167015080
7172086993
6127091045
3156006577
188039359
1179012396
7171064604
2074085497
1174045330
4108054368
4012089183
4140068762
137086608
1031095024
6115076575
7077079257
3157029689
6158055047
1162068712
3168061424
4161024168
19093525
4013075753
2199023822
6172079783
7127072445
5043076972
2133060440
6075078966
8187094132
1157075651
1120031378
4035082209
6187012337
3106056465
1167030775
3157034119
126092012
2139090432
5165094225
5168049774
1159012768
4032073869
6108084464
1157084225
5190081031
8173047273
3174029558
3180028544
9168066880
5151074885
1157034671
3197044217
5121041023
2137018759
1083082418
174067110
5107037261
9126071185
2089091674
9131039663
2181055035
2088092623
165024937
8132072484
3043079166
8009094459
9192048638
4137017531
6174086256
2142004098
6161085982
3180072034
3139044504
9034090342
2109060613
3134028830
1119046306
2152048716
1115007351
3099825
3190011397
1122021383
6157017117
8133018632
1181006356
81098225
8193047652
7153061664
3123046881
1099092260
1029090260
7190025906
9194024809
194036885
2106073549
119032977
7170030184
4171033864
5010098405
3106082344
5168064066
2141078893
8033084544
133021716
4107057639
3010070352
6158092115
1160070512
110086700
6133033799
9198079992
2157079482
8162047460
1009082790
7032077078
2158045645
5100028460
4021073990
4177077422
5137015497
181055562
3024091793
6008087743
5193017861
8164067805
5137051926
9050089431
9015096735
9142002285
4198014041
4149035831
9190086850
8016095947
6073082069
9125040891
5198049820
4190071147
8195085372
3117087616
8148035218
170085387
4068084386
84094521
7126086620
3191023194
4148083049
1162089206
148097114
4145063772
7112077562
4148022886
1152061453
7133031966
2179025168
5156007795
167069692
3189027560
6196025178
1064089757
2076092285
7151013527
8104081262
3119042863
8062070296
6158003762
2012094386
6178088772
4124053287
5195021294
1040094475
5134079669
5160000485
2080097194
8036092526
6091098576
7008095924
130061496
7111089457
4182043078
1131083511
2135094030
1077085581
6105001303
6162049447
9043085175
1110042499
8021088694
6063095817
1178060932
3092098386
4155051252
1066088689
2142081745
1162062574
9123097449
7157041666
5142064291
7053088602
8073096279
3110023846
6130007145
4189070901
155004062
6014095702
5197035531
8118051410
7160046846
9152013948
4124033343
5122077814
9164065448
103040858
3136041979
6156072852
9011094798
4163010365
184049325
6079097996
7184011705
7005095431
148054373
4026078451
6198027253
97088868
5107074642
3079072874
9036085015
2036098974
9166018211
4185044065
6081078054
8197008942
3137070313
3149003871
2156093119
7126022156
9175063794
6161047769
6125089325
2109056107
4116085110
3169073052
7181024096
25089441
6073071756
7071074878
9195018785
5058080896
1087090214
1127001475
7181017388
9183007868
7180007424
2186087978
8140067634
9098083823
7111011754
8029098542
1163022501
5011081795
2189064809
7121017588
9124007194
7106051960
1124068869
7103002773
3172077291
5038099238
4146001638
1087095698
6163076594
119089608
9176036935
9021073074
114028244
6160096637
5031086505
4126017863
139036847
2189032435
8173049206
1161014633
2113011441
9139065933
2133053751
1112056727
9122079666
8170023666
8183079691
7151002900
4197021168
7155084605
2141016712
3112001388
3148039463
5103065451
2030088807
1150091315
8025090200
5130074525
3159077656
3175018048
2133084876
6164080957
5069096785
4104019618
7017073070
9117034952
3153084203
2127006998
4196052580
8128065826
9144035433
8055093733
9193021324
8134021920
9179037938
7134020603
7139042917
3187072637
8166036532
6165056524
69093822
3149082583
2101037279
7197021191
8107062057
9152037133
5118076442
7149061906
1145053106
3135032271
2199060732
5161024751
5198097315
9006093884
8142055628
2128034267
8165095228
3169019765
1186045113
8151085748
5045093480
4162023821
143066238
6129044363
5150058304
5146066875
6144019390
5191018089
5171043123
4162020510
115094334
1183060756
9165041492
3086618
9195035046
8019093957
1055082460
4197063892
2101048803
5173030529
3111022068
64094017
6187011753
7040090583
1130003867
2035089428
6139003808
6037073762
7145041379
4141094929
5156014892
5195060028
2185028048
9149070426
63083033
9071090020
1164057619
6069080065
7123043042
3153040697
8196081573
2127053525
1031078975
9189078671
9180015751
1157062582
6115027618
1192045403
4101085738
7114084502
8115088937
7026083445
2010074186
1062096321
3137045792
1163073807
2149053305
2144043355
1032097293
6130096840
9186022512
4188062233
4151008953
3043070158
39085793
1148018039
9010095889
6191039702
5199067558
3101010023
8176069360
3101053627
9193036681
6134075492
8113075141
9119048384
5172097106
1106070624
5168032214
4153014450
4147016056
5169089059
2121059071
27095096
5180036191
140023195
1158016110
3135032335
9109042956
1105041387
8149086530
8142004717
6149066127
2145041361
8000086566
2135027624
1156055362
5129011608
45072387
5144055256
5151013437
5105039549
141054939
5047094964
5129056582
5128045567
8123023294
9076095267
8163065918
8140073307
49083157
7152073706
7047087107
4030082954
6112002396
9050093142
8124070991
3195084597
3103072619
8102053913
8069081485
2182044631
8045098831
4169053286
3176077998
6034092213
3160053968
7171031716
9158030495
6143000246
9107042530
7069092006
5156008233
7108071468
8197077723
7139060067
5148080348
67090810
5181021284
8161036344
2120089470
128007534
31085103
1156062762
9008088885
3155033088
7136090135
6157036992
4121031449
5118043850
2013097732
9123052493
5114046701
1153048540
3134008325
1084082042
1180037402
5186079346
1146095227
5168030818
8003080832
8068082897
7108022723
5137058317
9197024122
6047085908
7153097402
5173069915
8084072692
1060087160
5057081804
5129014310
6097077156
8120037824
4124006613
165063857
186045128
7177036262
6064084123
9059089116
3164020929
2132041089
6195048266
3158009774
5145041441
6137087155
4186060311
3054090644
5090097043
8053095052
6184077905
119008169
3178038836
5086096644
9048085819
75083878
3168067123
155017517
4103085413
176063675
9189093526
9163078138
6098081872
3051073454
135015058
3198080405
5106045238
7151070205
2191067113
4026073350
5100022122
167076314
5053091370
3175006915
2117013816
9140051291
8177073743
7138043911
3188018666
3105079926
7104075022
181069743
9138020091
2094085499
5090086865
102082519
1133083474
8088085879
4152040485
6183064062
9009089218
1109006443
3173039252
186093038
7159048563
3183038953
6134016677
3161038956
1181009604
4071070663
8156091702
6104064597
2117033888
8179080654
6113073943
8069084721
8186028151
2016078057
2130048013
8190084322
1026073069
9032083294
133054664
3015095985
6193024817
7109035946
4152089236
4135084840
6151014479
6113021335
9052089176
5177066092
4136012011
2028085733
7101027717
9005084278
4107082527
1098088608
4131091805
9120074005
9090076289
5163023491
9163052258
5007096336
9192065508
8104096932
9149068017
6115083282
173033850
1161068192
6133013663
7140038508
1153016352
4013077386
2072081744
8111026310
8057077368
1179072510
9040098097
3199059019
1105040970
21086136
8029098519
3118083488
156081624
9167029382
5119083364
4191093633
2186078085
3174076138
1053098208
9026075283
9127018623
4136085947
4182089599
6054077957
5135064794
8180068788
7099080999
9140091237
4145071398
5176055592
6117078576
4135047795
149036871
4143075553
2165022831
6170062299
2107040510
8128050501
2170029358
6104075839
3199065170
8196006459
9125021125
1115099605
9160005695
1044099269
2154028297
7148037167
5127082494
9017091906
9057090840
7195069024
6107036221
3163077071
4180000558
8123050030
8104084797
2165089834
7133032533
6168067908
9055073855
2169007273
1081070950
1169021063
3088092921
2118013493
4014074580
9140079145
8146030531
8146014116
1147002964
7045073272
8154088229
182083181
8116018631
5171045733
4016077153
7123041253
5128034227
5133059476
145039727
1054098420
5140061972
4178030496
4119062557
7110023385
7137093624
4167057919
4188034676
5105033462
8117065837
6115001433
7130003473
8146094746
2124027739
1127030094
80095358
4189053011
3192015121
198081787
7197053743
1190087579
6138082385
1126078488
2134024170
4120070641
6165013226
5157083133
8108040887
9186092901
2155088257
3140016615
5096074255
5183054417
7147059315
3137069316
6193072974
8196077615
1118072590
6121057034
1031095242
1162014693
2175070768
5126086662
4166081921
2127075691
1045091979
1151029159
4123070178
6160010129
6067091647
5121067105
4115015582
5197033271
111031599
7116027947
4158084523
6025080405
7113045671
4129083145
2127009651
5190088454
4177062751
2111007131
6174068876
3125073594
6116067687
6038071276
1181005306
6168082836
2169043675
147034417
9015083927
5093086554
3017081237
6088078293
9136098705
1183022547
2093098481
63093036
4015085326
2071088878
4058096777
9101062820
8060083043
7117075083
9138065954
1172017424
7167032463
5128072172
9069080383
112067221
9093093936
1176077913
9000090047
1196074065
7105045063
43082994
6140033064
6196058241
9165092623
1115036375
2099074168
8019096768
107000183
1174000563
1143083479
4144004043
3135079749
6186041014
101033224
95075841
2099099086
6005090735
1175055004
4162026356
1128089498
3174052558
8143031363
198074537
6141049502
6097082442
7148002887
9052098197
6163064382
2109006974
6161023867
8002096550
8151023605
6110048841
6133045654
160090628
2180098411
6172070895
4164065774
6134097808
9079099441
2096099917
2197021867
8122047766
6182006678
2124097536
4055083709
5135017497
4160084978
2164071545
7192087406
2100042280
7173074637
5100092041
175041767
1126020778
8168017320
5181089235
9194020875
8170048365
6152042789
6170084040
1102081692
3146045034
7049084653
6196005274
5178017166
8101048887
7195055856
1198028134
6114028470
2181022521
2142048008
6026084124
5186087803
5138093538
2172064560
8117012165
2198055267
9116055024
7058090026
165018374
6174080719
139044010
2073095307
4183087877
7069080634
1159008143
6044085777
3051082734
5155032982
6163030648
3104044511
30087895
3121095819
2196001576
3071097259
119048818
5161045659
4116080450
172032880
4106003175
1133064207
7155062262
2078099027
4155068669
5177097906
4119090502
8176082072
8007080108
3140007053
8136087207
9049071258
5196018033
2077095995
1125084665
6112050858
1037082927
152043783
3122082909
8157037270
1141003326
1175008813
1108080440
4116052477
1183055795
1117071116
1158063917
9141023174
2097079282
3177073041
4069089741
8188024838
4043097652
7108008814
9193000703
5085092195
149071991
9080072487
129074441
1164091519
5026086448
6109046123
2162037632
6188087253
7058094684
4162064623
5042086127
2157082259
3006071096
2071094079
5127025767
1058095269
2178077667
8121056809
5063088160
6103077502
7108055315
6138046922
6176098934
5051078768
7162072710
9171078278
8113043776
3167074881
5197087019
172056137
5156054887
1033081753
8147020831
8122028652
8081082564
7098086866
9162035048
9196000228
2169002394
1191026991
4177066345
9132063041
2149004214
4029074066
5153086987
2196013172
9089094953
1173008710
78096359
7116025747
8199004052
8197076472
8029091255
7184080697
4139004299
3179054663
9054095057
6093082766
6105004331
2116085151
8137051768
7080086977
1104023330
1193043626
4142095035
2119056539
9167015481
142024907
4198089335
6081094661
156022445
2159017360
4182023080
7107057359
1160089021
8192008478
6055092066
60073651
9193073585
7156066949
1196062011
6189001261
3133008712
1162059561
7143078832
3150041343
5171007235
4116098931
5111053198
7167094726
4166096829
5127073180
4168042045
3148071307
9164073332
139060845
3119091949
187054511
6125099821
3143031428
4115038115
6169063678
4099086458
4032085186
1185076272
3019087052
9192069949
6115069281
124013859
9119077925
8180053214
3156040768
166076358
4149073073
1110063228
6005095299
5153050338
9112017517
8105036544
1138075495
7109000602
3094085658
5126071284
9116004687
5144058435
6138056693
9114010591
8106057401
7132021555
3133010345
6126062718
59089190
3103011450
9190082061
3174008718
3122070296
23084411
9034079259
1155008181
6184073415
5195074112
9111048772
5127044831
1133030052
7097083523
8098086553
5028088660
4106016424
8149040309
3102040365
5066097392
1165086829
7077088077
4171037577
181037892
4149061581
1151005830
8140038768
1113068496
7039098959
4116081395
3186008015
1181048243
4131050191
8060093378
7195000613
6146025618
151023555
182087971
4152040352
3150026931
178056752
9014087444
5144086415
4135020359
3054096189
8172010522
7128063048
6185065413
2121092314
4112052580
1003094628
5175007810
5093089150
8121037356
9044098738
3197059021
108047845
174082241
4171047459
1164024573
6187038166
7020080382
4115045460
6079098888
2169011803
1002094924
4183075276
7100071666
8123074696
7179040115
5150065676
5186075944
73092898
6193064557
9060079573
2151008500
6119005878
2170085432
5161008356
7182065399
6128073908
130068239
2136046118
8115059139
3170056249
2170088786
4198076047
7067094164
4118065299
8103034472
8165096707
5162040720
6187086851
148027612
3121001973
7142006391
7111078592
7006083638
3036072967
5145095119
9031088925
8181095734
2119064828
4182059790
4158095716
5121098649
8173076406
2194071802
6096094414
130069137
7063085306
4171020232
3170007779
9183076339
6108035339
8123062997
1195074622
5104071405
126075510
8041090790
1082097893
4180097212
7176048551
2011071069
8131011241
2184058683
2198021389
1121033300
4170007907
2073085218
9108037259
6064096491
5188021672
9020095877
6126060934
2012080235
9195036674
2121040740
3033099166
1138056879
2153025453
2142030550
3166022434
8113016394
2116031690
7184011695
4128019827
9050075397
3182010609
1120035455
2156026945
137067541
9099072367
121089508
2180005114
1170051581
174023060
6199020611
155025494
6161069101
3024095174
6182061596
2178044314
8178011950
5107010335
6172027180
9098084470
3108077477
7143006822
4137066449
9178083865
5025092097
7101022765
6063072060
6108023643
61083209
6010080200
3082079860
3123011998
6174071530
8163051464
6080080239
1177083376
7045097586
4081089123
2133027562
1185095421
178067308
2178049360
170022982
9197003948
1063097566
8037097892
1056099236
185078537
4103023685
126080878
6111004455
2167065246
6067081731
2130074516
5176037396
6167063409
6128073534
7153017601
149069169
8103018318
6172080347
8140046864
122078395
7135016821
8162011991
1148047189
6121020775
30098327
197086075
5189011501
1172025232
5147085688
5120084962
8170070390
5126026424
3147030496
1175012487
9188038170
9158087681
4197086854
9066098094
4183067372
4104038498
9195030588
9111088239
5157075563
2140013376
8167089209
1172081046
6147066118
3179080294
4026074960
8157045833
9117036142
8039091859
6138091826
2195012050
6114045512
5113043870
3161051978
7176089540
1161081698
5167079818
3012077494
2102079195
8133022411
4132022145
2134012524
2189093525
7123062030
9187056761
1168076061
6167012986
9041092379
7104019456
6120073241
154020682
4182072654
3168077061
7169096031
1116073323
4146070818
2184006990
9191089168
185002082
4122065579
175052889
6183008701
1127017856
8007070371
4028090387
120024410
6067098264
5145013620
1069093597
9092072249
9164026245
111015680
1158063804
8027092574
2114073084
1130021422
26097000
5104049548
1138038990
1110038122
9144008825
5049078558
1198078455
6185035298
6058090719
5134072196
2147028868
3046093525
7072075377
5040073992
16090665
4107032005
7165045287
2123065215
3170049808
7089090050
3171069621
130075296
7122011175
102069528
5071077295
9148006125
1103097628
2123062992
7190042003
3104092813
7113036099
2197023278
9147036957
6137057579
4120040907
9147027235
6118034863
9146024584
6161025484
6181060126
4121006224
5102088137
2151099111
25095711
3123064366
8018086858
5158046039
1116002852
3104029806
7142065278
185010567
5105089107
8032093568
138059333
1195038537
8176060636
7194062257
5012084590
5016070483
9172067527
7065085907
9189081349
9150030344
6044088257
9056087858
3155098501
1163071915
95090140
7183044130
3108091724
6173040949
9183087187
3185070023
3087075297
3169078786
2148098723
8142003486
1176020002
7115035781
6064080236
2117051116
9120064621
6161081862
3101040544
1189036843
8100056217
8156065649
5142054774
7119068206
8157076323
4051089495
4122067544
2015095692
3158037143
5177009855
5063097395
4122046743
2111082463
4151032813
8147071032
3121025936
3145019396
9105070404
102037986
159089225
2167016697
6190024173
1181084940
5146065978
8121090708
5000088616
5069078065
7107071342
2178039297
1006090504
1177073240
8123068119
92097733
8095087689
9158078171
4066070477
3145051959
4166027401
42096845
3121025403
43080592
6005080616
5144017002
5028073897
8119072728
129083781
7153022050
8080098262
1169044140
3143034422
8136067245
8193010683
3152066305
112069897
143060989
5134092714
1030092839
3182036084
4106017841
5186068886
9115045320
6166062129
4032094103
8160042740
6159021662
6009086801
8181052960
7165069276
1116018874
6131013753
3173081722
7195058070
7159023242
5150053221
176070646
9138078990
124041140
8129017177
9125024108
8037094599
4020084724
8117009561
2137010052
9008098858
7152068745
2029077792
4111049116
4130069486
9106001772
5171088525
6071082819
9120061566
1142034049
181016475
1139043308
4136035889
51094599
6107047651
6012074959
4134084673
4133011259
2162012552
179053063
1140033726
2146066588
6025081312
6126042886
6162032948
1079074783
4194018303
9101075203
9113027760
1085078387
4151002728
3080074568
6125023930
8158090442
113043722
6027088723
5086095178
160060432
4009094279
3107059787
112068682
9189036664
2125069758
8090083321
6151050890
3194022716
3161028025
7138050543
4131068470
6078086390
8061085634
183001902
2142085477
9054074060
5021091363
1068079670
1193068654
7137089846
1149031706
7118094433
1192086837
8129063144
3113073156
3126076049
8169046692
2182086976
4173018993
9183024578
4114036704
4182047902
23073852
9165050902
6182070494
7064074368
8154087736
2196054769
2198090931
9116077196
9100017539
9106025063
7123034921
2144038241
2184043354
2144006346
6180006233
9164086097
4159051954
7114004487
5105042949
8178001572
2051095491
7002089340
5126070344
1153069383
3082084093
7064080901
9153015114
4154090507
9132008751
3178076498
90087645
3116046662
4197065280
4191025042
1195090730
4184047320
8120024984
2075098669
106001946
198007828
8112047244
1147045904
2140068094
6117083324
55084911
6164061336
4125023133
2078075073
9193025113
175053478
15081814
2160084027
4173091002
4117063143
7036099803
3116035280
9015081582
2128051733
4198003564
3136031644
3068074589
9032088767
1072098183
162000932
7184020980
4180094506
9111039447
2000088078
5196064271
3163091108
2143037380
9101009665
7130049371
5017083405
2154061408
1067094133
4111022951
8175063889
1152046243
3192079544
7127024495
4174031186
7118013003
157069867
5060075852
3190082343
6034085641
7079099031
3148078225
1165039240
4089381
8031099932
1149063200
1115056009
5188028379
1143084970
9077073875
6172000444
4173015596
2101059307
8197006589
4150010474
8164059401
2193020762
5138030605
8119056843
6068082564
5130050615
5103086402
9181023947
7034091903
9153013085
8088085262
8132040018
6174051507
9030072758
9161079506
1166008149
4170067818
8106078658
2104082118
5133056300
109086410
5135097843
5120039931
8075095623
7160055809
3150075649
6100000874
187047402
9185080273
112063780
4175074093
6124027254
2182028587
8043093778
7180080322
9168039008
2136049363
150083640
8043086527
2199076962
6107070058
156047676
3041090565
5009087852
5027082144
6142092523
9080073669
9144063420
7091094988
6107036287
132085924
90077150
9182000202
8101097441
7148075873
4165063282
3154044620
4193034814
6119026865
1128029696
9084081550
7154098139
2046077993
3120036835
158032155
41091852
64087647
8104057734
7163059745
4144089478
5101065857
7167061511
8111074710
9113040706
108043242
2085096106
7176007047
4104035895
1163074231
2039079150
8100065305
7192087678
7130095536
1092099949
9024090255
8156019903
4180001503
8004073384
1146028399
4188065585
7195075332
7058099103
1143083599
5113016436
8161028184
6015079195
3012087588
4181055216
6166048944
3096077094
157074551
5104005935
4097070162
177033226
3190028932
124001298
1118086606
116038614
2161094420
6179004904
8119009038
8071092279
167099805
8116079486
9185067644
8061079573
6092082416
8144021171
3190063040
7198082136
9160070312
8123036876
9135031470
6122029746
3072091133
7186076780
4159085567
8197011751
172097305
3164044350
3125000400
9172069478
9138009313
1153013421
2112076337
6041095309
5161031981
3147032669
6100068196
5156057190
181088893
6190007526
9187045914
9141085030
113090700
2117022584
8198015284
2118012163
3004083046
7128054172
7111037743
2162071776
181072116
4199071049
8135043464
2167043824
187038285
4108061074
9027080784
7119064813
8150048949
1166027010
6155053430
2111047322
180012478
6142035391
7124028458
7164005372
105002096
2019075674
156004040
4178033895
5178047327
1068093025
8177044480
2124086578
9113066732
9190085772
2042072481
4172037488
168081311
6074072373
2170083354
8070093876
2193066864
7115025627
8172078599
4120024282
4001080502
4001086253
7152010480
1115086252
117062253
6108054117
4065072180
1156023423
6174074850
2189060600
2117015632
4179022199
3113086277
6055080728
1103042869
1101012447
9149016508
34099386
7060097951
1024093706
5103060161
1099080709
3117085570
7054098192
7042092522
1133063303
4140028611
9139048300
8161021536
5102033941
9165083962
6138004341
164053264
7079084176
3187001948
194090736
4168027295
7154058076
5115064799
128084885
4140001952
3154036239
5153014470
2155058130
9115029844
7172088353
1111056243
1171076169
4019072154
9115049585
4109075911
4014080555
1184089164
38097400
9158040890
4143089907
2021088505
8171007638
5134011988
2154038416
5020098521
3086088915
1035085184
3117029126
3123083897
5106057369
102085766
6002098423
3151067070
3133028223
1122050910
7033077072
8177056848
4134088706
4187009130
2123034716
5196066912
8163014433
1135069472
1104056856
4178003858
2191082209
9084093509
3148042664
9126065926
8036087536
5187057749
1169041494
3103031079
7126073656
8078071873
9160028219
7000093842
4026073887
3124044356
2142021370
5042084987
8183001279
2159046293
1173087568
6156022491
6104014264
9034082276
1009083097
5178071763
3061093566
4179086997
4149047730
1191035161
1062093450
9174090322
129013936
5153023137
4158080451
6112080208
3119006535
166018311
8175067213
7182026374
9114092111
4153072042
5147018902
5066083766
3087086705
9140078697
4118020385
145005998
6183045459
149034239
7079077396
4153055384
9199063192
6116006145
6163038934
3168011000
114019472
2171021125
8184021919
5104063542
6000080652
3191084206
2178042417
9185013167
5185003462
1196048748
4132011042
1110081582
4140045109
3085089941
185073081
1098089181
1162040410
8143059384
6097075551
1185001970
1054084429
9100035397
8108009489
3091074847
9041091884
70086311
6109088782
128029293
36076897
7183023307
63095872
8088087390
8129058024
6007087166
23080336
9196023853
4114001462
8122055601
2168069783
2144081614
1179050369
4181034471
1058070778
7160001991
4100058241
3187073075
6081087681
9140030098
5158017124
8126074168
184082001
1157033885
6005079191
8122022825
6187072849
195065490
8059080116
5183008361
5179047852
6109041152
3092096277
4111060081
3142060875
111033250
155052199
9023097639
4155041414
3106033248
7123095317
9095092882
4177093231
3123020584
1113062388
7098097550
3158004296
8193028418
7114060347
5152071351
7012077391
2144067070
2119005181
2020082787
1199089242
9109011703
6109072386
2141011002
5131087376
9072082215
1124092307
2157065417
5018083665
5142084802
1102048383
4100028851
6144031993
6159082985
6155054624
1108004920
3182095936
6155018757
3173025419
7082092527
5146069218
6036088982
3140068289
9183032294
9181023243
8163002730
161035269
7061096330
5190093216
51082559
2051086304
2175015782
7129082464
106001597
4167005218
3173037701
2137049843
1192050295
4012098734
7110079866
7169064753
2183027561
6188084695
3028097521
3143071883
8160027879
2174082538
7198019489
1198088297
5131048428
6148054393
1196054520
2199075376
4096082598
3193037251
2012092340
4117077083
128073780
7130072711
3012074467
4066091433
140040596
5137050622
3103074693
6052096581
7154037830
2133024992
187007192
3171015380
2172082809
180039673
3163013433
4153077183
5162071300
150026605
114071674
2011083792
9089094645
5108091512
123067167
7189079672
2131058288
145040145
8164035138
1047094525
1148036636
4168046215
2188038400
8106001348
20081173
3148038400
8124039939
6185002414
1115061594
1177026190
9034091184
9154042427
3088097333
7140005467
55081792
7189050480
1179059577
2123036389
9110058613
8139087374
5104059198
9147010958
175038271
7166065495
5109032635
6175060887
9104045174
8022071955
9152050186
3143088748
4183068915
1184046680
180055610
3172086221
5192012588
6195083980
5141039181
2169062204
7134038438
4174014289
172030937
3093084527
3134068915
8155064648
2132006554
3193081469
7138022853
4083099634
5196084817
1158087399
4189041247
139043205
5180011938
5143032024
3118055407
155073631
8083080329
4158019776
3141080886
4159007818
9193073393
6050091707
2063098661
9162078244
9023098928
7145023205
9160089964
4182053760
3043091167
9180014050
6117073588
1171019414
4065089114
133065930
3170076087
1109086372
7191029300
1061084205
4101061657
5165088391
6144088813
4136040287
9100026583
1177039459
2104059840
4170053126
4011085672
7116031193
9129087786
4167067296
9151013157
4026071651
6141067658
5032071751
2040097143
7197033752
1112039678
9116046548
1144028819
9194048983
3146048250
9051093860
8162068373
9164076918
2157023623
172074201
4171054238
9159089544
4169023541
191005689
5180092211
3129055287
9162024033
1076079464
4132026966
8101087531
6136091844
1067074886
8092970
103046111
3199003616
8187051458
5002075659
8146072634
2168077313
124029352
2179067572
7142086045
196044463
9113013705
7105081974
8185062984
4120091516
1126009056
3175070790
1143050525
3146031428
4131027895
3076084548
9184083491
3188075613
9130013160
3116053221
8177028054
3148064902
9138085991
9048092977
9195085888
7078094792
4187094417
6100061141
8049097187
103063032
1100044928
9182030431
3189016113
5050080730
7187070171
1176084009
2172038208
7110093643
2159023767
1139027301
6140043935
163008729
9148080229
194012097
2170033458
8133038538
7039093531
7145073715
7070050
1183086519
5046084087
3171038968
1117057698
4064088342
1147003236
7052098736
196002365
3122048181
8102087146
6163084344
4161076828
134029879
4142029347
4133093020
1171081908
170030097
7107044757
6163032568
8023088384
1048072860
4073078598
2194065672
2108025884
9169045207
5129072589
2184024429
4132021545
1132024383
9114062632
2148054031
9196051309
75085077
3162003291
8147033003
3196089838
8042096046
6043091797
9193070941
4065076876
6171080064
9123065873
4159071821
7170044887
7119030961
1182058887
7053097692
8177085202
1141064065
9030090189
1133066509
1016098671
3071089803
1135057504
8181086438
1128014567
4142031820
5187022424
8042071174
136099620
2163006458
6190070216
146027385
2101085035
3077097333
1112070890
1191070900
4121038537
3137031517
7180072199
2103084751
2006082859
1039086572
175000575
3156034555
1180090927
4172058134
101007188
156053348
2131049158
4139014210
7057081147
5177028682
3001099072
2106083799
5118089820
1128072153
9070083175
5068099633
9046081933
4148096516
6069084063
9155060643
4123059688
1127025181
8150059718
7053095382
1132049254
3031097687
5158048871
3080089620
44083215
3180024701
162019932
1190004061
7123035217
148045727
4145044989
7158031153
4035089776
6055097533
3122012737
1195089233
6143016989
7182043968
6010087701
8108044297
1192076782
6090092471
2166015502
3193005135
6019092335
8132007726
4129017527
9064071879
9183045244
1157023956
2188084616
1090085688
4068079978
9100039779
2093090414
7167038459
2140085949
1196036977
5147057911
9150051963
109041734
2148035757
7147034801
3132086346
5149060626
5155030802
6134026937
5153054305
3187056802
2151076892
5073098631
2192047828
9177007691
9135041566
105083132
8087074573
9150048755
6198085784
3159029597
6050082590
9115018815
1135013974
85091131
9184008978
1163020883
183072898
3107059021
8164091806
1198056977
7024093359
9062095432
2149024635
6167077853
3104076797
4185018906
2196097933
5156016678
2135064790
6013091510
5055093092
8150052236
6198057500
117007063
9038086468
9151079495
1128042836
2131070633
7146084730
2087081691
9142077166
9198077131
175022891
4070080933
6014089211
106001107
6139021826
4166032570
1100070368
9190022850
196087760
7144002700
1141037364
7182035832
3143045713
2080084689
2192007179
6137001329
8127071860
1183084882
6112054400
7108096704
5141091422
1125008629
7137004556
6004081320
2139014446
6165059092
1199023320
7138026132
150075239
5110003969
2100000023
2167027433
1049095405
177087649
9182042211
3191018884
5127070207
9145053775
1144043964
7125049877
1108012391
6130097223
6115013104
4004076099
2177035500
9050090831
2041084792
8082085510
2133076839
3103035408
5194031369
3142076256
9187084391
5184076615
3198025898
5183034984
3198071785
4196004953
9101002498
7129071236
1170067439
5166094214
5102004815
6077090216
185048043
6014093056
8140026823
1113077891
1052087464
4024089687
8142048041
9161044109
9125090045
8176092720
9102052482
3093088898
6149019223
8184070825
3117058250
1139053533
7167067379
3030070956
4199006062
6196066007
3131008270
4156090232
9101020755
8106006051
5030093366
7126067300
8178051631
5038075860
4144024828
2008071094
142026356
1106073525
1143033235
6021092051
3157045866
121057740
3157029635
4033090599
1141084774
133074762
2123097445
8100044281
9129071914
5174074952
1051088957
1161083793
6003084044
7146043176
8146005456
9187043071
3194051793
5156055489
3041080969
7113073475
7061099453
6183084669
1159011649
7015099662
8063086617
3188060293
3101067686
5145081366
114034886
1136082408
1149069689
2169018320
146009383
119062134
3124064439
8161089568
3180047362
3136005600
4187075797
7137004773
3132093020
8011083665
3188051563
1146013360
7100089210
9020072074
2184082663
6190007125
9143026334
165029583
9154069963
8071081583
7124088995
7128040852
7140007757
6024086168
8003082553
77083846
4018094961
5038086395
4194039049
5085081365
5130068908
9169020432
1117032628
4108070198
150084990
8169000595
1186003108
1020097878
6123026897
8111008753
5081079697
9137009882
6155089300
6179028480
8192082459
2126081913
2145002867
8119062522
2151042599
4185014025
6190039629
3111089754
169046737
1095096827
5157089322
8169021078
5134002978
3143077156
1196037022
8149098538
6116076014
6167040274
1173002580
187087700
27094400
3178042709
147091116
7171050301
6120016673
9153082622
7194036446
7090078745
5077081048
165063259
78098180
8109053523
6199022608
7108044082
8166040017
5112026073
1181021664
3178060595
8044089696
4192054131
6152043760
117019397
3014096050
8134072363
6189011581
7135014176
3014084383
1135028049
6128084832
5025088555
7122089977
4176054436
179046407
1166030384
9010087861
4133027532
8141069327
1184029312
6175003983
9104051770
6131001600
1175062590
3065096325
3114004181
9052077794
193051090
2112099201
142015432
3175017715
6134000610
8125038679
6120080434
5159084843
1198085758
2160035688
9108077429
9149044545
2142074718
5154061494
8009071755
3187072605
9139014728
186068260
5110016242
7140046325
8187066867
170074889
6159078920
6191061701
9120067060
2091099103
8143009613
6182086767
4178066995
3005095117
8171095438
3078082881
2010076964
1078092244
3180048663
6199088995
7184057607
5186059496
6021091440
6124030205
4146034096
6128071998
3129049200
8142019934
81083330
2094085988
8110026416
9131033646
4199088280
32070983
7156045809
7039083511
7142006086
61094284
7171086494
9160039138
2152007507
7184078388
2111044476
3064088404
5110064548
3156007327
1148001369
1181021791
7168081514
147096608
9001099966
9150036267
3198077952
8155098324
4157006247
4056098009
8007084254
7049084243
3179013456
7136035092
8108007157
6151085111
1159087387
5041098755
8154072115
7141051091
2164083512
7193035508
6016088922
5115067694
9193082495
9142029218
4107095220
183006682
9111040844
8134007481
7113003312
5100080662
6170056432
6037084767
6033080961
9118094814
4166083686
1028081432
7109087844
2129024171
2006075882
4166089520
2106048384
4136007072
5159012766
156014762
7125074942
9175003395
6153058538
3133055826
5182073974
3111092138
67089256
8079075057
3132045820
7189039790
6128075065
9100025514
6164083552
4174043122
4160020002
1198074504
106060927
9155033892
7127039153
2114061706
7049096826
8100053630
7185057073
4146065559
5035076788
1118010576
8154038807
100039094
2145043161
4063077052
181049516
4115072296
2108060603
3120007123
173002068
5103066496
4140042962
6108028472
4093083012
8164036330
7093080971
6074099514
1031077695
2135017323
4085084512
144022727
8145048120
8191086484
5151016359
9185025407
167005538
3183054577
6155015863
153040019
1116076115
1122078674
4146058633
8044090324
3180092701
3063097702
5119016708
1110051196
3129048961
6151063712
9166035073
3123066164
6128045894
9139031914
2023090082
173033568
2167014284
83098838
4196045314
5160052414
5135099116
1062094704
7136097940
63099772
5150073172
2077085035
9129005685
3196056904
9182056599
7163003763
129053057
9100093700
6171002048
8119075597
9107087656
1145067539
2092074864
7163067302
9147063748
5147073695
7146070204
5148048741
3172025521
6174074495
8199000515
2160048505
9122002682
9130052324
6166039828
5125098810
3171029280
1180061462
2190044981
6127081981
2158064065
106028954
2101078258
7185037783
1019075663
5091096973
4188079488
6111077415
3138093200
2125069283
5147095746
2167086570
177043406
4192053915
9161017234
2128032163
3131077824
9154033029
8190072642
3197041664
2054074366
8053071182
5152050377
9181009737
7187048062
5128072134
1105003717
4197013583
2148081625
2178064506
9190011904
1122028027
9115097102
3148077898
3176069720
7175034086
6120093503
58095286
7050087835
4172086673
5183007803
7102030446
4155080876
1178067922
8039082727
1055084879
3029087070
7116016265
7136008689
6058094553
9163067285
8176080577
1147067368
2194027634
2188063644
7188072427
6195063873
5086096005
3153074812
4136048183
9113065597
5039084582
8152058360
5131086058
3110014275
3104079361
3144015556
1199017329
9146040409
4199057066
7148028184
3178080718
1174065025
2175080428
1175007378
7121010260
132037800
6110066875
9121071404
4129014615
7141015358
6127018871
1005093670
6089093705
24088471
3168031297
6068090861
5100031844
1059092737
6058094775
5165075015
8178059123
1183008101
168007578
4150056285
3006081116
3197002489
140086975
154037301
1022074451
2102017764
2185035891
6088071974
146069358
6126071753
6085097282
9186003644
8095081578
8187064112
1194079455
6135087608
9170082341
9023071178
125024743
3169044588
4189072193
3000087849
2177095129
2159060985
4091085544
7110074397
114033429
3159040201
6154086262
4152066247
7187073420
7168094523
2125086382
165085681
7053072355
4055098305
6134050004
5196016278
1105078616
5170013040
5132015473
5179086284
190055175
7067072697
179026717
4189023785
4121089053
9014098753
7139081362
7177079673
6192048114
9196062173
2177037120
1105080307
4139018492
1037085626
2174006885
7095087179
6130021512
8062076074
145056185
1139005571
4103053082
5099099664
3129043466
3038090164
3153041462
2108080500
9113050601
5106003005
1134081624
1197067591
9112068190
4060081101
8176026262
3084093879
3067070377
3103001480
3175061953
4009092541
133085331
4077090997
8132038457
7193064125
8108032909
2118011239
5167068154
6178079777
4162076893
9111079812
9191012664
1183043501
9116040356
2116084246
5155028217
9172086779
169034293
8146000026
5178073852
8123063730
8178089162
1169009818
8137023124
2169017663
2187081524
5199017870
4153012038
5080072588
9195077001
9151042657
2129067087
6159069553
8101041909
3173065980
6171027194
3149013571
9128080373
3113055097
7055075853
6163025117
1135059761
7197020293
9136048437
5149047696
9106011593
4179072939
105018414
9087083807
8184022036
6129057998
5168036232
1076098331
1080097253
189076221
6191064574
3100013319
8022074255
4118089088
3057092358
194044303
9127060134
9154022873
7104059592
3136070395
2176058232
9017097866
1179088766
9167091224
6188039608
3115062363
4180084336
3193018861
5117033943
3163021338
7198018773
9047098592
1030098725
4130099519
1187033502
5081096344
1155069615
4105019074
7101066291
9153007991
125087079
9127029810
6178053425
2131044878
7112041609
2150035135
4128075632
1104068593
3134026512
6136080557
7095091606
115071598
9187002425
9174084183
7127042658
4065096795
8183012609
2033074079
1118086294
124037619
7168089997
118073591
3106047860
2116093622
8035080599
2170009409
8173008499
1188064577
4193034470
4168077082
157041550
7113014048
7155032029
65090314
6095082381
2140065452
7137025161
5164045162
2196088091
4103037111
192040356
6112000174
3189089582
5156064775
7137074282
7191050562
5143002888
5005099634
5153008561
9166071074
6197016072
4139091706
4161041952
110001486
3164052837
3149007413
9180037078
6137050707
8153035124
9149064089
132075947
9173010770
5109035878
6010097754
1167096308
4168048571
7106081012
118048817
3088086010
3053096728
2047096646
4174032522
3153079944
2178001137
2199011256
7114021371
8170088892
1054094144
7197047002
9153021510
9086091835
1090085403
3199031657
3183065035
7178080824
4184087643
4077085215
8196026959
9064080447
3105042090
5001082957
4173070866
4123042178
8111022413
8074092654
7108054030
2195083918
149006891
8146048706
2122054992
6186085136
6174002962
4167018482
2196080368
3199085234
126072670
2024080822
3112041221
9054078698
3102071601
6126014453
2069070371
3171046967
3145047199
2166018054
2073088905
9056089491
9066088247
7157069707
5066083979
4161015912
5013071788
5118007799
8134049305
2185076857
3189023447
9143004410
1123088241
8003081759
8169076188
8101007763
5199031163
2019082086
1192061779
7120012452
8108046178
9100081115
2106059150
5075085890
9060071761
2149092929
5054080019
9067086023
186009112
177068455
8094095540
8123073740
6180054935
5094073376
1003076070
2116062752
6144063330
3186005815
2102064297
7131007859
5143080742
8147037188
187043624
2150078227
7091097010
2087080961
6068076282
4132045496
2126046348
6122043211
156063793
3172077911
8102029921
3194086121
3110050020
8091081161
8128034661
4188075670
5103018665
7123088500
9162089076
8139014937
9143011443
7166099021
8005091374
3171080286
7077078758
1145086310
4084079569
9127022248
7069082995
1158021790
168063211
1154060452
2119058137
2168079310
9171053541
9157071429
6129083254
8011079087
3042083064
8118037003
4118046350
2137060543
7172002704
7152007627
8166010082
6142089400
9190085835
187053215
8196089858
8157077540
133056602
2147082330
1193073412
5107090045
5112023681
2105042411
9100005987
1169006463
5038072673
2178006702
7001089408
5136079777
5108058994
9151089900
8015091272
4196038480
5100019436
2197009898
4143056059
6079989
3161038957
6146048797
9121044960
2146011783
5132055487
4144086966
2102032867
90078666
3071093571
139037874
1098090316
4158080891
9177071953
2134096611
8118047563
1114045200
8135042768
6001081439
8140075594
150048441
6166064433
168063990
172073983
9176073476
3174014234
6056089832
7184053953
125002756
160028875
2117043112
9118082810
6111073695
8149091741
9189066486
191039676
42099596
1133053306
121073386
4017072884
185028633
7186016903
8184055973
6199020726
1190071221
9167057683
2144028591
1134068958
3081099340
5101089732
8170078307
3036071383
128047575
139038021
9155005298
9136089287
6084097580
8166028454
8092071785
2190018594
116087902
5022091755
7111081105
9169023890
9130039953
2111066578
3178086004
2124002555
8122053367
7172026409
9073083742
103045114
1188051833
8110052724
3127069138
9192050238
3029081365
2169070433
4147077334
9156076141
108035283
145075898
3139031361
154013498
6100022585
1141053627
4106001075
1104012543
4168069765
5131073119
6176039836
3183026261
2150052372
3090092329
8166012236
2104016041
55082642
5183005220
8159068124
154052252
4002088133
21081385
1051095031
6133076865
5044080408
7171023549
7173041727
9127037354
2172082869
6180014395
7010078852
6113019931
8195085061
7148087307
3100006254
6154037456
5183051898
3197043411
4177013975
2106033035
3183027165
6001087991
1193053920
6156090041
6192004040
5154005656
7171074183
7190057855
4144099106
6140079464
8122033395
2146087520
107019979
2158018718
131091118
142004944
4184045750
176034502
1174031535
7136023211
187004761
4155029022
6113067074
142091441
1189010177
4020097441
8160032892
6115018073
2185053010
8142086575
8035094680
2028091650
1114008870
199033716
8181094608
1031096669
5167007164
4128041015
8123012663
1154023039
1196055899
3199034061
3181005907
172010565
7045081047
9111033548
3116079076
8112044901
9166070587
8150009757
8097072169
22084781
5025071396
8132088327
9068090483
6178028902
5145008906
9143054279
3151018922
8198036749
8177062601
190097403
3180055763
9014094040
6101060198
5127074111
3191056309
8128011109
6134030210
131041955
6164039959
4130013664
2162007498
4149024199
9115039413
4075095992
6109070372
1173028045
8121050435
4136074673
3029076186
8094096853
6133063065
123087069
6065086678
8190035640
2151022778
6139057418
6147055962
4117034039
7168000130
4143044916
8172082773
5150014589
9105065434
1145010857
6089087736
6118079930
7106069013
8160046852
9094090606
6189050442
1075072182
5115045462
150069733
7175075002
2148054251
1185040613
4132061750
4172015654
4131080208
9157018128
5105049207
9136015919
9130048304
5163030446
176025640
1159017674
7155010028
5157077153
7129098723
6073081383
8031071675
7133021887
1177083960
4181011942
9175025736
2125083744
8147065670
64070973
3146010794
1143038504
8146049642
4072092668
74077174
8167082761
4031089961
5143055320
4159025861
8186098714
8179077649
9198090634
2146080244
2097072195
5016084376
3190084997
3137026718
6148039205
3147092327
144085502
6173063478
142082322
7129023145
5162085820
7124016789
175070197
6095082290
9196068254
8146084113
2097082149
9134080506
3079097347
6133083536
4189011421
8127046219
1197024004
152069740
2155045770
156074537
5090092798
29083501
2010090741
8123090145
5113047809
2106097127
8032097178
9104081380
7196075974
4052072872
6061088951
111045104
3152053959
3120055661
1122008950
2194022635
4170041086
3101016861
3101049445
5135043779
2148060481
91096720
4160071581
2144063226
2125044532
8043099694
3177027214
8139002687
136018852
9112038590
2102084005
4123071161
8111016399
2155088075
3136001612
7022092165
8193078167
4022077259
8157039350
8185076748
8186005865
7177026211
2100081069
5133004203
7169040904
8008094512
3150017542
5197094407
1146057733
1160081166
5138051179
2137003558
3038085368
8174018883
4171000024
4195087875
7154084422
1159015568
5116019474
2159034925
7148087602
6132059840
7199012019
9107058236
3139049011
3149074396
2185044847
7188093532
4066099776
2128086954
1135093628
8124002777
8183023178
6137024150
56087586
3073089225
7139076909
116086165
174051343
5173070194
7173079220
7158021327
6164052199
7142008605
3110014805
5148012692
6186077942
2182040893
2136008778
3003082311
9116065092
6165058571
8040095197
4080080851
8084070299
8062090484
5146092804
6118026409
2085080607
138016229
5023089992
4047078466
9104005608
2116007797
6140026368
1008086558
6108097546
8103064010
1109087664
8005081456
182009282
8195056897
8189011022
1128082866
3171073271
4175006614
3187004522
5111073799
5082090810
5160043886
108005808
7197021082
135052635
2101045672
138075956
182046040
9195098437
8181079995
7129024954
5021097232
4035088597
3139016657
3150005816
172010063
3191062178
1152082399
189057845
1112071772
158077536
3178022463
5119001845
7053088744
3162034482
5115015486
6049072782
3129003464
2184081432
6174085423
4147041799
7088085524
3181000631
9157085698
6153022755
3177016797
6003086691
4164061364
2060078854
3167024305
6082089956
3075084154
5122063355
1134026538
1166087948
7044092111
5021081500
