6180087571
4199004344
1127082516
2167067086
7005077180
2074075863
7071087029
8177057355
2134059049
8148009234
7159074918
7101057301
6141090641
8107064965
1111087204
1129048466
4100010040
6107015833
1159034769
199046472
4035093329
163015758
3126033329
9140013005
1196009987
9083072182
3096098523
1122072921
5154023681
2147028490
9109021827
2151025647
8142005171
5103041604
2153029042
9149071349
8176038162
1182071587
6014091932
3105064596
4136053598
1186041502
2092096745
9175077190
1100005556
7097089649
8121018769
8195044814
5103049092
3136035346
4100059815
5119041483
8195039477
79078788
3168061235
4112061774
100018850
5128025523
9148047540
1148021478
8188025283
3114077083
6174078531
9164068464
2001071794
134040476
1195087085
3043087322
5067071388
5164024136
9148043608
4159038628
8196079697
100030699
4153091507
7194004726
1138092907
25097329
180072867
4147042628
4019089493
4105035254
4126091810
4129004289
2108081344
8174019836
3180055573
149011393
1106047364
6153054037
6122086686
7189066123
4126086186
9159064879
9021081808
9168010668
5054071069
4188028033
1161088537
8162049103
4195030126
1185085559
8192014249
3065087767
7182056925
121012847
1131032729
4127019186
61085848
8061072495
8150005834
6130024553
9164087395
7156086209
5175081847
7034091264
1059094087
7148010024
8106066062
5170000352
4129051342
7092082429
4199021882
8069070097
9117080235
3101034180
56082949
9140082336
107066369
4198017911
7171056215
3026092345
1121076683
5137026066
2059072994
1194039730
2046089077
1194067229
1156006242
7064099345
1108077687
5114014110
8159024504
5157012170
9194043770
1181010024
9153083709
4178077285
6172089410
7156069560
9198029884
9191092803
5188022061
6042092928
9180017092
6177060970
187089574
2133067069
6004079483
6129022686
7027080052
6186003238
187046481
3148008360
6143005543
7139006171
2127066765
9169029873
7182019610
3175087646
7192025220
2153079863
3152012257
3004089668
5156023426
8125056809
7118065490
9044071370
4118063471
6128005728
3136087022
1182096030
169040347
6130000510
151041452
9159015354
2181062703
7089082572
6167017298
1126069161
7160035441
6132067959
3142001280
4109035466
7120038349
1147060039
1160028352
2184000965
2103022761
168076681
4109011495
3181076939
187011799
4120030497
7170040021
7152073697
3032075556
5180018452
7116088507
39082634
9089096553
4180072609
2148033764
4198026489
7013097498
1166039155
2031087095
7031091164
1189015707
5142011662
6097099857
7131031249
6089092424
4135002431
9104098207
134054075
5083088936
2198067129
2105010324
3188088960
121027047
8148088629
185058005
9160043428
8186026712
6059075591
2105085328
10088960
7027097124
156090920
1129072939
191056396
5164089799
3117084707
9127039842
6169028400
2015089971
7165063635
3100012647
3100066577
4089081273
1146026246
9133013797
2159055678
3181086154
1115038087
1172068559
2113023637
4179025827
1197049732
4167000717
8189036361
1103031571
3041083198
5130095013
6180044998
3158045306
8102024781
6077082104
3109010813
119017085
7135049428
2030081575
3105058430
9181086207
8129020746
4042096812
6173068979
5009097765
5109042140
63094771
31072592
9113056167
8021090258
158035744
126005585
8108040755
1177051236
7120023987
3090073392
3063094510
125028122
8158024734
1176064164
7107083838
7059089947
8141015823
5026087818
8133096738
2116030055
190061258
4161072794
4102061930
4159032760
6168066532
6137051927
7123074484
5184035864
6086090039
163046023
3140086787
2072092515
9192026645
9065086496
1109041225
3058098023
7124092236
4018093497
6161055328
2028080619
8134065090
9038079075
3169046279
4192050551
1100014381
9123063527
9106091230
4159055881
2102015792
143088209
3097235
2069083695
9064084816
7110064398
2166064072
5089081597
7153014960
8177035605
7056091882
2166006241
9159008352
6170028616
9190063039
8045071457
9193005947
9029085531
2087087240
5110071799
6176029656
3184052434
157050458
6188022050
4052090025
1127002801
3116003895
8146081045
7186093418
8121071457
6137009799
9128017478
4121004997
1155021378
7085082436
1107017810
9186069190
6064096124
6140049766
8175042776
8102042333
2168006006
9095079886
8130045068
8113028820
2006093227
8181051242
13092328
6112059762
125027724
2161047752
5132039532
150043915
2161033391
3158082359
7155015953
6193003281
6123094412
9158064384
6052085761
8110085675
7124068821
1058081555
2193094227
4022097877
2116054610
4006095798
8106034144
1164018239
6176020733
5159015889
7038083643
5116067500
5009084340
1075091668
51098166
2154051532
9143043415
7156037195
6151087139
5007080614
170002398
9123072250
4126000455
5158013475
4125075850
2147064575
107077107
9179062977
1192010677
3114075469
3122036430
6101045009
2147046774
1165080860
7187084643
5163065082
1168076706
8172062692
8177054332
3119080990
9033091609
4177077506
160002739
143075350
6140025101
5173097422
1008092561
6186031439
6195021846
4142064505
8144006839
6105005583
8126020225
9181042188
3130007541
9064087016
2008086711
4097081457
4182019391
5108054653
113025937
2192006648
5113080727
9194068788
5165088230
9183062383
140021720
6143058827
5111009556
7152064621
6100058718
8171009396
2071071198
1055079659
5124007867
7059080733
7047089570
4130073367
9132047859
96092450
8150053890
3152078996
7121027987
1175047927
6121029735
2142015864
4180007970
3148079927
4140026615
8137067339
1171078066
6179079188
5168031370
5100058618
3124088308
3186064968
7164060658
2111057055
1174078365
5007082101
8094080480
1098072356
159002342
2040073755
1199066308
6154045071
9021092271
2183005400
7165022768
8184039289
9164080423
3131076790
5187076580
3176051119
3067085261
3158081911
1174078365
125073294
2176086607
6166026986
5149011538
1141019551
8166027700
2149085191
7182074153
9190067169
1111064824
4164028708
3120002487
3192074894
2196041518
60077061
7055089333
3185065970
3122031981
3189027421
2163042928
7134004550
4170037669
9115052618
5175086449
197048667
9191090519
4190013364
5147065985
1107030947
5022083612
8056088628
3180044410
192076563
6194046147
3036088176
4106083705
7145091615
1166098017
100042693
9080092337
4199044556
2132063153
3176046541
6109026069
4157041436
9197075176
6115075970
1032079359
3148009385
137014151
1147079083
186063712
5129019412
9172038895
1112045535
2027080241
8168005034
9161032277
6195071091
8186082494
68071191
5082087242
8023085743
5121049578
8132070299
2084082182
8023080825
5148033371
4014090986
6144073997
71089068
2016070194
3167034340
6135061968
3135005234
7187005862
5155021334
5032084056
1025088440
4196006881
3175022269
1140064273
5117048235
5103047932
6111032825
7100031205
9160036577
7137079157
6130089820
6074083281
6180042730
5155044666
8126029521
6100070182
1137093138
3158033190
8044092514
7120019241
6109087352
3107015853
1043082949
4029084721
2104062238
9187043891
5175066512
2057086789
1140037373
9003097956
7140016524
1136067313
3143037562
1116044104
4082095755
5170015591
5137049752
8175052749
4138053507
6142004367
2064083333
3106002500
1164066290
9140072582
5100011872
7122035435
5107009335
3027079765
4156056428
4114028479
1138099344
2077080791
2152001750
188048696
4132077509
8026084600
3069092094
6174077593
8045099039
9090089254
2000073596
2102075636
149076953
1103070263
6026099376
2121081013
8128041228
2068075874
2168020356
186063429
3069078371
2132053523
8163037561
2169034073
3050090925
7097077385
2053081293
86470
8136038226
4181015273
9045081445
3164086334
7169050503
8178078708
5180066292
6147026645
8153028004
2180064176
158067916
8140057036
9171051371
2188035434
6110095914
5139013366
138064777
3169034484
2119022597
7091080379
6102083107
5194045264
2127039799
6181080599
1055080081
4181071941
8173074720
2157072032
57090287
6092087881
7169027309
7170014361
7121061404
1191032242
8088088649
5107042042
4192033400
2173021034
4103078733
5015079666
3083095457
1027090268
8116057689
5152001113
113066380
2071096596
2167040735
7117019336
6107072693
1145014074
8162077745
3163024344
4187042906
5000098071
3181056505
146025219
6098075056
6104068989
8193004068
6175015038
178041093
4156014105
9141034072
93098959
8061086482
1053088169
8148073997
5127060084
6114021885
1101086016
7188085425
2118071190
9140019929
1176061349
8141077484
7194007068
5066093356
5160098805
7138086170
8198009911
9170067640
6008085422
1117013507
6029090816
9133092308
140039018
4131098826
6101058099
4169067341
4069094347
3076097531
3143080579
55095494
3105026216
195058045
2113049570
166001784
3101030152
8196053207
8074082716
7182050564
6125063355
2147034995
9192067510
9057083960
2165054142
4196078660
2160036793
5128084736
9191001746
1100001843
7177070591
4159018166
3171027946
2171062525
4058094277
5198048334
6129060322
1179041260
1113082418
3119007883
7002091140
9195058236
2049084727
8107052167
8159049210
5102081216
3012093648
8172081664
8107083740
9040083325
7162058795
6126097722
6134036860
1039096948
3115043306
4136045793
3051086390
5050081459
1003094433
8149020901
3119059196
4188031348
1102076799
6195087799
2131040937
7172083818
6174003020
3116075247
7108001271
6105013466
5099081368
3066095304
2157038264
2093081169
4144003179
5072076557
8016088461
1177001108
4146092245
8120038282
9105050202
2183032536
5161055724
6137094119
8184046202
1164087641
4126006749
132082009
1111077921
5056093997
9185060127
8129073742
1130018372
2175003027
8109001141
7051094934
30098380
4153007662
132051029
4190040592
3131083364
8173061884
1158045888
4101028190
8153032650
131021365
8129003816
3072075259
163083206
6189047464
1124072287
8161073936
172083835
115036411
8002076188
3090086778
1160008897
6135052321
3129042159
83073577
167078473
1150086801
5170007841
3132034920
2053090367
7127069879
8187014039
2046090875
1167082851
2185060501
7018087344
6126050418
9104002332
3187072955
3129049348
8169093820
4114012337
4164099007
3167070717
8054090970
5186060998
3119072260
4115067053
7195001016
2116007803
6101004918
9161062117
7066094427
7074087677
3103039656
8110032443
5074082256
117072028
7127061480
8005087353
2103023391
7028092182
5041093417
9168020819
8163088774
2104022681
9194073337
7108073770
5189077082
2192075022
21094403
192028906
3140066978
8005081019
9180071940
7105073448
9172084296
3122066209
8172043100
5153021837
9182005677
4114018436
3153077709
5023071662
159000430
191050849
3119096302
1196051498
149057129
5172079245
6152087730
8034094615
2142077599
2113094201
3188062312
9115007869
143050835
6147062048
131084482
5096073754
5161053677
2138083176
4088098801
3151079514
5181058828
1118074352
8118079502
6192068839
167014527
8116043832
1021080777
8101093449
5118025080
9146091121
8106013508
6181047999
8053090359
7106095816
1042094337
1014096725
8153082061
4063098766
151080803
4120031679
2190076921
8021097756
4153088876
2121070660
5060090540
1139037808
9196068981
5153002787
8192027203
103019538
6187077198
2136081378
6179031978
7154057504
8133079998
6126004677
3116083011
2021080630
1010080396
7186086765
8042091965
7048090424
3158006132
8033081147
2026079298
176018289
6198071432
7162036838
2113043453
9178075950
3010080794
2171094315
159019880
5127088869
5001096119
1084083809
188009917
5156084725
7156012259
4124026118
3099091473
6142064178
2131059819
2146039364
5108068677
4157037971
8198059906
5112012698
7191044689
8123032886
9104007201
8161042282
8125065197
9058086162
4080073384
7163003806
8090093073
2104046311
1137052250
3137077094
7136005563
3115078512
1097418
8145001429
4173089365
5081077999
194066069
8107026621
1175034070
4103044265
6117006508
5164044518
6192052590
7083079981
6163060407
6144048355
8189037043
2006087575
8142059666
7000095341
9188041268
2166031174
8147050970
4192071335
2172000248
9104080960
5156071567
1192092924
6026076597
151099835
2199067844
8108039240
3139038029
6165072319
2185077787
3125005865
178015486
8126054539
7147084942
7087081225
6185082707
5138066270
6180053257
2030085829
1194018100
7148011730
4009076996
2131007450
6043080482
1129013418
5172089304
5045092417
4015090879
8127015904
9195058227
6186096304
6190028339
114047815
41097016
171083102
9157034359
4093097539
109088615
1163007682
2100097902
5149096222
5115072911
8144012098
4160003023
5109066190
7140002396
8150047410
7135011338
4134037366
1082095027
4152063169
9159008365
7140051202
7109066587
7170044545
7061094216
1102080487
113084159
3155098902
9184090738
91099573
9120061351
7170053931
6197065900
2087078198
1179040673
9108056369
11071088
3184038803
7195043223
6143037735
9169058895
4073096707
8113020876
32072353
118032284
6083086834
9142074742
4189060399
9112056331
1129052432
6147084367
1154037752
3133004546
3027098700
9132089910
6197052650
2115003729
1142099913
8155003516
5173036620
2185013583
5130087977
1164055117
8140011897
9168040853
3136071458
9066098282
9023093935
1185025252
9130049249
163004709
1125030369
1149012151
9152062378
4073096049
9196042245
7189033533
39097049
5166063197
5128037726
101066628
6118060892
2040097901
4132019479
6196078530
8112014277
4129072291
8110026705
4181076246
8151005319
8106078176
4161008321
3118033064
5020083969
4116037849
4153019295
1189094017
6123086201
1127083570
2058090615
3171054123
8033092199
7145023004
3173024525
8144052282
7116052543
1191058306
1108083820
6106002850
3184062070
8167007489
141089474
8142013151
7126073911
6139081701
4052094466
4106039959
113080675
6158022335
7034082577
1125064538
6111061932
4192009843
1011099804
3184059010
7137005340
8146077448
161018516
5123050067
3132015795
5165047978
5179045589
58093301
6133043470
5170076764
5117050249
8175011706
7133034741
5117009049
4162063820
5113071325
157073833
4122093103
6083076293
8144026110
9196067341
5084092565
153023329
7195096727
5065086389
1184023755
4105014124
135002779
5119028619
2154033431
8104043572
8160081540
2124069040
4192098025
1011074752
5109070595
8135098021
3176065048
5109058472
1126080636
2177022464
9131049237
9169068348
9164021467
6178042257
3154029790
5158026076
8158036185
9123063049
4167082955
8135022960
5143096506
7017096159
4063083223
9100084024
2168046442
7190057303
1199014560
159070549
187002977
7081096815
3105080507
1149015990
3135083848
4177076772
8188032477
5147009756
2027091598
9143090847
7172032616
5164023648
9181061823
6113008957
1176090003
9119031881
2105089102
1167079481
6101085325
3113078795
9031081805
142060932
3160002194
6124064245
7165039669
4094070691
5136084668
182078927
1104052064
9198003005
138037989
1155081209
2148045347
1149044617
2186012417
8022090289
2108042226
1074081523
5044093676
9129006361
7152006099
6180059041
2186078340
1190019213
2024097538
168081472
6155002140
116070751
6106000181
1147084790
8101066070
1194086136
1183036339
3186012286
1112049924
6138055234
9142073569
4184089510
4135081882
8126086047
2119074894
1132063758
5065091310
6163042769
4192027237
173080512
1047096397
2137036925
5141030695
8152057595
6029097818
8025090968
8116026267
8160087659
8172038026
1148070208
2174010592
8168051581
9026095072
2186056801
9160087948
8070095310
1120066627
3139042511
1105072341
182074074
8070080421
7166061938
3129029411
6112024516
9148063021
3044091209
2058078885
1123071033
6143007704
5129060173
58083067
9125058959
6137064763
3040092313
180089127
5161064086
6165003643
2117074916
3192076853
8169075335
6098089953
7138026785
6102067986
2152019010
3187025737
6076096320
7152089689
2123087419
122018898
1143051206
193067844
6117019791
7171083975
9102057129
2114068906
9144023878
109029474
3182062233
9153012167
5104089675
5109064972
1024091593
9139012696
3119021947
3160021999
1051091503
3180058107
5118009125
1107059499
9159052560
8145025764
5126035235
2143005906
4139017081
6134001197
5156046325
8124011189
9081080950
2083087378
6112018194
6172054244
9125091711
2100074674
94096382
5121086720
7173053931
6145041109
2185062790
7178089179
8025096930
7112080925
8148051154
4146057884
182063256
168012163
3079091314
1083098852
3193024384
9112007691
6102045228
4020082111
2078086648
7166026394
4172050506
4130065249
7148044871
8172047724
3161018652
3127054096
7176049861
4079095599
7160019352
1009090786
3108022557
5131093947
6197052348
9089098783
1163028994
1137054982
7158087935
1191005495
9184087563
113040467
9104053190
1133083101
5117084320
3186080717
122065970
4185059654
4136064121
5139019106
8132040439
7025096122
1167033945
9178056459
4189024533
9161034666
7144017562
9096087542
9024079764
9151096802
64070468
5116070717
3116046275
3074081752
5191034568
1110046470
8024098683
5157077822
7150011261
2132005342
5143068208
2192066608
2196055186
6172098936
6183028060
9104065974
7021082449
6111019173
6115015162
5039097471
7167026683
4154092001
1184026177
4195058545
2116030953
143051177
79095199
7125045343
3199002993
2169027502
5104062492
6191009742
9130009712
8110013806
3074098927
3173028957
132088801
4154004218
3110064157
141062799
2140083085
151010142
8147087764
1131079650
4037096935
8177094515
9146002288
5095091295
31085510
4144013213
6189066359
5190085203
5164056835
4010088399
2143077497
5188031137
5024079869
8126065972
5197069855
9196003031
9071097492
161002053
5167084363
4126048926
8168046567
4135072747
4193067525
6119006213
52095350
6085820
3189066880
4153073378
2102057296
2131038323
6101069139
7164006770
2161099935
3169000661
1007089452
6191086916
5169031841
8142061480
2187090306
8167039319
5188088744
1165082375
4125014234
3083084367
9006086535
5194077620
1028081645
8131009657
9174045131
8149032244
141003062
7180082095
9139033067
4026074450
1133053657
7163076569
7108067760
5176039277
6184078137
7166067328
7162031515
1022091968
8073086618
3166012001
7004074165
4147050172
157093839
9145041548
8004088978
1162002141
1134027754
6137079950
149070972
2160049660
1021099360
3095083658
9118057176
2007070957
7013074196
1143044038
197047301
2141067960
3027081127
2120066005
6184012261
5155048199
6192099909
9027072483
5051084353
8149055040
4144059581
5156005812
7181015262
7161016036
2123086268
6153078613
8098088510
4183062038
8161037597
5148021414
7182022362
9150026581
4080086463
5148058070
5115076396
4077095020
9194037044
5197083191
1107034342
6195038120
1119048584
7185025729
2171037702
5097085846
9022090161
157026997
2102035693
4162013407
8000079257
2166005923
163056107
8051086512
12085577
1150073779
2182003220
3193085247
9049099226
3114025562
3114074376
4077088376
5122027503
8071097673
2190062673
4053081216
1110084279
8103030365
167040856
2119057570
9112076166
5035080228
8198007034
5106016567
8149080710
2117061645
5195018901
5185045172
7162081291
1107043694
1184045871
4040081164
9151096807
5100042555
6126052218
102038350
5161067556
1192083806
8141076665
3071084703
5020086725
8104041094
2185079236
7133017692
7133043813
1122005813
2169091939
8051083992
4110036710
173082494
7128079359
7094074487
6001087973
8049086299
7057092093
1129036083
1126022421
3064080209
135084248
1163026432
4188007167
9056073853
136050801
8108067143
5105062703
4162007280
8157087006
3133024028
172084976
9143047228
7128082061
115014631
6185029257
4011095872
7151046864
3113061044
3109047412
7178014260
3161096936
1163014868
4054081226
4176023511
5098691
3150035943
1098090863
5138069394
9043096241
4092085661
7168016594
9107028540
7183063129
7107039750
9089085992
4129039125
6099098725
6143054816
2133007126
6156051336
4174076180
5115009748
5179079872
2105006172
5169099208
5081085967
2120003351
4135086843
7160042799
7123015403
5189046768
2062094762
34071386
4139065557
4109064502
6169089111
1174014263
1121090514
1146084845
5199080639
6146054767
152086065
8135010396
161000403
2046077878
2189073251
6141024073
6100031053
8189049298
8197065721
1134002857
1090076348
4133047334
102091019
7048086436
6037078886
185048619
7160000175
4194053128
5136046823
8023081808
9141022225
7067091298
5048094015
1102007060
6157037558
4145057182
9115026166
1120012801
180000847
3140076952
3143070755
8114001741
3184085268
4176081622
6176026584
2051083898
4152090726
2169076495
165085177
7109013086
5005070474
6192048909
1078096175
103091312
3160076566
1148077206
1114042070
8125001526
1131006843
4173015353
9130090843
7191001844
3199030309
1105005137
1071096794
5089081861
3189082741
2115092128
6105025055
4197036521
3187063242
4027092183
134073148
8139060701
4100084773
6037088556
9026093690
145045663
2193022764
2161007976
4105057184
8150003692
6135038068
7105062452
3161055047
5125021895
2135074896
3141037869
7089095328
5102087071
4126054156
3054082199
5094081865
1149032059
3190065573
8045083436
8135045106
152056723
8135066752
9150056345
9175042579
8032094697
4173087973
9100004118
4163002820
171006381
5197097809
2146052831
3030082520
9198021726
2042079495
1117059306
9198065869
126062252
8126021296
1178075849
2123042802
7129070111
50090208
9066094809
1102061971
68094584
3114006191
6124015303
4187091327
6151020231
4179089860
6149034185
9094090134
133036557
4109060961
4102031127
2146090504
7104044930
2137028028
8173035281
9111055380
3133050933
9191033946
6022087998
2145090819
4079091965
7190042370
3074091404
2098094713
5092508
9117012575
1193071976
5156076286
3178060991
8087072787
6127086671
3141090438
2168053762
106055219
9135078194
4102028885
170041413
8102027196
6112026512
1175017420
3102032703
111098831
2009078381
6035096331
7089092918
105070573
7096087091
6179020713
1042094609
7158034519
3167025300
3140020510
8195027252
6037079060
8102006650
9032098229
4127021142
5085097051
1197003587
9050097163
6015096423
4113031505
1142074265
8105061689
5167051849
3131022879
5109040841
4011094175
1136082767
1105036682
3138058686
194024371
3165008581
9123063498
6198039122
111051123
3188090707
9190019179
3134056634
178070698
1109098032
2180052408
148068292
5192028083
8188087649
1106099716
2066086171
2117050893
4178057948
8181069106
6075080306
6053070571
7102000288
4110045310
4115012939
6169089467
2084075594
3092081133
6108021274
3098092454
5141048988
3126035194
6105047485
2166035799
6054088448
5188081227
8044096152
5157068669
8126077885
6004083822
88080846
6192046854
1024084389
6168010473
1196024176
4123033996
6141044962
2191008589
2180053285
6196038497
8174082708
5147037634
7188029536
7124067374
6162039350
8142014250
7175063911
7129025210
9125049211
3161019441
9156058506
8105001417
184029456
2124055410
1175054136
8198063756
4184034701
1185046121
8165009074
3152080673
6179084225
7100090447
3105030640
4095085306
178025170
6166051515
9115032937
1102002667
8139011742
8199075731
187001949
6166052564
1193069375
1071098994
6115033494
9112034801
2162055920
2122022001
8064087171
9176013160
3191079864
4134080718
4132086809
1137019711
5126046894
9124018253
8157098820
4172046154
7108053317
6136092714
6122017754
168040280
3180047028
4176039609
6197079901
2156028539
164002824
9150098119
147036088
8168080622
6109048784
3164025133
3113075209
7167051055
113075430
1145015443
183086634
198059017
4165052135
4148028866
42090137
8135064426
3125062734
2185018380
7038072193
4102069063
4117013402
9128023841
8170040531
9144077376
8163049106
146067989
3167094624
8170044789
8058084880
1140031393
4145014425
5179003965
7102080639
3098094918
145030043
7071085322
8189017594
7114009662
3144026027
6175094618
3155040411
139015934
2192003804
1193031332
4195003171
5128066823
3116015601
8103045247
168016053
8101060320
3101042380
8189085341
3160050746
7117046553
1091078263
2103007367
1187070794
1193032133
6129098848
8143024988
150093801
6040085933
7039080859
8098090303
52090379
197012516
4051086123
5014091238
4139082032
7153068763
5090073565
8138041828
160033297
9194073232
4128085374
171087871
6167046356
3028085550
1106068370
2177000875
6117081880
5015076181
1109063871
5032097857
1114036238
2124038786
3126086048
7126081699
2128074539
2106073380
3034095476
3156067005
3122084773
4062094233
9079095058
7127053360
187083331
5176057055
6053095065
8132036386
8177097634
3102033010
9138008512
8164098030
1197065703
3122021115
90087573
9051089324
8153090040
3138077391
6161084763
147090529
7140004624
7152005433
6029083782
9186076024
8134029919
8196078243
8128032549
5111003939
5061070874
7076090382
74080222
2039091024
8162057303
2160023225
4002082191
3044080575
3112089603
4100073690
1117074813
7000095266
3139046703
8101036201
6120001129
4106068069
4123007946
6109041543
3126039565
8120043879
3095084867
3119079729
149045762
8103006663
6191089203
2072095708
2176059030
4104003777
186006782
4134095708
9188019813
1151089741
3176038159
6100039816
6187014193
5190067593
3015076955
9076080727
3176070946
8141068574
87099562
8128015703
124001919
6153076004
6197094936
1155032429
6100016357
9148078181
5156072398
4108037540
8113011175
2188064549
3056076488
5158068740
36074095
173018902
1037083168
7039077556
2069093515
1149043675
3012083528
8032089487
5059088969
4172038584
3060070655
3142011435
2155064736
7197078080
4067071151
1029098922
9083263
8168050815
6177074215
8135064510
6097094242
4112033100
1182036805
1109070125
2198010363
2184086121
1127084478
3150043281
8046096007
8179081503
137076274
7119035530
3118001475
1102000561
2120072070
2066071452
9160025035
8094077073
4199001260
6120056401
7105051979
9153061761
5192041635
7178009386
8105065195
6169083989
9152078927
4144017592
9158076983
27078893
5146076278
5124069576
8156097518
7033094171
1135006568
7196087977
150044845
7140003089
6128088803
4158049991
7095093347
3083093459
7068087977
102051091
6122080712
7186073323
3050092228
5065085532
3137099538
1170089242
2165070331
3134088851
5008071462
58085227
144043765
3113017114
7161010511
2019073688
4117006638
7107040943
7134094018
8147065082
1135079782
9101088743
8196064684
9170068098
5118063706
2154013328
137016619
8141032170
3182077182
3120074866
110039083
7157068752
9119082509
2172000170
7119099905
2131063356
6083071962
5132007269
5149030120
84086242
9108061957
1027082369
7167060660
9067090061
6084082112
2156031445
6152007317
6162064792
2099080265
5126029692
4177022711
7191039696
160085931
8161038543
8162001522
3148057267
7179006740
4015087728
2197025550
3112027985
5091075588
1181009229
6131059110
4149088728
186066430
3132053138
1103063558
9195083510
4114061148
1188076746
2103075509
1136020124
1185046140
5066098095
8108042171
9083091503
111075089
4124073855
164033779
8184078821
8105084435
8192003451
4000080878
7163031691
155033434
3043094501
4149016382
3139064054
2000084105
4120025683
171077028
4192073164
2086094359
3194085724
4073099569
8176089514
121070384
8134020917
8169087377
3055095997
4014071791
4156015942
1123014401
1150086992
4127070593
3196076190
4182057462
138029190
4051081721
9198006886
7164024504
2006077564
2138056298
9095076943
100099349
4182036092
5162053500
7068083403
1102074761
3056089388
9058088850
1031087779
4181049807
198088272
9133037978
7166042876
6107020138
9124054838
9167011426
1149021825
2138039356
7055072294
7118076325
35082807
182091802
5114081179
4080091116
36082548
161027860
2138097111
4198023314
8159089099
5163063696
8128069743
3163017437
94078361
5198058507
1038080906
3115053320
1151028460
4103064964
4124049068
9165057249
5192013522
21077468
5179069354
8113073400
111060832
7094087785
2153021083
5101060693
2083087476
1087070376
1038081581
135038379
9088097415
192018981
9194044127
6179089766
1106005326
3098081947
7124038271
9168077545
111043721
1197066023
9123093823
2111058803
6188058135
6171099908
2003090360
2144048148
7041093786
5107028253
8193071422
5193008178
9114033794
7104046913
3161045964
9125060796
8024093165
2138070586
4146020184
7197043912
8159016910
1181072686
167064690
1101019369
6004084664
8128063526
2000082998
4022099482
9128080203
4035096588
6192079536
189050780
4128024956
5113047808
1094099756
7108001013
8139025016
9196048324
2055080348
6158060220
2083095935
5165039507
7190078123
145071012
7110025712
9143010299
9182000770
2169058653
4157037211
9129043598
6151065732
7126047962
6122086080
181059600
5165077157
160085241
3092082343
9138022443
4189058012
174040349
3177049805
3008098893
6030078976
7141076734
4025091525
8177038982
6199025303
2138072676
6002087991
9031089167
4181047389
1162030488
3115052620
89094697
6165038612
5136071609
199031219
4063078154
8079087909
7165082400
3105008900
7197057230
8189048099
1143075267
6125002188
5008086199
2117093204
7046088663
3079091371
2153071390
3148044464
8111075543
113003680
2101008125
1133042216
7121035030
5157036540
153033131
104043892
1094082700
9188060168
4138083467
3037091847
6181072141
4119045977
1157064850
7150074823
2112021762
9117027321
160047303
5143049658
7085094936
8186035606
2109035368
5122069290
2120033588
6172066378
9137077501
6191007526
7148038838
3150001847
9141083056
5136012859
7043085975
5017082566
5125022096
3104071441
32091702
6195017865
5183021529
2011088604
8164019073
4149042577
8186085878
4186039426
2001071473
1184054123
5198033811
8115019386
17086814
1107065794
2198072933
9177044843
6146077515
4198009341
7123057844
3179062001
3190076785
9141052450
9174085279
9194063829
7147045114
7156002297
126029284
4178014183
4101057533
130026240
4169088422
8141042026
3184090436
5104078434
8054089825
6182045613
2164036663
9170068611
6168051843
9137080794
8100082160
152017840
2166009055
3111079154
4152095906
9124040489
119015658
6023098721
5172046416
2012085036
9133012452
3172058420
8182063643
3112058389
141045738
3133068504
9145039303
1195072545
4194068133
8081081597
9018093583
5176073857
4184021045
4182019560
7166008545
9058085602
5126088774
7116073901
3133034699
8168088710
2187010916
9180025041
7140059852
2130011942
1120007074
3159014956
7177066517
8179075474
2134063149
1141083027
4163077841
6127058816
4017092547
2129059587
3086083692
3179073340
3086092481
8142041636
7124041412
9103045597
5158022324
5094089115
6136086348
3150098039
8116000851
67070984
6169068765
5107071604
8140074318
6006098497
5178089856
3195056485
5075092184
2160062671
4086092000
9185081531
122041718
5114080318
6119079601
3155047848
3129049065
1182042506
7185028830
2005099013
2150036584
2124030569
8183049542
5066096965
3127087950
1091085187
4135031744
7163062395
3147037779
2139062123
9191068027
4185062858
1074085403
8131049965
9172023541
121051108
9155074390
3140014817
5154071643
28081988
2101028911
3110039713
2159005895
105087034
8014078070
167022642
142077177
6108027859
8125079561
9138071070
2109099331
2141037575
7146059246
124065905
7173066232
198008771
4197050278
1161031094
3123087784
1198058295
2189087853
6093083457
5197013927
7138093942
2196046943
8196052840
9057071755
7140060863
142049902
9174014186
6046092531
5150002964
3183009901
5111094616
133033644
7134038025
5141022039
4132041077
5187081474
8071072185
7118061258
3174086776
8191027814
2089098070
135031121
9176019772
4094091278
1123051429
1083099730
5173088456
5145048166
6004089743
132008685
4195004612
4100073258
5035084665
7093084093
111070544
6001088366
2153039765
4100078639
6199083932
3024087308
8055095746
1121018650
3150006511
5120072286
6176046478
7145059147
8115085709
3037098829
1177007831
6191009479
8173050176
2114095843
1163015731
8031081222
3008096593
3023095032
7077084057
6022072356
4076076774
7114031917
5053098167
187040851
1063099606
1100078104
7049076190
118001573
5108086576
6171061681
3121020089
8131094629
3105044969
4173043971
9135078982
4130022801
9138072756
2183007676
6144042828
3194039789
7179088032
4128060563
44084276
3175072338
5175052228
5180030437
7006082349
7115027761
9154040787
5162003914
6197071928
9013081992
4178040998
5059076381
3165070406
1040083402
6156049060
3163012210
5143009777
9145093931
5153089528
2148086800
1159048519
3131008730
161056399
4171043616
9117083983
2173008585
3083073482
7114074345
7131010714
2145016397
190069393
2130060245
6192096824
8199085209
8185069135
155097234
9059075392
6142084609
4099090244
46083818
8181046549
8196069573
9104090911
4108089699
4196054963
2040070457
5140065197
7106076142
7070088795
3087073578
3192081230
30082456
7104077841
1136065475
1097080533
2178070124
4138026712
3128079680
194049263
6109032507
5185037714
2178063698
3160089676
4004088970
2051082503
4101071213
55084663
6192013482
2015071973
7077082582
5120005392
5186023124
5114006585
7016081323
2078088725
2145077886
8031089976
94078452
5120049548
6161030497
7191073160
2125047611
5181042292
4125080252
4174058631
3112076650
3152056600
6112056180
48090804
44095378
5155033943
4143000520
5111050397
9161086417
7113045374
9002092351
2079094991
9068087911
5021085688
6158050695
1157071923
4114019427
9008083919
9134082490
4185050413
6095095826
2146073681
6117049425
7145069271
177033081
9186065091
5053076976
2091095344
2139079663
3177041986
5128051789
3148083883
7148079356
9129048217
3009076798
56095503
63085557
3086088282
1118012790
120034819
8032094683
82095859
6013084986
1112007950
3165042253
103052956
6105046594
3114040091
147070733
2177068831
1195063722
8061088207
7128070259
2179075763
3136016510
151069921
2152087714
7062089602
47083296
6101053857
145021820
6150010842
1081095730
5188049967
6002089470
2111013327
8060071253
5151076655
7078075955
8137043660
8170004650
8119014656
15096309
88080467
1156059725
2129003127
6182036381
3045086649
3062083366
9149014814
6013084394
9099083818
4178081600
6128077568
1186071285
2187091112
9121016738
8046081234
9177086440
2028090271
6123080716
3120013438
7068084957
148075568
8197024545
1134069510
4176040846
6024091738
6054086285
1080089287
1123014140
9170005877
1188068793
1009081531
2184032751
2170054781
1091097028
1191066379
9112047471
178021943
8126007866
3181057510
8127073790
8117023538
3147060170
5070780
194061630
4156006290
7135060997
3011098679
5159092608
1156097532
3059089022
6107057065
3155000042
5199049782
9157046854
6145086847
3008086758
4112023701
2174066227
6144076018
6098072353
5140072279
3154046442
153023152
5153054603
198086779
3138046756
2105054181
159000696
8119029761
9054099562
2199020704
6167039323
2101049595
6150093939
6144089238
5174080828
1166057551
8005094949
6102025688
8197018986
3133075266
9057073492
134030130
3177034138
6048095939
8134061431
1143088957
2101031957
7164022096
1188080914
4063083919
4089090263
4157027814
113028066
106057403
4103092626
1110037827
4152055612
122086701
149065017
122004303
7164013097
8157087754
8136087376
2032093784
7186069587
4191077285
3026090193
7179023397
8134026930
2161042317
1182053466
9165071347
4187055046
8045074971
7011086404
1116060093
9013081963
3017083281
5176072957
2198045586
8104061241
2014095767
4164045756
5141021515
6037085216
6121081386
5183002913
3165060306
9131064179
14087151
6140010554
5104037535
8171048357
4160074807
2139083456
2034084140
1130017464
4102021477
4134027110
6192076606
4132002714
5194005917
2114029497
1127022302
4113097604
5083098463
6178086449
6174043237
3046097529
3142002129
9112078048
3143051249
7131066861
9169073741
115072599
9037079079
2000073458
8000070881
3141056067
5057099969
9135001504
1176054328
2119069665
1179008559
9122016808
95087924
7119056500
9194094025
8172078882
8107056592
4140061000
7186066536
7141076459
9136013897
7167047527
7131067431
8122003490
1190012872
5135063485
7104023011
8173077496
2125037290
7092072681
2129076318
3136046600
8168002606
7150081905
3148014321
8199065360
5109039551
1102075299
2135050038
1186008071
6085086185
2061092632
3114074905
43087852
4148053518
7189084786
5029087307
7189034618
2124096234
3109065249
8144016840
2159028751
7106088894
2147054367
68097120
2125014993
3101030370
7052097682
134001914
3022077071
6150068065
7146003894
1143063666
4189079111
7073092459
6182038595
154073302
7184086178
100040870
4134088602
5163030290
8159090924
4080095169
1105019469
8075082495
152074144
1131080885
4098077780
5145078939
4193019392
8088091992
5193049054
4066090645
6073077256
7178044863
3181080374
107060244
4132022628
36073985
1129097308
1173088602
1121028781
7188068740
9141033507
9126087535
4048092928
3190025990
8066096613
3120081111
3194058338
5158074034
6133045904
2160047599
6169002226
3115062429
5109024033
6040094021
3188069722
120058811
4131021953
2091095964
2156002888
5134024796
3183071671
5175000628
8123029774
8133023106
2109009400
3125012980
8183041827
4128028464
1004081411
5163069956
9154013875
8194063856
9133028669
6120078376
110022226
3179017468
6199040943
3132088998
3146011836
5060074463
1162013664
3104025644
4168014986
97098279
6022097879
1184057157
9133038790
2198075466
8194013960
2104005310
2105045289
119008634
46076656
7185006367
7112019971
8079098080
7024087690
7155046372
2022072487
3004094733
1194032133
8080093407
4148075614
2026097586
4192066839
7023086366
5153078859
9152091635
6159081523
135068330
5195007640
2105083403
8165044780
6169039883
7037091298
7118033133
104021061
3057099558
1187010857
5015081337
9057088240
50094691
9114085199
164012608
6152067585
7138075485
9043084485
1162081469
1118045355
6031073057
7170036115
6048080870
9130097414
7016094039
5057088644
7044091198
3119096236
2109048804
5174020529
9195012174
3141095223
5103082760
6181077606
186087385
53088394
3139095527
131085162
4172028511
8138056699
6108008471
6066099174
3156021980
7142075598
5158072491
2164048911
9155010036
7110027309
149083205
8104022167
9069085342
2094071792
5130000187
6129073232
1148095302
9174019659
129003615
8162069885
2161003872
4148096032
126061903
3123061917
3177013245
168005024
7114016175
1095096317
7196034086
155011723
3192089864
9065094043
6107012756
6169050846
6115085568
6107035666
3194043875
162062587
3141067025
5141087340
5102029464
4092072144
3120091640
1189066789
101086336
2182085368
2183064190
85076487
2050085455
5141074955
8153066885
5166071106
3117063992
3195012566
6125008754
9142057446
2100080441
6112057115
6121072801
3159075303
1158035423
3059092728
3158002774
4049083780
5173078056
7120086605
1020092434
4199078702
4133046685
9173030047
3145011682
6124028923
6196016553
8187059298
8101089962
7174053944
9035096693
5117017762
2112077387
8108010886
9194079124
6193032105
1147099305
2112021438
6187027545
9117002722
6137074743
190051489
4152028419
1137036564
8098090420
3135081578
5105089370
86086152
1134024282
6155046566
7146000987
134020786
6140036669
7020095658
9099091712
3151016941
5053095212
5198097506
102053978
1158029243
8137082073
150030527
9121027174
7190061744
2173070148
9180087272
8134074909
2113077214
7116000680
2069090084
7197083579
117064446
2198048721
185065803
9107005645
5109005618
5176018490
7138069849
4156052007
1166083839
6154033932
5112059915
7136084504
7144012751
3169023103
6138054476
8120003266
19079863
2141066262
8137087344
8013083725
3167089428
9095093635
9103089443
7196041529
2198059334
5153050189
27073984
2074090513
6146075680
6111097508
6155000201
1109013062
8071086115
170046404
9186025194
2141095144
6038082274
8145073290
2124039652
9030088799
4139041616
7133001547
9067089761
5158038145
137013851
4185073962
3179080166
4124050822
9161067303
2159007742
4192087064
2103018320
9103081843
3139032446
186030060
3034096630
9118020918
9098091073
8170047053
9148076671
7116005885
8185021592
178096231
6145026050
1177074181
7113030906
5139038258
8033090055
4079092009
162024382
4095082972
2069078275
5116096214
3114041256
8150066444
8170010727
7106072240
6086082448
5128026179
1110075436
7110001958
133050762
1153023798
1167039673
8171082222
8139009490
5122030132
134057365
8177025334
5163055885
3163043656
7186088792
9194005133
6141072202
6108078700
1122015190
9106033992
2134040949
3142028599
154086036
9104026955
2184028329
5117006474
4199036055
3116088141
1156092323
5162098001
6199084104
2128063831
2163018388
186082799
1191043674
5139071099
2090081299
9109048564
1184069972
7184025941
9082084998
2196085054
7119050112
4195091614
4079090260
7003080082
3177045567
3031088370
4197064855
8143031464
9153075443
7112035669
6137080217
131007952
7101019753
1126030196
2160060965
6182093520
3032084357
3004089573
4037095879
9121011247
2086081840
6173000604
8120061587
3157060818
1160076235
4101042796
79089206
2116077135
4141049191
7075075575
2132099632
8021075856
2184049292
1182029061
3116026243
7061084025
5144073988
4013080669
2077085062
143037746
4133074595
4180001793
111028450
2144076336
5184075498
6158080521
3114011235
6056085752
1192053821
7015098163
1175086243
9161024798
1115095014
7125072736
1173030811
5152023929
4148041572
7089088549
2169089094
3074097585
5191084026
40097207
8109062685
8187098307
4167068083
5136091407
77087725
1063099311
2147085030
1175074503
1198034620
4044098986
8036096425
99071074
9145044414
101063268
2188047010
6158049795
4191008790
4045091821
6139032651
181023680
2173026708
9189047567
1144044068
8126087788
165038173
2141087682
91805
9157001879
5185012029
7152088722
5017086740
1190037244
7172021031
5037088586
6195018544
9195092020
3196014588
5170026339
7113028134
8121097007
1161061478
1182087039
5089070255
5073075171
112089407
8108040558
9151092238
5195076771
6102097315
6052093386
2067099058
1170016988
4186036258
7149064529
5124016768
6139029486
7139030713
7093073744
1092070061
9139088902
1193029016
1150037906
114038796
7100073721
6026091838
3124048688
6171052606
4099080162
3125040011
7142086732
5118056278
5134047529
133016189
2113029396
7173063019
2155080297
5102059437
4146085658
5199026471
7122071234
6123036730
1164054395
6131070370
6140049400
1121026712
3135094014
190047367
113046363
2197018311
7162090827
178024467
181048176
2169029489
1130084081
9081079776
3071161
1161017977
4184050276
9059082362
7137016080
1139060388
8184087799
7014090290
6056083408
8121068756
7177035294
8120067649
7135018792
8024071452
171023485
3040095570
6101070603
2149069710
108015932
2003076089
7101097816
7015097281
187079498
6131068207
152009598
9102035944
139067232
180085452
6173035418
1072078673
9124048881
5109051750
5141042964
2143087462
7167039039
8124035043
9197026226
2141056630
7099088376
1178022158
1149047881
6053094613
7114009924
1143013451
4143033229
2111059362
7183010193
9114037584
4104066538
4119085587
162036463
6132028131
9161006829
4185029942
4199057015
1012086661
2160021010
6018083555
1163080566
3144091616
5104076802
1147034685
9116070592
2151014492
9122020882
9197072442
3187092927
7018082440
6006078379
5062090822
1125026590
2038080341
4126077972
7170022446
6184092813
4146072738
9019086409
2178059565
5013089958
7178023599
182042198
61087491
3179011507
9124018720
7091076372
7009097939
8119042165
7092085863
5157050802
3069078978
6195037308
5187084443
6174085914
1035085490
6193036291
3020096429
5107040729
9017081910
4119000758
4125058724
7173079824
2143086498
3038094564
7141049684
2175040858
3093085175
6100021460
156029879
7059084682
182063433
3042081425
6175036479
1146085105
7118094527
4108027323
4160042238
104050134
3141065807
1172074787
121072535
5144018501
4039080156
3100003453
8063099108
2155031648
8168078286
6127031040
9109047015
8167055564
5163087978
7081089638
8066083968
5130029413
9156086786
4114038956
1137049450
3128053258
152051455
2081097996
4128027963
2085090169
8076082558
2111045072
3132034532
9037074168
3099077645
1141081970
4164031316
2180087975
8165011519
7196065639
8181026776
9103014132
9135022874
2107016505
6070084361
2159048691
3076074881
5186032257
1169003035
9158067898
5140039106
6141086045
6143037020
4176079365
4105034307
8065092246
146023384
6166046722
2105004244
9185029292
1110022248
1161075114
3183049082
4198073346
1052074168
1165030775
8096085403
1151000098
3157059373
2112006151
8027088764
7170025022
5185085840
7156020358
3165053543
6130074215
100015396
1163000093
3163020531
3160004352
9094092004
142065844
8111086764
4064075667
1167008647
1145043255
3184090219
4184019174
1164081133
2145040863
7166073617
102040219
9140011966
135018024
1162090733
1138073824
7194067599
5045080428
5153073287
2165054485
5114019530
7172061992
2107096908
5055083045
2159021501
196062026
1032095900
6186081245
7119082935
9128044929
1028070290
1147062201
3096087355
7017086353
7192080226
1193038271
1167041877
8047082531
1005087529
2162058020
2147093134
3120067978
2082087194
6104038771
9193030871
3150091206
7063099746
7162012198
6069084828
5106005634
6158044296
4165069921
7006089068
1068073465
2051096670
5108054544
6178043818
181013004
7185041855
2148089910
1083078884
8167086844
5130033146
9038099593
7192037032
2179054501
1111059546
9139069202
6195075053
6009094579
7150063907
3149078132
4111064402
4199042614
6127075623
6107025627
1052099187
3169091925
8180027162
3137067418
104069698
2198049853
73083030
6145034462
8150048170
7075093626
7090093483
3164082444
4128045286
4123080544
9130087786
7184004966
181089246
6016077958
8185008139
182075687
9110066127
1122048449
1181070586
7059086245
6174021206
9109072097
9041082276
8113028509
5053085088
9151074287
2175023624
2085095061
9122030001
1116047132
9133097240
4105047791
1114060894
4168024067
2112023501
8024089954
2120041088
3131048375
6168008853
2137096704
9164078516
6136051515
8110034047
107087163
9130091419
5158090827
1053079698
5183036347
5195043990
8101006836
7155019465
4153077455
3057076760
8130005109
1093092537
7048076599
9069092081
7169007066
6163040133
8184006470
9149036771
6163074140
2183049667
6126084150
1163009457
2177001020
2033077969
3050095853
9131052634
7134003201
129025562
6169053545
147002979
20070796
3152087101
115021781
1112002956
4159023445
1117098935
6102069384
6109002385
7045096736
1179066472
4164051087
187075663
3112011566
1156022988
150092332
8193069849
4119078358
9169039679
2117011810
2103016163
196073913
5127088306
1123025827
6176039957
2117038275
2187082759
4107045805
6132025921
5197018798
7105054995
9199091403
9117044286
2157047811
9089097561
9163036584
9143021336
1143076615
6043073164
8179039370
4110044775
7071096538
145040564
9110054368
50075771
9103028257
9132068787
3153063667
6194002996
149083578
2160006811
8172063871
8078083810
9128034761
9026087670
7149095108
2121000093
1178093817
9033099651
7083085727
9177032658
8103006648
8072080145
5136060074
1160083217
196063554
4131072947
1032073659
4187008532
3049089469
1171003112
142063713
124015471
4176030140
9174019895
5120086087
9120052588
9197033102
8124060668
5192059860
9126066183
5185087484
1097096510
1189066513
5197051677
3178038829
5113022231
169002909
8177033163
2080091241
8187028842
3151081852
3171028210
3104075880
1125000152
5052075455
4143027088
2131020519
3150006760
8160054171
7105001786
5150068385
2002080899
7117094619
6076084042
5111043508
3180089052
6171034052
6020096503
7059072474
8169043240
1045089182
6182029358
2127007718
6114092525
4183065472
3142057187
9147087570
6037088291
4156054106
2090095542
7141017462
6092088916
8173017667
1137030320
193003501
8101077383
2126009471
4114046538
7109023111
2153044978
113066988
7013089620
4158067508
7120028240
2124044530
5189025239
8198062638
106031243
1138021458
9199058613
3186021122
129082318
4175025663
2019098776
89084901
15077873
171083719
9167024969
1146068151
7152041667
160064501
6046094636
6045082208
6168042553
1182038215
3162063279
2128081345
135099232
6099086024
2102071800
2187060698
1060086564
7107089207
6103045256
4152033219
8101033711
7170026473
2152019999
8174042869
3004082072
7138021918
7160021610
6155021841
3084090233
5123077763
6084089359
168057349
2091089629
2110041730
7113091033
1165080024
1149097739
6161060069
7084099352
57086798
9146066976
5115083336
9056077750
1182012532
5183025363
5017091813
59089726
5169022805
4191055884
2155099838
6170073030
6195084649
9136045281
3170018956
9170024053
5126061878
1122088016
165019250
9138074150
7107064550
8104039021
4166085937
113039647
9025093449
3070092450
5108020053
5080091760
6126074052
167063645
8141012311
7135089113
2173069905
9106077248
2008073491
4120055980
9113007691
5101042087
9183051912
2190074616
6073093411
5137048390
134067056
1185015024
1199015689
6115018120
9013098550
9195076992
103040227
1139026354
6110027921
8159018325
2089094307
3136081062
8171067334
123073269
2180079599
5154037748
4055092308
9120073818
3115005228
1178067046
6195000002
4185055919
3037086559
4188032769
3127082695
9095084150
7182063078
1128052145
9142059671
4192085928
120010724
2148027351
4113037065
5191047482
4115006828
8080093756
1163074543
9186074169
119082413
2175058395
2105043419
1149026575
5037093092
7040072190
9068086636
6138064144
4049083835
3149078153
2191037559
1065097174
4144066154
3130054026
1158037875
3108084443
166086773
1181072955
4166073278
7189071308
3165015772
61097788
5083096693
6141074139
8068094954
2195058365
4063084231
5086078252
1140000713
3179067878
108015099
3165029984
9188066443
4043084538
3149073764
6183000243
4172006163
2192039033
8160053950
8040086229
2146097803
5102030602
4153058264
5052084255
2155015965
4185078893
4115035375
4146056676
2189017052
1190062621
4150022112
7082073797
5106058904
8147068790
4067089691
1128055826
2102055350
6181008295
5104033594
183073553
7102065999
9163003581
188068688
2111009646
5033090947
3109052918
2074097529
1036098986
3196082934
6157079448
95075859
134019079
5106074897
7137081952
8194040881
6159085530
3189037372
7106046991
1122026757
1159009409
8104011415
4142097819
97099678
2069080036
7147069470
9110081159
8162015859
7151066782
8055086463
1110097126
1193042888
8194081110
2162039235
8170082646
8191011254
8079091683
9027099714
6059086629
6141056249
2148062541
6119052126
9126046252
5005091092
6090080072
3181035979
1124049276
4177016469
7180009823
104026458
97096708
9193059907
2160032985
5082092358
1169057358
2017098164
7163029989
1162059556
3117062430
8147069920
5085099104
1150015145
5131038686
6077073577
1140059430
9118088056
9131059373
7109054435
1137039879
97099097
184041567
4028083192
6156021154
3198087773
3101013328
4175095437
1193028571
6176073378
4094099099
2196003662
4020081021
2138026924
3100062488
3144025768
1181078949
4191034048
5076081144
1119064243
8175064106
109046994
7104045455
2196000517
1174083513
4103008495
2107012256
115006258
3113077435
3185016162
8096071061
8134080838
3199010986
3161012816
120014769
3111052712
8165068825
4044080219
2095099545
190086451
7171049538
8150061146
7124065470
9131009222
9140084202
9134064533
6127018551
128059751
3154071652
1118048340
6153011366
7078090575
6076085511
8051091858
169076301
4153030168
7120070773
1194083257
6060081729
7136039934
182030734
3177026710
6196026309
11091330
8112082491
82081286
7188008079
1147007167
4014094558
3163079688
5037093655
2178071736
3178044639
4069096655
176073229
5083071452
6118031096
4049080103
1119076047
6156094627
5113031569
2183065990
5199053303
4132068441
1126078467
132028024
1152083536
7077098625
1076077888
7176015514
2175003045
7123017811
7132003253
1040087278
8070080761
7049087067
2172033527
1139047129
155051811
11083210
1132090244
1018079895
6001092581
7079089953
6129054232
100029436
4079080474
43091810
8163034668
5147044099
5015099863
4067099287
6144017128
1134098545
7035089272
8103060347
7053099280
6043084062
5172073451
5013085856
6103089050
4181039177
3098095710
8127097313
186021706
6092091573
9108053084
9177014452
4194055152
1044096322
4147044109
8113093019
3116045444
4143016525
2113093341
4188048194
6107041706
9162061702
3102061991
7137094448
8161071011
5119017032
1109019075
6040093517
2198027665
1148053378
9033072351
4113039928
3108052659
6165099631
4176003196
7161074306
175084861
9120051909
8191057955
1113078877
8182037871
8065080447
9062095789
1100087785
9197034130
4138067210
2124067360
5106039339
3118085200
2054091294
1124032960
4140030070
134074213
6118085672
8177011602
2114052534
8108026491
6080082953
8193080717
9005088040
8148043845
1179023937
111006529
6189077850
6087778
189067416
3174019232
9085099635
8177001394
150015647
146023273
5069093244
7093088594
7119033500
137056632
4181096220
3153074377
5153024166
4105077586
7100050779
8081092816
4189068529
6096092848
7086096749
7019084498
6101044638
9126017203
7114085180
8171082101
3137026090
8144078499
190015083
7138073766
3182069973
3152070387
3156056037
7102061081
6193066749
8167086481
169074989
8074089560
6107095743
4034096886
179036036
6026088527
1108046246
8174063678
92075666
2138046113
1166003501
3136041834
9062079151
6108050257
9105046045
8144072734
3146060861
180072690
132016867
1177048379
1037099540
5199064872
6148072023
5173073850
7123034529
1091819
9168007247
8152002359
6188075675
60082877
3167008421
5053099397
9196060021
3165016234
2191074789
4125050127
4132042322
9189001375
6101079229
7144010030
5072098510
9123017871
5040099317
3025072785
3003092141
32091482
197075705
2150015786
6125010012
9136034307
9114087638
3188019907
2143021296
1150064452
2146027166
8122013641
6021088742
9159076771
2176078341
6183052933
2109083349
8140050573
3134076964
7184080704
3166029061
1106076765
2108040251
5197045969
2133010865
2140043420
7056071875
2117044762
1134091107
5113072725
2150042960
7169003368
2144087506
5028099754
7182084869
4186066699
5153076783
7106077083
8157074619
3135007107
7183072367
4116072296
1130075223
3048091402
4060082907
1179008255
2018094082
7177007047
193076952
3138055132
152000607
1117099928
106009453
1166077982
2107014743
2087076359
8064096627
9120003530
3119071480
139007888
7163035505
1189003130
7187042147
7191046009
3071070590
9147067417
7134051287
1112007082
8152037707
4142058347
8128011046
9013086243
120017255
3097071378
4152081689
5107001306
8180062227
3051089626
4198056513
7076095441
7192081218
4195073727
140004944
2141032622
5163074746
5107072411
8102068167
3115057112
2116014713
7133048722
1189094215
1020098866
8192060954
8062090027
8149013101
3137063797
3134039772
2138046521
1193056213
9140015637
1124031886
4149031167
3142062822
6159082249
5184050723
2081075070
6043087412
141089178
1138009396
172017808
7167036428
4180014423
7103064482
8017078753
2158059216
143039635
3085082898
6158061899
5122091313
9117022527
1193066980
1159029682
1189052912
8196065403
9155024171
1154009196
8078081365
9104067327
9084095488
4152055967
6135085147
2131079603
2138018699
3174060724
3150039763
8044073686
6046089871
4181034016
2109072025
7118000787
1165006555
3182076362
6035087361
113015031
8047092207
131088243
2147035139
3133088502
5144083225
5141087971
7155001742
9106074984
7194084561
3089087718
179087557
6107010928
1102064277
7188059903
5121082856
8170021338
8186041168
3111064294
3163035793
122043980
2024095911
6170041647
7086096461
8130033804
4135090236
7035074084
6142011697
6195026652
4152042928
1186081611
4199086831
1171015841
2002086230
3192091501
7160073062
6123075063
3169088266
103081724
3145040906
37099314
4184082939
6008071482
9110097823
4198031775
1068094114
2057093451
4101042598
4150063985
2028076890
1167083831
8131083025
124077365
5174042903
2134034809
1102020686
9138005546
5199025700
4039098133
7151035780
5063096821
8176046209
6139073456
4193044765
8123016738
3163087283
9181086948
3115087869
4156033629
6191024864
4183006993
1156022829
5116076677
6121075872
8155071185
3116051423
6170070893
6109056330
7024073159
8178098232
61086750
7145046961
1136038959
5180068526
8091074485
7034077250
8133066588
5076098335
9141041185
4070081936
2138070709
1187087791
3100065194
5129098703
5197014973
4022094383
9113016885
1174079367
7131033548
3142062453
3104079380
9146068250
117064794
3168005722
6120068821
6060075980
181013171
8110088015
4156077018
9038083692
6188087351
3038080729
3022072568
3163086216
6103037474
8176036583
8186086857
7196093228
121089671
2087097581
5140071147
8023074164
7149067511
7173027830
9152060490
1010085290
2032080802
173065819
151074144
5185020904
4118070335
2118035180
8110056626
5116010044
4182067144
4107086358
2131067751
2175012265
8119029442
3188068104
8186089694
7183089799
6197049684
64072089
8105095813
2106089718
1069084160
2106034515
