3124030501
3125044535
3127040801
3114036464
3169010809
3168085731
3127084706
3128065768
2142034888
3115037950
4038098472
3129048688
3126065989
3110002288
3127064063
3057095767
2141079010
2143010889
3110025348
3170049067
3101099546
3103079455
3125088432
3110015030
3110093709
2143038109
2144078875
3115069279
3106031534
3110046582
3127082008
3111011428
2144036549
3116079217
2146013079
3117061266
2127040546
3064083258
3106019275
2125001336
3111023495
4014077486
2142004793
3169054417
2125067472
3105010542
2125075603
3106032657
3104030864
3105076754
3106058477
3066092809
2126070681
2127026202
2143067186
2145043181
3066083583
2146044173
3115022093
2153051516
3079072251
2153068291
2154044169
3129049332
3104075267
3105082765
4042099887
3061094068
2126043488
2145068633
3107037003
3128022928
3120065077
2128038746
3083074875
2148065168
2149046823
4124063605
9101067001
3099078582
3072077969
3129098141
2127055747
2128055168
3078086498
3084080469
3119036573
2128051061
2145069400
2147047289
3132020236
3133004173
2130016129
3096099254
3134064727
3132082781
2140074114
3143091537
2140085994
3018095418
3133058592
3022093751
3025085428
3143007975
3133078229
3020091233
3145072125
4120045055
3142026237
4124060830
3092089522
3122040535
3082075280
3082097851
3068097959
3120004115
2148038860
3071095832
3108005406
3088086369
3080089300
2151036819
3121091248
2148009683
3086087692
3089099812
2150009814
2151048718
2151067443
3123021525
3123039377
3123049988
2150002936
3123030208
3124042066
3125008826
3123086422
3126019479
3126068146
3127027225
3095081460
3074084288
2129099339
2130007634
2124073234
3126037104
3127068425
3100041616
3100065735
3100082740
3101035899
3125073176
3127081996
2130064413
2132028470
3099088895
3102066670
3103026819
3104025295
3104043777
3144030403
3144061724
3135019422
3101033422
3102098938
2152049300
3100051352
3103030805
2153053910
2154035817
4116054309
2130048126
2100034646
2100081398
3110006464
3108092705
3105074654
2154037692
2153063402
3105013760
3075099245
3109096536
2092083596
2132052143
2093080273
3065079266
3066095478
3028093667
3030078697
4024097456
3194050173
2096089664
2098080049
3070090300
2128093041
3109070489
3076080363
2096074078
3125034045
3125099934
2101060566
2102035819
3078070872
3135076130
3126071288
3111056100
3112018830
3075090965
2102055139
3071074552
3126017628
2132049746
2096084527
2132076637
3135018300
2132088345
2103064035
2103084514
2104081315
3038088913
3146010511
3069098438
3074085427
3109082552
3126068714
2133041959
3126004550
2104043283
2105063062
4026084353
3034078981
3075078696
2101065601
3075080338
2106044583
3079097487
3025091015
3043095282
3006091747
3043094181
3194068678
2079093550
3040081447
2105081178
3077072961
3038085494
3037081405
2106063177
3025088537
3027073693
2107016816
3035092544
3135098809
3194014196
3078088629
3040089772
3031088871
3030095638
2074091883
2076075086
3034085993
3034092414
2107089296
3031096987
3037090565
3196025746
8138084372
4131095832
3195052744
3143091804
4017088133
3127068923
3029073972
3148027467
2088083800
2134009039
3197070903
3128021695
3127043523
3005093001
3145046684
3006083768
2080070989
2135012979
2081099887
2085081544
3081099670
2086085253
3136015706
3038093886
3085096427
3082096019
3086098553
3112081140
3082099285
3084080657
2090073290
3112019167
3147052657
3037092322
3135031012
9104075489
4121052799
3012088783
2113041121
2085092869
2039085932
3197040950
3037099244
3135064656
2079091592
3128082299
3197023153
3135015536
3012096714
3148075473
3148015613
3136022120
2135014891
3195013573
2107056732
2089070492
2196077648
3137031433
3040091838
2108069573
2109041308
3197023938
2109064798
2110053040
2090074042
3137071431
3037075562
3151055735
3137057159
3148083415
3007084490
2109055112
2108078576
3042096835
2110027442
2112034231
3044083496
3150002487
2198083504
2136068162
3089071674
3130039627
3094081182
3131027021
2136075026
3092090267
2138013436
3131075013
2138067754
3128086075
3152045430
2109096731
2134080312
3129057654
3088097126
3129043742
3130059902
4104047664
4119089983
2140039697
4121012227
3131042662
2139036795
2136003998
4117033604
3094081747
3131080764
2140056763
9104076319
4125000723
3008072474
4125024640
4125064328
3133056902
2138011159
4121092422
2196054201
4122085979
4125098127
4122060380
4123002432
3152039517
4126025642
4123063956
3136083014
2198057604
3148085711
4124054068
3027073868
3151038084
2199087958
3154030893
2199000401
3152060862
3138028513
3009095570
3152044466
3153066325
3137045770
3154025948
3012085609
2198047346
2196083730
2197068580
2199059153
2047084552
2050088074
2112012603
3011071272
2198021582
2109035325
2198016810
2052092822
3000085150
2199044522
3001083551
3010090881
3009085548
2016085881
2109048522
4125005847
3017095128
2019083232
2178031153
2179025030
2050088456
2112095039
3007088989
2111053163
3004071773
2050091766
3154063966
3005087506
2177001076
2197076707
2112070611
3198049285
3016085646
3013081299
4180025424
2039086661
3015091816
3017080359
3154059906
2048084880
3004095205
3016080770
3006092733
3014084638
2016091006
2115030645
2117019825
2019072071
3009086436
3018074778
3012083361
3005092972
2116088113
2191066110
2193021943
3023094891
3024073399
3155043950
3015086460
2115019471
3156025150
3007072157
3021081898
3156088700
2113025099
2117094412
2091070764
2022077474
2113067603
2178099504
3199006153
3011098534
2177066052
3157062104
2095071964
3015072089
3157032145
3022084062
4180061370
3023093683
4179054242
2192077280
2118006409
3030091410
3019093734
4180067781
2024099799
3179073992
2026072668
3024071182
2192038125
3022076071
3021085399
3157062946
2178007192
4000078294
3199073637
3063092245
4003073765
2177022215
2179095522
4183056242
2180052049
4008083683
2196017020
3024095622
4004092571
2118096136
3025091472
2193028469
2119049893
4173063445
3199092533
4120092935
4120097103
2011086724
3182074771
4184046907
4184065430
2177023216
2013094085
3183022974
4173028569
2120043466
4185046908
4186002786
2192007886
2160076922
2161018415
2179030106
2179076944
2193029834
2162020759
4186019053
3183032601
4174033437
3179053482
3181043515
4004098197
4185058459
2032076869
2193081066
2161056521
2182030137
3180067945
4187043275
2118084566
2179067268
4183031027
2178022967
3183014007
2183066002
4176016133
2181047608
3181067499
2120021211
2182041569
2193086336
3182060900
4174050266
4175056655
2029079377
4175073014
1183086413
3178096634
2194021062
3185074254
2121019806
3185019008
4175057491
1184087530
2121043424
2182079621
2122054863
4181000808
4182005131
1184079313
2184046144
3184021250
4176023171
4181089577
2195031927
4176072967
4176073353
2162079812
2163075975
2195081025
2183086585
2184005788
2162087567
1185086263
2122031883
2123026445
2184015105
2185029006
2123083233
3181028608
4179046589
4187057113
2189015653
2162047751
2180074340
2122087050
3186072939
3187069866
1198079235
2195036980
4187036613
2182099019
1186054958
2196073491
2164024967
1198085038
2186074932
2192023125
3179030072
2168044116
3187089589
3187075267
1195050185
1195052659
4187019113
2184038703
2188096403
2163089098
2164003731
1198061304
2164029858
1194085880
2193025686
2185079991
1184065784
1199027415
1199073626
3185076322
2042098984
2163054209
3190004874
1192051647
1192062241
2172088540
2187032468
3190029934
3187019830
2001077673
4183027788
4181089583
4182040487
4122055214
3191090829
2174036421
1193096923
1193046400
2175073061
1197070756
1197031294
2167078961
1188017347
2194089930
2176016140
2146045592
2194016667
2169070200
1176034070
2199043478
1178007092
1151042762
2166011453
2163092316
4186043909
2164007384
2189081266
2166034207
2190029882
2167005210
4124067921
2189047600
1187006977
3182003534
1197059404
1194090432
3191062192
1193076468
9105085491
9106082023
1180026333
2155071685
2157033165
2198028508
2194054772
1188027152
3188010852
2153026981
3000077867
3003086264
2154074574
3165076121
1195097802
1197010289
1178050943
2176061128
3193054707
2194053126
3193076821
2147016899
1170025263
2148008334
2195083062
1195058783
3193017337
2146062472
2147068114
3193072018
3160086077
2146092915
1190015037
2169034409
3188033899
2186094710
1170009034
2148063372
2146075103
2195040603
2148002365
1173085298
3162056614
2005087092
2008085233
1170010268
2150053771
2150030511
2147019518
1170014341
1171061739
2150044798
2191004719
2169069967
2188034612
2168019893
1170084182
1171065584
2187098000
2196039438
2170032537
2189016568
2190041077
2008094369
2189020413
2008094865
2170066633
1190069562
2148086250
2150006198
3164047961
3164051392
1171099416
2197049501
1173063071
2004073798
3162046117
2151049526
1174004859
1174047588
2197088078
1175027486
3188073279
2197066568
1170066875
1176075408
1177066187
2189031069
3189047025
1190057124
3161020597
2191023204
3182041442
2170026410
1174007711
1174086783
2152062915
2153022502
1175099626
2152073244
4181041818
1191024566
2151079856
2189008504
1177062067
2189064253
2151065194
1177080534
2190066739
1178076651
2140011157
1149032420
1151021934
1152019840
1175079579
2199029720
2139083934
1153004678
1192043971
2137050787
2138079810
2171010861
2178067888
1149079958
2171074769
1150069157
1177074464
2172002223
2139077144
1152068063
3162066079
1153055023
1150007924
2171035897
2155038278
3163038247
2172092000
1151094508
3162020561
3165045216
3164062925
2157006771
1181076110
3166010304
2158002722
2199055507
1180025147
2156071255
2179050889
2157035168
2158033650
1179049810
1111036304
2121016239
2123013106
1114068740
2123079973
1110097448
1111075117
1113075743
2121084226
1111063159
2119095822
2121005530
1113094346
2122038830
1114074661
2124020531
2182020127
2124042471
2124065149
1115046332
2127033637
1116051170
2183015844
1121001291
2145008448
3190085736
1153071944
1118066707
1118087275
1121036972
1122033385
2128031804
2182046853
1125048007
2128056843
3190073420
2121057478
3147043064
2182036993
2122070341
2123071365
1116020305
1118013699
2125063803
1118052897
1118041631
1154027825
2142004713
1154056094
2173020836
2127005607
1119088414
1120077494
1120084224
2128066220
1117026064
2125078996
1119005843
1120031461
2183031576
1118069659
1120017988
1150047630
2113027692
2102085973
1094080849
2098090104
2125030077
1123012283
1091087132
2102076414
2100033982
1129020826
1130033936
2113034363
1106026350
2142065327
2143058838
1155043149
2143020533
1154050335
2144023131
2144014129
1124085128
1121004794
1124052022
1151088943
2145023646
2192038472
1153050839
1191043141
2182069909
2145032569
1122083810
2101021067
2101054784
2108068533
1102058427
1104000129
2109030835
1124058498
1121089753
2104016913
2143086282
1126033284
2109041297
1104052561
2113085246
1125088047
2107033164
2107042306
3146080889
1123073151
2102035359
2113067348
3174031965
2111026948
2184013705
3174071676
3175007885
1125039449
1105026742
3148008431
1102069585
2108091505
2109026139
2114011943
2110069260
1095082107
3173083632
2183069008
1098077155
2185061135
3148076092
1098099790
2144001778
2111082901
1124082184
3150072005
2113079645
1092072375
1095097933
1093086511
3150044300
2112061532
1127053860
1128066648
3176027550
2080072961
1129068135
1099082576
2108040152
2177071274
1101076162
3178066206
1059073874
2169046130
1061082526
2105043125
1106063480
1131026523
3177039600
2106039960
1100041837
2111087862
3150044184
2106003222
2101076424
2106027425
1100008914
3148047109
2107014558
1131084421
2104087988
2081091584
2085083885
2184021876
1130041209
3147039769
1131081011
1132088284
3177082552
3146002804
1105065540
2178047539
1133027361
2105075642
3148042836
1129052792
3064084175
2085087512
2107075123
2112051848
2108026820
1102060226
2088092802
3176027644
2082073959
2112000670
2180044219
2109067041
3152016976
2109099033
2115090017
1107000707
2167039821
2168003289
1133075942
2112080374
2046087607
1108040378
2050083900
2168020728
1055098898
2048070853
2167078650
1130062266
2186032185
2168055793
2167086981
1060090795
3061084031
1107071535
2159096631
2129030366
1139001793
2185078693
3177049823
2169031277
2054083582
2044070061
1087083133
2167070043
2170026794
1055094120
2170013534
2056089933
2172061669
2056084610
2059099458
2057081465
2061097591
2169024665
2169081018
1107064170
1183014964
2068079179
2069076884
2069087015
2171041321
1061076055
2070083265
1062094023
2090082875
2115038992
1128087911
3167004978
1181092410
1181085103
2158085635
2159022053
2157082860
2159072590
1183057151
1131038553
1064081336
1066090004
1069094962
2074071851
1066091402
2054093971
2172001303
2170046198
1109002638
1136062561
1073095216
3175024111
2170066327
2161036664
2162006318
3055095791
2162086651
1030098808
1034088480
2188002274
2065089151
2057080675
1135051277
2094092516
2171092414
2093096629
1108088166
1135062657
2186082416
2117008330
1134051891
2172014180
1134050918
1072080028
2074087582
2117030880
2072098140
3174019290
2117072557
1137001783
1136081680
1137077130
1109051338
1109004276
2188056843
2160071194
1110010271
1110051898
2054096778
2075090481
2172067817
3175017122
1075080710
1109020249
2071093250
2119054251
3175084346
2064072498
2059092148
2160063966
1136061656
2058091485
1109031444
2061087058
2061070470
2064096155
2118042284
1074081608
3146022416
1076095336
2172068921
2065076181
2069098834
2118022886
2119096207
2068096877
2118087235
2161042770
2096088007
2161071270
1021071886
2162044370
3048095551
2069081687
2180017015
1076097259
1021080291
2119042994
1026088964
2164021349
2163052491
3059092954
2155016231
1193002279
2164001432
1010096953
2155082751
1002091150
1011088044
3061076365
2181005463
2172037323
3146027830
1076095505
1022082399
1078092871
1114040119
1079095739
2144084640
1137085728
2163035614
2066093634
3176034791
3053093444
1018073451
3178062682
1021073863
3175066693
2145058599
3057082114
2164067289
3058096584
2144099027
2154079067
2165044527
2145068565
2173001597
1086092153
3186082739
3177089057
2166002778
1195072912
1037096608
2155050270
1191047664
3187053935
3188043787
1194075139
1196024478
1193084071
1195009461
1196085178
1195040995
3055099350
2146088454
2147001955
3176063851
3179041247
1034089633
2148003746
2146050134
3151039573
3176048569
2166043822
1196041281
1197054632
1198079204
1199062329
1197029770
1199013995
3180052706
2147083735
2000090599
2154061194
1000081937
1006090658
1009084339
3152059584
1002081063
1004093022
2163000755
2166046507
3182036066
3183032873
3182040842
1044083103
3183052211
2002084546
2156028196
1174011367
1174045592
2166058759
1012075868
1014081630
3180030666
1012081769
3188089151
3188081540
7101077949
2146070374
3191005358
2044098429
1199042826
1040096127
2003091057
2002089626
3190002164
3190032365
7101038884
2156086163
2004081798
3153086589
3181015296
3154059010
3190069617
1187030787
1197096631
1198074957
2158069541
1189010981
7101089154
2148060729
2004098773
1175055425
1009091818
3181062500
2132004999
1188027407
7096095880
7100001090
7100036321
3193061910
3191094919
1188078145
1189070906
7103045329
1174034173
3194055641
1175009776
3194050869
3192067252
1186011473
3183027453
2131079744
1041099957
1189010401
1190062355
3193077202
1175057351
1176057847
3183054891
3152088448
3154036322
2148090218
1190064749
3196059651
3156014034
3183081363
3183086966
3154059987
3194098814
3185006265
1186085481
3196049523
2130090700
1046081338
1177031625
1039080974
2132068180
3196014919
1160061434
3002095484
2132033540
7103086477
1176064142
3155035614
7104076123
1178067816
3182027299
3196051278
2149023231
7105007763
3192043973
1189092730
2156080862
1158051302
3156048824
3164002314
2157044422
1159072209
3184081482
2149060948
1158071958
3154073931
1050090848
7105069890
2149030528
3157030169
7104070517
2159015484
1180022718
3186064453
1180038284
2150061051
2151065232
1160036948
1139023437
3165020673
3158024492
2159078024
1182047959
1183067114
2158067208
2157062407
1161049571
1178035614
7106033445
3167083259
3171010420
3199066603
1049071250
3168004787
3170025432
1161040070
3158083752
1182075636
2129044070
1139010664
3166087096
3166048534
1138089931
3185085125
2149076817
1184077752
1141090217
2130034555
7107036275
3159009464
2150065301
1051090173
3186041147
3187025412
1178037728
3185003984
2152060871
3198061863
7106023312
1184004637
2160015657
1181069261
3198001498
1180098220
7107079126
1143035836
2152051421
7108056102
3186014832
2189048918
1145077247
2184074195
1192038284
1149086823
7108041093
7106078744
3155007187
3199030983
4001078067
7095080743
4000091929
2159055288
3199024421
2130081989
1185018819
3183040565
3159068946
1185007369
1185039847
7101029450
2131021132
1144009286
2190013728
1144073293
2134067907
2135061839
2133085446
2135013978
3186076287
1170054357
2187043318
3187012471
2133001820
1171054066
3186088127
2187065746
1144095625
1172009203
1173022311
1142057105
2191000044
2151064461
1162031342
2136012929
1163086770
2153075767
1145087970
3186020531
2153084629
1164069642
1165080150
2188008404
1173017385
2188055577
2191040996
2192066214
2193058092
1145064220
3159055330
1164059163
7109057435
7109049925
1164025430
1163077646
2185023384
1143008413
3187049061
2184008728
2193064839
2194085624
2194029216
3133018287
1191075871
1167058366
3133029325
1165066845
1166053144
1167014778
3160061099
3187079920
7108044522
3172026849
3173028115
3169060363
1164061205
3170086163
2186052564
3171022321
3172062591
3159077639
1165063749
2184067110
1168024371
3188040672
1170024012
1170012868
1170007920
1169047169
2130066579
2134032236
2173051801
2131064996
1141033253
1167027704
1143033303
1173039340
1192068259
2155010905
1193026496
1193049249
1173066924
1152061329
2143071440
2116052826
1155063186
7152069298
7141091221
7146021776
2139059107
2127012432
2125086547
1150081335
2195062757
2196049658
1150080387
7145032377
2192037315
2193010329
1146015379
1147082502
3134021363
1147032332
2196009253
1148046483
1149071181
2196038562
3132070935
1151061194
1147038138
2195059646
1151086081
3133066605
7143034838
7144020250
7146013574
1150022168
1170086965
3187080021
2139004905
2140068861
7148032887
2140097342
2141097504
7149026477
1154087369
1156017894
7151070528
1157071090
3134040307
3135046212
7152010791
1152011238
7141058194
2116075848
3134050117
1151028549
2137081017
7144011685
3135072445
1157088105
3119024665
7144083165
1152005551
2117004905
2116090006
1154004658
1151049141
1155014129
2138021983
7142079244
7145011204
1156021727
2143038116
7149048874
1157039954
181084200
1129068936
2125051979
1136002800
2125084014
7145031646
3133089006
1143030126
7151069049
2140038951
2142084175
183012063
1118006552
3141050592
3142006343
1117021131
161069809
1124003520
7142052414
1135027402
7150024239
2136067622
2126079265
7145066293
1157041924
1133090835
7145075536
1142043452
7151048796
2139052592
2142047009
7150084555
3136065572
1130043923
1127019605
1132023205
1131091340
2141064331
7148053299
7146077545
2141064239
2142018417
176048761
7151079275
7152034171
1136058660
3136010293
161063175
3138057581
1117027140
1118073659
2128064024
2126034106
178089286
3142027543
179001891
2128025377
7151059599
1114086101
1115099910
1117056157
179077972
182019836
1120029146
159075260
1120071583
162030573
161004789
3138095210
3139083936
3141008538
3142072346
3143097301
1118043187
1117076690
1120001916
2118024757
1120079611
2128088498
160070811
171018322
171042925
172010340
2104044257
172063260
1121076376
160088424
1122044334
1122088588
159053966
159022384
1121064634
3135040615
2109005112
2109039582
2110002476
192062476
191000065
2105012944
2106090710
189032141
3136074424
173013064
172011527
2104065991
174024443
2106004570
174050369
3139011744
3141063647
175045445
3143067627
2108061157
191034343
172007100
2107069972
7153071242
174078036
2106058073
184054702
2109027140
3136027834
2106075478
2107002229
194053606
194082233
196098528
191071388
3143091601
7153015050
3137081605
3140061905
7153088765
2118015392
192049309
2109002766
194052073
194003547
1123009610
192067151
1124084283
192090223
1126025499
195077082
195038451
196013743
1124024113
1101052909
3120004264
3121009303
2109055801
1125018034
1127007111
196006355
1100040774
1100054751
197050409
2120087651
3118058196
180029565
198022280
1100050639
7153072333
2121086466
1126047043
197062934
1127036500
1128057563
3141018332
3143060929
2117035706
2124089397
1099070152
1103073564
2168048531
2111041636
2168052590
1104081113
1104057599
7154076535
2119069735
2120050952
3145002543
2119080535
3145056206
2121089245
2121043564
2123024951
2123087702
180055305
2117066714
3144072500
2122017343
3117043387
2123042094
2118084157
3144093645
2124017415
2125048861
1129089351
1130075059
175092808
1133081230
1131028191
3118019427
1130060132
2111096214
140038244
176084617
176017392
1131008135
177031258
2128037839
182037938
1134019004
177066508
179051612
2169000179
3121045139
1102083084
1102025253
2173072910
3129015412
1141066710
2131047073
2049099191
183052921
2113090905
3122017406
1106005018
184024815
2130001478
1136013773
1137047387
185049424
2099076174
2111001918
183070701
2113063423
2169004771
2112035741
2169031928
2169048446
2170059389
2169002661
199087295
139025360
178057399
1104042200
2115082241
2171075306
1102078409
2111086516
2113001635
198089338
198050958
1127011728
139020003
197047342
2110082677
1102075400
2073091352
2076070160
188061667
1083091421
2066086920
2068095375
2180053407
2181015923
2071098622
1106041486
2072098529
187051406
188056633
1105058206
3123085476
1082076988
1085086461
3121030888
2181072380
2074070384
2113074737
2076073652
3120037482
1139022688
186006062
3122024279
3123002613
2074095483
163059417
2047079697
3125078994
2115079550
2100055469
1139071860
2115009359
3122033613
170026053
163056462
185007046
3123014348
3125008698
3125061138
1138008818
2075091811
3121086356
187046930
3124037325
2130027608
3123035976
1140027731
1107069086
3125036173
2171077929
170063141
2172027603
3168059236
1140099531
1085083817
3127012464
1087083366
1109026876
163061330
2173048776
2173077468
1138076773
3123025791
2172020764
170027258
1110029868
162066818
3127051196
3128002927
2172051138
2130005621
3170096123
2130068292
3167009863
166085578
167062786
165039472
1138044347
1140089266
164001213
1140007591
164077995
2100073133
2079099655
2102063629
2101042157
163086415
3126003955
2101017490
3128037494
3125051640
164022981
2131058479
2031073698
2034077674
1089090715
166051803
2081096505
3126038167
2050079967
2054071177
2057071454
2053099271
2059079851
2102073654
2054080827
2174043865
166048050
1113037915
1114055820
1141060912
2082088749
2016086425
2084091085
2104009143
2026092370
2027086039
2062078463
2032083036
166055683
2028098584
2172062616
2010076270
3130080217
2092087704
1112007099
1112005907
2174089638
2061072853
2039072194
2183012553
2040096913
2035092011
2173083713
2044073171
2012083913
2172080041
132001873
2013085847
2040095446
2007089336
1090086315
3129057210
3131020481
2009078161
1110057662
1109020925
165079976
1090089571
165034142
2173015659
2094097334
2177047649
1112002262
1111073510
3106030389
134034041
1116021525
135081779
4159077591
2102062059
2103095729
1112040905
1111062790
2089073593
1111005145
3130072029
3131036895
3101091331
1093071690
3131077574
3131023497
3102018953
3103031401
3104045997
1115002935
2099081616
3102055441
3131090441
3103036629
3104044431
3129040191
2103002972
1111006519
1096087107
2015089631
3104058569
3106036985
134056746
1114045997
137005549
2100022325
2178039335
2177097809
135003441
135043179
2177004614
2175043608
137096144
136067545
2099093678
130070775
2175031271
2176073814
131045760
127020745
134058106
1142031818
1095096177
1017091031
2179019905
1076095578
2178029195
138049280
2063090995
2104084801
128004416
168083427
2178045289
2180040794
2071084409
115037470
3116012811
3117082074
2179095007
2069095776
2176072161
2180067101
2019089823
1016070486
1077095910
4159046678
4158065640
1012073157
1013081910
120025907
4158001141
1010091228
1020092815
3111084334
3092074348
4161071466
114016311
3083079966
2006089824
3104076235
138043870
161010834
2027081935
2030092225
2032081667
1195001233
1196024579
3108061986
3108030389
3090088919
3088081844
1197083925
1198026963
3109060720
3110012008
2034088785
2037082578
3117031856
2038098617
102057156
103084601
4159087076
3111011139
1018096008
3109033571
2019080767
130081013
127052227
3109046393
2022085313
3111018537
3112038080
1025092169
129043440
121043291
2021093904
1000080100
3113023257
1024083594
105068655
109014782
129072521
128018818
2032099498
126015956
3111059533
1197001339
4157073916
2007087086
3115070033
123040509
1031098066
1199034484
105061575
2018095507
124043709
1028087780
1021072767
1011094356
120087866
3113014333
115014429
3094080678
1025095928
1020081264
3113071687
2006079977
104072206
105048708
3112038218
2007075698
1198062407
4161093321
2010088535
4163072803
1032098455
122075077
106031335
105004187
106039674
3174021727
2174044626
2132093825
107072658
1195089695
1035077296
1034091203
3113079903
3114087030
2022094148
4156025197
4164017968
118029151
3115066546
125027168
116035049
117023327
2133012940
2133067201
4166006292
105048195
1145000490
116084423
2015085947
1197085579
4156020544
125013523
3097077174
3100064440
2019097580
107096718
117039134
108027104
108067304
2014080086
108059851
95086467
2043073483
4156078928
4157080913
1176037829
1009075099
4167076456
1002086825
2020078973
3116025137
3098089679
101085101
1005075166
2001084037
124051986
125063200
2041087756
3096095583
2019098283
3098096271
1009094714
2018090523
3100066085
2036090726
2021087474
4167008546
2003090869
2004099630
3067077769
2135013344
99083335
1199078947
101024653
3100082212
1199049461
3100082455
2003091080
100012161
99080199
100042544
3067093078
100027372
1199085224
93070564
144001157
144025151
3072077850
3072085399
141013827
141098605
1173003985
1174065077
2006092505
142040480
143089018
1175039481
143060372
145005285
145073800
1175078219
1146010114
2132061931
1143062246
119038795
1065096935
1144083372
1146083220
2135034002
1144066121
2135050414
1147002799
1148022914
141013870
114028640
1176054340
4164030684
2041076891
118078700
2014093052
4167023352
114050059
4167071992
146011714
3116036799
150058911
1061092903
4167092507
4168078365
152011138
143078869
1175050645
146077927
147081245
1058079184
148063617
149051155
151028290
1176052252
1178031318
151020440
1176075026
152019464
4167075397
119079321
147000003
1056090524
155012292
4170028755
1069087859
1068086822
142054105
2022088177
4169072606
1176087671
4170080174
1075087832
4171035771
156080464
157023282
147098713
193007816
1072082271
44080769
148051522
45095911
1073081508
154086713
157080434
157012748
4169094433
112009454
4166000689
111026155
4172027637
157062691
157047628
193073265
156035187
148045084
1057082791
1072079852
65095367
111098507
72076076
146084725
102099146
112020401
112099717
4172050828
1189089498
149023614
149077662
1191035690
1192041282
194011084
2024098259
3075082706
194095424
47094014
1059075488
50090454
47075387
157001797
112097422
183058479
4172047497
1191057013
68086856
184046919
3073093566
1190097909
42088369
186017120
196021550
3078080029
3078081756
1192000566
3081091155
1195017046
193088483
3046095548
4172010275
3049088658
184011881
74081135
1190030623
184032426
1182088152
79078977
82099763
1184007049
1192011137
102075756
182046456
43084875
1192070234
185066707
44094665
48080969
1180067299
74080629
1182045498
1183054839
186074322
186059149
75076779
75073563
1186008116
77097597
186064591
1182047449
1183020879
1184021388
1184074318
180042406
1184024476
187034173
85092962
89091894
196050157
68079050
61071272
180085602
1186060877
86090207
90092405
1186072755
196085912
1178066746
197013323
198050202
1194021036
55094031
198060217
192056765
1193066847
3088071394
1191016668
3048087889
3081079351
56078489
70091614
197026342
69083884
59079664
199037606
3052070081
56099696
53082064
53082532
187057714
24086568
188082222
171047407
1177036772
1179043739
55083163
188087992
198012663
171059519
1180000549
49080803
1179079584
190039305
52098325
1179046865
3050080170
1180091126
3046088002
192034862
189012191
172022063
1150062743
162002575
163046050
1161040320
3051076462
46081654
1158083119
1159037968
1160032478
3049097069
1162031669
170023129
1157097602
1159099723
3008088676
1156000547
1187012564
3028077665
21081028
1170010981
1171036932
3029083128
7080519
9082785
1151073754
3005089416
3057088237
156048101
157057746
3054084347
3028094583
3029097646
3060097290
1157049068
3041079565
1163036859
23094325
1156039186
1187062116
3052090911
170035604
3009090100
170079244
1160054028
164044945
165070363
172039317
173027425
1163065660
14092258
168019291
1164001120
1165016576
1165029319
1167037179
159011401
1167024132
1168027283
1161025287
1150052644
1164025896
3034080143
164041331
3039086219
157009802
3042077285
3042098076
1166058141
1155054942
1168020580
158097721
1169031030
1151055023
1152040112
1170062529
1171025534
1150035965
3030085373
1152092110
1151097817
1162089280
20077675
1153057360
151018273
173048331
19071973
157072093
158066116
1145004442
1145042348
2132088010
165085791
1172088171
1173024454
159021420
1142050305
1144015648
3050097217
151063202
1144022814
1144069771
2136082091
1157085686
1172044849
174006813
3016071196
1171073034
1173028814
1143072670
171045407
152047337
1145058426
2135027301
2176000009
2177026755
1148028638
3059084888
1144043255
2135040326
2137084098
151071809
1157034320
3014082530
1153080235
2176068954
2139045176
1154019664
1144006547
1144081497
1145032926
1147010081
1172078648
172040658
1188055349
3060083701
1143098006
1158039083
166025402
146032267
147059860
1150008515
9086460
3035084653
1167057412
161046931
1157048541
1158086446
1147048964
1144074902
1146097918
1159036835
1157061861
1159061050
152056432
1146064666
1155019041
3016090110
166044336
8081728
1149013308
167014803
1158064898
1154032047
3016098554
1147064607
4082986
2195024428
1157090541
1147063319
2194090711
144084353
145043378
1167059461
1149027569
167081649
1149001096
160045074
155085633
10091998
2194086155
144058081
3021089536
2082902
161082811
155074093
1156086955
26090294
153079354
2193029512
2193070026
3023097842
146063855
29088314
78687
146092903
3025098507
1160058466
152095315
152099312
2195097320
1160066873
1162022832
3038098587
3040085633
161040730
1161071689
3025095546
150095339
1127041624
1162029843
154021716
1162029944
149003265
153008393
34090509
2190088349
156058528
1155039239
2191080265
155032790
1164068256
1165023639
150036395
150068927
2192015208
2191072587
1163075702
2192054926
2195078206
1162065620
1163049189
31096614
154086216
154054537
1162045567
1128028635
37080215
1129040090
1160072964
149071639
35070399
29094076
1128065731
2155036313
1130059931
39083723
141014773
2156038791
37097290
149044071
1129029765
39090513
154089889
1155054460
1160020451
2191051367
1163082860
150086298
1163001769
1164074768
1165081538
1127008806
2137068793
175054617
176026099
2156047635
149071639
2163027010
2199084243
139074013
141026029
3000099892
3001083398
141023878
1130090126
2164058610
2165074676
1131028384
142094429
121055859
122082303
137031672
137087699
7025084431
136034130
137020249
1114077605
1116029781
2156050105
138048732
7032089261
139021710
2157029931
7023076593
2165015275
2166018041
2175078607
1137044347
2175088459
7028086590
136060079
1136088918
1114076181
2163073136
1130044360
2158033752
1129087859
7033074760
7036089409
101017206
7082095011
2163055947
2163022664
2164052276
1119025132
6199097308
7029070998
7035098656
1116044737
7033077671
100001478
100042472
7074081820
100079280
2161074903
7076075081
1116086484
136094025
1116082974
2164039645
1118025494
2166026692
7086096882
1117003479
1115047545
2167044118
7089094785
142073996
2157074019
141021203
1131075819
2156073960
100010739
7079096906
2161072686
2163012235
7082075998
100000535
7031091781
1132052194
138026496
1133048273
139083324
101089957
95087117
2165009893
2165019215
2165088343
2166035692
7086091089
98093553
7078092569
7085083879
98080872
2166026632
1135037916
1138026623
7091076457
7093089385
7091099518
7094085347
1118001485
101082209
7090090759
89097255
1138003325
84099208
99095200
2167011360
7091090071
2159015575
6199052223
1118070500
7002084236
92078354
85077061
93078077
7002096470
177025314
2168021772
7013084957
7010071177
1122081157
1098086789
66097647
7046090834
1100084825
1099091402
1140028648
2160011999
2161021788
175022624
2198080192
2198073916
2164094518
2199089483
6198092815
87096637
7003086978
1139018530
2166032880
1119064317
82097017
2167064958
2168027411
7009074490
7011086859
7008086211
78084197
7007078767
1119032022
83072575
7013095167
1120022866
72070699
7015076662
1118050059
1120006701
2166073610
178007817
2167040053
178059001
179056147
1120096323
2156065933
71081894
3003081770
177043798
7126072152
1123027744
130026194
2167060311
7015084378
178028923
7038084193
1125010693
7041073357
1124020242
7038090371
2161022067
130060724
139051717
1119046167
1125076599
1098088938
1100046552
1101004886
1121041817
7014089031
1124038494
2161072991
66086021
1126012629
1126044450
1125036199
1096081786
7050086776
7048098723
1139086570
1138003979
179075596
7039091973
7051097920
1125084055
1100087309
7053080219
7051081480
2167060903
1139005706
2195052860
2160075918
140012871
1133067797
3004098864
2196000404
1102088943
7055076567
2196020470
1133065742
7054073367
3003092872
1131097007
1102000675
102013884
102086605
1102010981
102075573
1102033315
1102009589
7055081878
7057079863
103037898
1103033194
104002140
178059639
1103082922
2167004890
7126038410
7059099794
103044032
7060087188
1103038531
7064092840
1104020585
123072013
1140077550
7068099069
1106057852
1107005329
7067086740
7066080623
103037850
105063251
1105035851
1105027325
104090136
104094614
105041220
130058628
1141039264
1142028236
124034630
130066215
124074016
7126085081
1106026204
106002409
1106004273
7127002010
7127054229
7128029975
7128007131
125039317
7128036318
126078733
127039317
7065093250
106023789
2172065904
128037160
107026405
106090901
106027633
2168018674
2169009993
2170005392
2170061007
127014058
2171016887
1105052428
2173037221
1106071934
7068072877
108058841
7072077851
107068566
2168098038
2170024023
7068070378
2169006099
2172042085
2173036762
1108036768
1109018041
1134059511
58083432
4008081218
1077078979
1079083162
2169071380
123058188
128086087
2176054591
124089050
2174001088
7072091717
57083568
60095919
64078877
1107080553
7127078979
1142066240
1112044449
7129060645
7127019519
2161071801
4015070255
4017096276
4016091877
2162070409
2197003869
2196043831
2196078096
2146088624
1108010296
4002070170
1109067427
1107090713
57084674
1110068318
4006089616
59095293
63093355
1111035118
121042582
1135016936
6183089809
4011098030
4004096175
1079077487
126067997
129029111
2173001108
2174084854
1108060369
2174009227
1111034145
2175068607
7130031980
7130088272
4010082019
2146029405
4019089530
2197036944
1076096289
2163071933
1080073589
4007078369
4008093471
4005090000
1040074296
6187005304
6187073844
6186074055
1037095337
1059072682
1043096869
1092090563
6186012184
4011084299
2175044857
2162096034
4018099863
44078750
45080564
49076177
6185025499
1137000420
2163083555
1135087139
6185066479
1085074771
1089080431
4020080323
1087072069
1090097599
55097499
1084073197
1036071563
4021095670
46089779
51096889
53088483
2199014801
7130004450
2176069070
2199002620
1086079269
6185071866
6186064168
52092776
47088085
1093081292
1094085998
1094090608
6186075168
6190080863
6191082627
1049087288
6189044253
2151014930
121081706
27079682
6180043225
127073563
6188052196
2149086797
1061084020
1038082428
6186025930
1044087191
6188045728
2147020857
2148016611
2148090440
2149060430
2151085587
2197044799
1048096514
1064090245
2149063126
6188069996
2150090532
1065079981
2151039215
1061092705
1064096517
1068082833
1044087742
7140056846
6177031035
7139070667
6174084165
1050083412
6189092122
128015571
7139041805
1060097876
1053098949
6189046446
1069075850
6191079949
2151007723
6176067831
6177059888
7140026631
7141043385
6179020126
1049070881
1050088265
6178044024
6192072630
6193070432
6195021708
6195051998
6197030609
6194068707
6193018563
6193019512
6194032582
6192032633
6175026790
6175083946
6178067490
6179080041
2176066437
2177070925
6193048563
1053091727
6176094008
2152057708
6193032910
1070099250
1049098045
6195001435
6180041934
1058084034
6177082547
7140078700
1073080545
6179013138
6169019362
24085222
26098708
2178017877
1074097231
2175089872
2177065188
1071094245
29081551
2178093733
6197052291
6198009416
6197075202
29098467
6192022192
2152003497
2179082224
2179065563
2180065348
2181071537
7141078485
1050080613
1110095319
7141082518
7143038479
2152053343
1055074552
1052083303
2180047608
2181035998
6169014931
2182060029
7142096801
2183019700
2183064453
6181022735
7142092046
7143080382
1057096019
2181005628
2182091114
7148066422
9153087499
7033078189
2132002241
9158010169
12095706
2159082952
9159040760
7144031802
7144038553
6182013239
2184070408
1041091981
6170005951
23073879
1054086670
6183033780
6198050197
6170078826
1058092930
9149079863
6170036396
9150055805
2178081606
17098804
21098570
32096286
1042081498
2184050745
2182041226
6180084384
7130078851
120027222
112075601
7148053978
9153006363
7148050042
33089857
7147038223
7146089833
9151067506
9150063420
7131096905
119071405
1073097154
33090656
20090444
7146059691
2154030660
35082949
119089788
7132075837
2185004726
7144085764
2186044313
2186083410
7145087438
2188077739
35096188
1001078889
2158043010
7145075955
9151060661
9149049261
9152001665
7150036964
7151062195
7145046083
1025094754
2157012257
2157073579
6182036548
9149075691
2158095509
2159089942
7148073069
9154025427
7149078584
7149073940
9153071162
9158039379
9154044597
9155037575
1028081186
9154073733
1029086479
1031091531
7150098627
9153089904
9156085710
9154086659
5079156
10099082
9157023576
2158000984
9155064064
9156036427
9156079796
1085092
8080016
9158037710
9158098210
8088645
35098786
6171024350
1030072288
1034097906
9159088793
9161008865
6171053897
6172033444
13099973
75379
2131008006
1041095676
15072554
6172035184
2155068995
2130085011
2132046873
6172067765
7138041082
6174057138
7046087695
9162005636
9161057113
9158022269
7037094850
2156054005
1033079969
2157081976
9159093135
7035071167
7035099067
1041083893
13089208
2156055726
2156032411
15080193
1033095828
42085165
2158082338
7137049370
6172034981
1044072167
7033098441
6172088601
1046090833
6172064615
1042095733
7138008928
2132006718
7044090187
43097332
6173025993
2154086236
1040078374
6173057094
6175027045
7138047062
7138075130
7140019446
9178027972
1000080191
2115081637
4145014114
4143075741
9171058775
7100001023
9171039850
6176004523
6175081777
1041076586
4143026585
7117007926
7039082709
1005090629
1004086245
9158036379
6187014638
3044092751
6185068070
2132009549
2131042770
7036087098
7115001784
9190075059
9190063261
7038089463
6187044874
4144004745
9191044200
6188089043
6189045998
9084079562
2141015890
9078091663
9162059402
9190037319
7115057250
7114074416
2131053237
9190041166
7115037554
7118043640
6189087919
9083087448
3044095434
9163069692
7118065197
7119053762
9163088118
7042087786
2132013394
9191014675
7119084482
9164055701
7120009279
7120088716
7040094260
9165011873
7120095020
2135021948
7048076693
1007074696
2144030648
9165077106
6189061950
9162044584
2134034183
9165037820
9166006865
2143083560
9080094913
6186081748
2141016365
2140052901
6187026467
9167008717
9167064466
9167053886
2144057512
9080085649
2144050879
9166068268
7121088026
2135012862
2136034968
7039094969
6186013997
7120040765
2143073611
2145044027
9178091123
6190017610
4144015875
7122027229
4144021991
7120079141
7091088769
9167069888
2145096648
4143000797
4144097729
7094093695
9168080850
7096086490
4144066955
1009080598
7092089056
4143059581
9170051243
4145039869
4146033804
9171001245
2146010411
7099070588
9170040684
9170032198
2135068778
2140037844
9180040149
6191095034
6183042047
9074094145
6184020813
1013093055
2138087365
1016088708
9169051418
7095095648
7099092751
4146095126
4147003235
4147024748
4147029215
2134055667
9067071150
1008084460
9068098824
1012094093
6180071752
6181019785
1010094811
7050095021
9162030232
2134051559
9067096292
9072071457
2137040839
6182018199
2136059686
1017070973
9077083245
1011086453
2136083531
2136027539
2137090127
9075081331
2139000090
6182060360
3047084782
2137041287
4149017333
6192059852
3053095486
4151035005
7105030323
7105039336
7101016553
2117031184
2141042982
6181087359
6182044007
6183068681
6184089830
7101023597
9172061548
3049077689
6191042434
1017086997
6183060092
2140007992
9178071171
3048070469
9179013146
6184018370
9173056024
2138063266
9172071363
4148041265
6186000343
6191023233
6190034147
9180044841
6186044385
4149081013
9176057754
9180088112
6185032229
6190067364
3052082039
3054075566
6192065844
9182011829
6193054908
6191066594
9179053599
2117082072
2118017357
9174007802
4152048380
9181056522
9175010458
7103023668
7103081046
7106076394
4152006104
4150090620
9174044768
4151065120
4149039903
4149053035
9176034183
7104040704
9177051354
2120088251
9181063269
9184073353
9185047481
4153041193
2116070126
2117088799
2116095749
9176079348
9176070087
7106056348
9176068684
2117041574
4152001206
4145089187
2117027642
7107045162
4151073236
7105068266
4152066845
7107044180
9177046308
2118092600
4147073736
6176057212
2102045858
6199077482
9172090522
2119065133
2121025166
6194097035
4153081296
4149093535
4154085721
6094084296
9182056522
9182033083
9183085677
9186040303
7109028516
7108019556
7108078488
6193072963
7108049667
9182078409
9173010478
9184072118
6194035179
9186013029
6194053798
9185019256
3057094048
9182086816
9187021481
9187008589
7108002630
9184038261
7105000055
9185024838
9183064876
2142016028
7107056368
2143013988
9185061719
4153029496
9187082860
6097080792
3059077367
7109091612
4154053923
2119062800
7110058761
6099083494
9175082544
2142061669
7104046910
6100084089
7111087906
9188060990
3060080277
6093087490
9175007224
7110004119
6100082998
4155037918
2125045649
6195059627
9188006527
6095091041
2123008394
2123012473
2124025324
2125048081
7112044530
7112036954
4155077946
6177083221
6178021061
6106061519
7113042451
4154018950
6176029022
6107047107
6107080961
7113062290
6107086057
2125070512
2126021760
6094081278
9189062585
6170074684
7114049415
2128005042
6178081515
2128005924
6195065928
2128054769
6169069906
6178030132
6102008116
7114073322
6196008645
6170017614
2100067735
9190019331
7114040509
7114081773
6170023388
2127068530
7113081237
6171025888
6170064696
2129053723
2103033573
6107075574
6170058443
6172057050
9189020758
9188035011
2101057319
2100024304
2100086890
7003097436
6178071818
6199056652
9136040113
2103015628
7004083776
2143031494
6109005757
6108057278
2102035617
6109001105
7002090865
2129021381
9138053601
9139001439
9135026164
9135086919
9136076192
2101045389
2103017337
7007076288
9135075771
9136029438
9136053601
6180000529
6180041002
9050096321
7019080180
2121057273
6180096517
9135070007
6172084590
6173071283
6196027324
9137073996
6196080429
6196091931
6174063195
7007098828
7009088479
7008075987
6181083852
9139034206
9140068791
6182042632
6171081731
6171038269
9144073706
9145017942
6105023679
6176005980
7052095627
6174022562
6197070294
9141019902
9139074055
6171060987
6195026491
9136018033
6103009335
6198049132
6175027052
6102070916
6103051516
6104028883
6104084882
6198014370
9144046590
9146004453
6103002526
9147025260
9148043022
6195066570
9149028277
7022098278
7026071181
6175064860
6175069395
7020097690
9148083791
7062077481
7063096591
7021093510
9145098523
6181096910
9148016605
2124051348
9141099930
9057082273
9060098813
6107031053
9058090069
7068083663
2121027136
2122053165
6105061038
7030083960
6106057776
7059097253
7052082911
6104075263
9140023454
2122096507
6138056338
2123051845
7056077162
7059080156
7064090273
7066078157
7027090310
7064090197
6107046792
7056098870
7060091973
2123037509
7030089385
2126006753
7069084330
7018092614
9061088765
6140071206
9054081985
2123084462
6138038773
6139032312
7015096684
6139041700
9057087684
6140015627
9057094712
6177074762
6139009093
2113007658
9110091115
9111072488
2108055900
9114024791
2104049421
2105077914
9140022882
6177065252
9059091176
6108034998
6141010049
2104019499
9059087070
6141025844
2104047314
9130095047
6139058631
6185001540
6183088818
6184053363
9145038144
9147007731
9142059301
9062075176
9142035506
9064097645
7023077076
9144081705
9145033390
9131060646
9132056910
6150028747
9128052293
9161058809
9164071276
9142081022
192071930
9130057205
9126055527
9126066371
9130083681
9132002480
6148053964
9128018372
9160025774
9128023276
192028638
9132091745
6151017221
7025090630
9159048558
9162004886
9134012488
192098731
193065552
193046534
9133064829
9135005539
9129083591
6151000906
9163024761
9131062418
9111061734
185021262
186022606
9133040117
193095809
195007902
194000104
9106088447
194077023
9163036261
2107047044
2109017494
2112041381
180058526
181067313
180076240
2111039384
9112080533
2107037189
9113073515
2111046530
2111089045
2109082953
2112018497
186029823
2113037795
2113069223
2113082247
178042093
2107076289
2109065145
2111003815
9114009117
194007037
9165025582
180049931
2111079655
178056679
181047408
2114015605
2115016482
2114065079
9171000676
9172049251
179019530
7017078383
2114030665
179040658
179027777
9171058471
6142019015
9175013548
2106001516
9177035273
196066659
9108014285
196077830
9106023742
6141087499
9175076406
9163089700
2105050838
9172060691
9173082883
7018076797
7019095688
9174068246
7021093319
9175089217
9114017784
9174087416
9116016753
6141003528
9120071455
9116000806
9115039304
9173019062
9165061626
9166020935
9108079375
179087647
7021077781
9115077914
2114076629
7021097345
196050563
9121011289
9115065906
2106016308
9121017015
9108064938
9108000905
9116053623
9176004343
2115056984
9176048300
6142094416
9121051294
7030079964
199026273
9177008246
6182088673
9110003011
183077615
184059203
182032301
6143042230
6144011524
7024096835
9123047530
9121057264
9122054279
9121079884
7028088734
9164086074
9167003657
9166035301
197062938
6143038123
197044873
6143063860
2115024777
198045951
198066706
199066643
9123036986
9177036415
192052796
6145051379
197055505
9109086231
9123059031
9176072459
6144047120
9125028636
6146013248
7027092294
199084949
7035088132
9118021864
9125039318
7033082521
191010100
161033471
9109022358
187076317
161088185
9167012446
6144008195
191072055
192024365
9118031254
9118082788
9125047313
187010120
6182079955
199065687
199071422
9167038032
189024334
189068025
9169028409
187031155
9168032210
188040640
9110011607
9166086976
187086378
9168021937
188093508
9167050395
190059091
182091315
184066075
188073808
190033038
9168073005
182002096
183078345
8193027283
162070315
9119079502
7035080526
162032354
8197072650
8189056387
9118050387
9168059402
187060392
9170023526
2108065920
9112089638
182081758
2110060692
185016048
9111029078
9170095538
8192043473
185089923
9177096326
8191054611
8193009529
8193088001
8194087395
8196026107
8197032720
6147007472
6146099439
9124041040
8192011128
8194033777
8196005055
154014498
6184008969
8197042010
8196072409
9179023899
9117014348
8191043689
6146068256
160028345
6145053101
160021948
9179040950
2083084388
160074075
160082416
154025167
8188088974
155035762
2084098699
9002082741
163017267
164016920
2084092336
8197010849
2085073664
163040632
8189016446
8191000627
2085093058
155071566
8198080986
8198065384
2088087191
6146083662
2091093720
2092084521
2087073996
2107019253
8189081407
9003083427
8190089709
154084833
9127034697
161059784
2089084729
8199025955
164039648
165000064
9180081691
9181024257
6148040832
9028088889
9031085779
6150034039
9159059382
9032086876
9126087890
9129004832
6147069755
156044785
6149077393
9179042776
6150079762
9158067010
9188051660
9129001842
9128060573
6183007116
6150012476
9189040084
9158035201
9184050771
9186032512
2044071154
9009091453
156056479
9015088118
156027888
8185096022
9016083719
9012074658
156076321
2064085266
9029080855
2095089414
9045081267
9159049979
2096087451
9032097597
9017083240
9158084758
9189020625
9008088663
9146006850
9189029575
9181083571
2098086470
8157022162
2055086497
2099083369
2043092245
2057085932
2059082022
8184089450
2057082423
149043575
9189032325
9190070735
147028707
9183000468
9190025452
9146022490
9156074437
2043099464
9145089293
2062099965
9188010008
2099072393
8187063681
8182059201
9038083863
156057496
9039080219
8183052164
8188004484
2048081390
8183031032
9157095622
2050096643
8184061453
148049844
2047093103
148029037
8185046534
2044070188
2028084503
2027094064
2026084680
8157078857
8188028376
2076097471
9149011186
9151010806
141049158
9151000732
2053096439
2030098550
9160003995
9115062963
8158074054
9119042886
8160095503
9117062427
9118073841
8159066283
8160050901
8160081248
8159048320
9116008817
9117010487
9118023546
8160043004
9115041442
9116083304
8158084794
9119080979
8161030697
9021093657
9035095368
9182013252
9184009452
9146074134
9117076616
8159084260
9120064398
8163028594
156083119
157050274
9022078562
2072094601
9144052594
8160089554
150024250
9121019778
8159037101
8161022572
9147025329
9041075150
9043089458
9033089934
156083996
9147065628
9147076066
9025083336
2074083818
2076079158
2097085267
9181085716
8175056605
2064071959
9148077979
2069092988
9185050229
8163099800
9043091335
9021088482
9023084892
8175054163
9148064646
9150040333
8176022862
8177018699
156016585
9149041831
9150062973
2031075286
151001371
8177086272
150085152
2033088436
8165028725
151045543
8180032348
8167057920
141056165
142039838
142005575
2037085145
8165056758
8176028475
8176030354
158035078
8175034111
9152029417
8178009902
142085637
158082212
143016575
8163091126
142026721
159004875
8178039997
8165035403
9153021148
8179083001
8166013225
9153005266
9153041987
8164018302
8165017398
142095800
9121011808
9152014657
151058805
2039096141
143096605
9121075261
8178033198
8180058314
9153052722
8181017155
8168002746
152007643
9183070583
148017565
9154006635
8181060973
8184074375
8184077292
6159043196
143021329
8181014494
144045727
9155020201
9122050189
151038610
9122036046
9123052840
9125016967
9125078951
152050971
9123022940
2039081376
9123078209
9124007568
9124064357
2067096786
8181022552
2042098329
8181025408
8182031750
148023352
153091926
2005099149
9123073707
9156012660
9124042449
2009077095
9125048253
8182044643
8183047789
9156031706
9156073628
8182095002
8181056739
9157072100
8184044320
122068495
6132034844
8184097008
9035086466
9040087533
6159049805
9186043141
2071098702
2002088094
2000084642
9188009601
9186029867
9187098135
9188081857
2002090128
9142031534
136059269
2003072569
139015178
138001248
2003089842
139087977
6131026544
129048267
6131078383
130023881
6127088803
9143006320
1196015045
9130068000
167081670
168037760
6160088567
9131022424
9132049237
6160044357
9144000735
6128088566
6162051282
1197060305
9130074954
6160019702
168052616
6162074982
9131032428
166091207
1195074551
1196011327
1197036120
6129043678
9143060162
9145010059
6132083701
130088292
139004837
6130015234
6132077953
9145028548
129061876
130042234
6133037032
2012080237
9124096926
131036715
132002840
6133067440
130058322
6110048391
8188046630
8189010402
123011362
8188073129
123076817
6130093711
6134068961
8189069317
8189070886
9134066019
6164009054
9126029341
9132075735
6163052260
1175028412
122014753
8188054785
6136077749
1176041507
1176078806
1177022687
1178022505
1179004238
124022528
125031533
2011086431
1179038284
1180042090
8190019303
9127049792
2009086451
9132030952
9134007221
6163067910
9132005191
6136007209
1175013264
1176067943
6110021007
1177078551
1178062408
6111015444
6135050232
169007471
131079493
1175036743
6163060341
1198068561
9134084597
144070943
143058268
2039099557
9130045239
9136024651
6166028355
2013090467
1181045249
6168055545
9134025371
2006086833
1199043720
9133089382
145016771
2015083514
2019080230
9135000185
1198087825
9128080806
169068633
8167021662
8168062759
133070777
9136059638
1199039128
132056463
2020080709
2023093686
1199030784
6165032851
131058024
6165067700
1178014857
9135034701
6110038586
133064366
6167023800
8168038883
8169068609
6168000579
6136069620
9137060783
9138037609
6165023837
9130017199
9127020450
6108072525
6124029287
125045511
1181036895
9129033135
6167082479
8169057745
6111068952
9138069791
1181022762
8168026578
146014550
140037557
140036233
1182023093
6168008358
140090105
2010089384
1182003053
1182051741
6124072858
9129071568
134032460
8192028195
1185006648
146004760
133088638
8190054741
146020360
9137034672
134022858
1183045506
1184022014
9024075390
1190012969
6125023992
6125033124
8169094409
1183001472
9139068381
6165072193
1184060133
146080965
8191081864
1182004673
2021083578
6154069938
6156057150
8173038722
6157045628
6158025886
9030075657
9141047253
9031091616
1159086615
9140047444
6112014687
6126069017
1192003179
2022086022
134044624
6111059609
1185008594
135081489
136012863
8191028666
9140008970
2022098438
9026089863
1191009206
9030097152
1193016144
1190004083
1191036551
1192040128
1191017187
1192015167
1194014117
6153022086
6154085286
8171001965
8171041210
1191000626
1193019355
8170055131
8170022301
8173001781
8172083725
8174029701
166023507
6156003048
6157097706
8172044654
6158048379
1194055167
8172057853
6152083040
1194080349
9035071476
6156068522
9032077066
6157060388
6159000296
136002152
6126043828
6126062476
9142095535
6127011637
6123032991
9140035708
6127066983
9141046429
9142015938
6126079525
6130015368
6129085821
138088223
1186016010
1187041584
6140023463
8193043571
8192094116
8194030993
1186047779
1160036804
167075791
9035098400
1195047971
1195053348
9064088920
9112062490
112057725
6114027948
8195015845
1160003557
6112045582
1162014733
1195023762
125094018
6141029208
6089093665
6143059146
1187018546
1187062674
9111007559
9112003687
6142051480
9112053617
1187071092
1188006970
1187069965
1189047504
125019677
126034067
8192033265
126065517
6142003057
6143020707
9108067729
6139035728
8192072606
1187065818
127042737
127049756
6086095920
6083084387
9110048658
6141011365
9063073595
1166046341
1167078160
9113003902
6144018178
1162036525
6143050508
6144086153
121022422
9110030975
6143013262
121035315
1163088399
8196001047
1189074373
113072601
113053305
6089095927
8197040189
8198008945
8192051152
8196098202
9113044850
9113070938
1167062326
1166009832
6142072247
8196062578
6145002316
6146037862
9114052445
9081088545
9114073409
6145002846
8198034910
8194042732
6114069430
8198089207
6115032445
6147012703
6147006851
6113066555
6091071998
9077096236
103081947
6065094580
103015893
114072766
9070098175
1163036828
9085084140
121026959
9114004730
127006614
1163061300
6092088053
6092095006
110011643
6085083195
9084091722
6147073113
127069650
6087099215
9063097219
112032922
113077206
6054072072
110089395
9072097698
6058099232
6069074855
103037804
103039485
