3110000463
3125047959
3109007190
3114042120
3168010666
3168087449
3127085984
3128067176
2142045691
3115021497
3109087116
3129049381
3126079769
3169008674
3127065295
3110004586
3058094937
3127039058
3110080977
3169080651
3101061856
3110093732
3126025699
3110023683
2142053421
2143044051
2144081993
3116070021
3106089070
3110067803
3128072328
2143058824
2144038906
2144088229
2146019723
2144052986
2127078001
3064094323
4016074593
2125008664
3111084971
4013092907
2142006950
3169028535
2125074561
3105032864
2124056065
3106088780
3104031209
3061097969
3107000660
3066098904
2126052109
2127042391
2144027975
2145062641
3063078896
2146048868
3116004765
3111034445
3079084686
2153083560
2154051879
3129050605
2141033718
3105089556
4043072371
3061094068
2126057179
2145069694
3107069657
3128061722
3121053893
3065084983
3082095790
2148071862
2149048966
4123099031
9102013772
3099098554
3068096944
3130035821
2128060800
2127050621
2140077597
3090088011
3119054349
2128049511
2146049397
3117037925
3132001840
3096082924
3066093766
3097089932
3134072727
3132092542
3017090184
3144000831
2140091909
3020099578
3017095531
3022096148
3025090135
3143017311
3133078467
3022086810
3145076319
4120058342
3144007003
8137058260
3092078685
3084080863
3081092189
3084086812
3070076875
3120017354
2148046692
3071096741
3108045512
3089081247
3091086946
2151042476
3121076999
2148041262
3087089101
2149012517
2150073128
2149067578
2151087704
3123021718
3123047587
3124015565
2150062722
3123035350
3124043742
3125010719
3124062884
3126023491
3126069912
3127032670
3096072980
3073096147
2130036236
2130024463
3125004757
3126040842
3127075606
3099097964
3100066487
3100095501
3101061728
3125083093
3098075844
2130073199
3108070009
3100061817
3102066683
3103009313
3104048748
3096083551
3144036214
3144072125
2100045315
3102000273
3103005149
3093093493
3100097232
3102056354
2153064230
2154040963
4116092210
2130049283
2099076343
2100085709
3110026810
2152022073
2152042179
2154047718
2153063691
3105039758
2130097224
3075096540
2092098161
2132056471
2094091803
3065080116
3066096628
3028098502
3030080640
4025089358
3194008705
2097078288
2099077582
3070092119
3030092726
3109050189
3076087868
2096085922
3125044423
3126000541
2101062292
2102039789
3078071550
3135087791
3126072462
3111057687
2132076335
3077098898
2102064203
3071082014
3126027632
3031083083
2097091912
3110038171
3145079118
2131050827
2103068979
2104000953
3034094021
3039082240
3134032405
3071097306
3074087433
4018099456
3126070857
2133057532
2097093737
2104030187
2105049776
4026088797
3034080796
3075089402
2101074593
3075099708
2107011401
3080099610
3025092806
3043096267
3006098179
3075088222
3194069284
2079095426
3040073250
3076089909
3077075787
3038092352
3038089824
2107015576
3026092503
3027093500
2107020473
3035093139
3136009943
3194020139
2105038092
3041084482
3032092569
3031078284
2074073084
2077086815
3034087303
3035073870
2107050017
3033085509
3194093101
3196026956
9102060110
3196052269
3195060338
3126042472
4018072870
3127074550
3147045772
3148036173
2088092079
2107006688
3197030881
3128031373
3127043912
3111091340
3145030496
3006086089
2134014690
2134018119
2081087343
3111086809
3082085393
2134021357
3149054053
3150071021
3085098419
3146048620
3086099564
2135023659
3083081949
3084082972
2089079979
3082070653
3147062940
3037082628
3135052755
9105003107
4121069071
3013096318
2113043036
2088097319
2039090114
3197064233
3035081401
3038075063
3136040678
3128083427
3197065547
3135068752
3148027499
3148078094
3148095705
3136034544
2135045960
3039090200
2108062829
2089089939
2198012933
3137032524
3040076157
2108069879
3008087078
3197055990
2109066591
2110055167
2090075399
3137071841
3150035615
2196051987
3137088472
2108043468
3007086485
2111033098
2109082780
3043094492
2111011189
2112015292
3008090495
3150011062
2198084420
2136076825
3088090826
3130057750
3130052656
3130079002
3129023981
3092078186
2138015038
2137022347
2138071331
3128093434
3152049810
2110045493
2134062768
3130034240
3089093976
3130032295
3130071703
4104075011
4120014311
3131009788
4121013819
3131047118
2139057702
2136003998
4117085071
3094092017
3131088576
3095093539
4120079126
4125061057
4121081132
4125063490
4125080460
3134010764
3091082093
2123085444
2196057192
4123031576
4126031593
4122079073
4124005704
3152040055
4126032139
4123084651
3137003737
2198067104
3138036706
3018082398
3026093026
3151040318
3000086439
3154034006
2199067478
2198092937
3138059786
3010098793
3152045870
2199061722
3137047210
2046095169
2112046015
2198049325
2196091908
2197088836
2199061288
2047086146
2037091753
2112022685
3198013900
2198029374
2109017964
2198030071
2053087740
3002088046
2199047998
3000075257
3154085142
3010077859
3004090683
2110075713
3153003697
2115016158
2019086953
2178038765
3012092334
2051085974
2113050713
3007072478
2112050458
3005080586
2050094915
3154053216
3005093738
2177004097
4178005700
3013097117
3198039974
3015094347
2113013660
4180037513
3155031545
3015087199
3016096518
3154074501
2048087794
3015084497
3017081440
3008081367
3016096208
2016091826
2115065723
2117035395
2021094716
3009086730
2113085921
3013070662
2017087451
2118001628
2191084351
2193025395
3024098950
3024086003
3155054105
3016076794
2115022154
3156025366
3019082249
3021086732
3156089358
2113054351
2117096928
2092080124
2022083562
2113071340
2178099937
3199049932
3017074753
2177066344
3157064320
2115013297
3015076197
3019082407
2178042944
3157041363
3023078880
2118030665
2192078925
2118014500
3030080754
3022093376
2021084796
2025078991
3179074826
2026090805
3024084837
2192063365
3022082684
3022096485
3157084048
3006090203
4000079065
3199074377
4021073079
4003076093
2178063296
2180012684
4183068435
2180085321
2029098469
2196022085
3025081125
4004095816
2119004615
3025093217
2193033489
2120010174
4173072773
3199088180
4125025194
3158013509
2011093799
3182081327
4184047905
4184061730
2176067885
1184005094
3183031702
4173029703
3184043808
4185067261
4185057362
2192011524
2161000339
2161028886
2178008659
2179081287
2193034643
2162024783
4185088822
3183054646
4173061651
3179089848
3181044636
4004098887
4007078658
2180041388
2194038807
2161071593
2182030293
3180062943
2008084754
2119010155
2179067498
4183013667
2179062654
3183031599
2183040268
4176086874
4183070846
3181079104
2120025946
2182042363
2193097328
3182080685
4174063453
4174050830
2032073197
4175079687
1183088021
4174089329
4187023711
3185086728
4007081459
3185033657
4175069679
3186000721
2121060407
2182090116
2122002403
4180087606
4181045188
1185016114
2183020979
3184060813
4176047240
4181092809
2195033663
4176075423
4176086805
2162080962
2163086330
2195084061
2183092509
2184047022
1184053990
1185071541
2122009221
2123053530
2184017119
2185033177
2123083940
3181089792
1185088579
4187065946
2189045253
2163029174
2182052219
2122090524
3186080182
2032094514
2033080902
2195043733
3186056664
2183053597
1186057333
2197041798
2165030064
1198085466
2185083390
2192024543
3179067196
2168045795
2166058878
3187083108
1195060054
1195060189
4187012080
3180049708
1185089269
2182068041
2164007116
3180027577
2164019893
1193092538
2193032598
2185080467
3184095011
1199029805
1199078775
2162071587
1192003577
2163066033
3190035636
1192054783
1192068132
2173007020
1199058753
3191017967
3187024373
2000091900
4183029993
4182067414
4182051061
4122055880
3191047630
2174038489
1194018151
1193057936
2175083897
2174065919
1197044256
2167079231
2165031665
2145096937
2145081013
2146045615
2194025139
2169074535
1176040325
2199049328
1190001501
2138087755
2166016435
2163074551
4186061897
1184065254
2189083746
2166034443
2166040973
2167006602
9107061369
2189088353
2166054241
3182022335
2001074554
1195091528
3191065913
1194004738
4124068535
9106062619
1179065416
2155085948
2157023986
2198037343
2195007334
1188030177
3188011577
2152060409
3000082757
3165098813
2154081017
3165076704
1195063733
1197011839
1178072068
3192032341
3193055655
2194054099
2195049952
2147026061
1170026455
2148014698
2195084946
1195085073
3193017337
2146074859
1168086625
3194032501
3160079337
2147006027
1190057035
2169041263
1168088209
2187000976
1170030060
2148063566
1197053125
2195055414
2149024915
1173091528
3162065800
2005091731
2011091870
1172066743
2150069480
2150034298
2147065286
1170036401
1172018088
2150067439
2191024579
2186095834
2188036107
2168043836
1171016743
1172057178
2187063798
2196048255
2170050043
2006091330
2190045966
2010094070
2189065646
2009072979
2170070916
1190044110
2149005702
1180076437
3165032654
3165053496
1172022529
2197055606
1173072805
4183041884
3161092827
2151016781
1174007043
1174047633
2198011741
1175003294
3188008885
2198003568
1170069620
1176076146
1177070620
2189033246
3188079122
1190035365
3162047737
2150032603
3182074844
1198072248
1173080268
1174089031
2152066645
2153023019
1174098809
2152075400
4181016238
1191044422
1177015416
4184033437
1177082211
2189079585
2168071507
2153050989
2190063232
1178033219
2140053702
1148098623
1151021956
3163035128
1176071867
2199073222
2140011659
1153005836
1176011889
2137052213
2139020336
2171019514
2178080324
1149066970
2171080468
1150071611
1177057035
2172024087
2141003356
1153007471
2154018654
1152069571
1150052514
2173000593
2155047539
2155039803
1152028304
1152020651
3163052242
3166010792
3164065302
2157009288
1182023216
2157023292
2158008264
2199077314
1180028781
1112025846
2179070366
2157042673
3163000153
1110004829
1111015405
2121018271
2123046792
1114072866
2124020128
1111003022
1111078196
1113097923
2121086593
1111073186
2119098223
1112030317
1113099316
1114019736
2123039902
2123096209
2182027523
1115001640
1115013975
1116035304
2126085022
1116056108
2182065248
1128002633
2145015503
3190076836
1153073951
1118073090
1118049912
1122009077
1122071820
2128050224
2182073084
1121058084
2129023576
3190095533
2121035454
3147045448
2181091825
2122033602
2124014174
1116041090
1117093016
2125065192
1118055066
1117067332
1154031548
2141088116
1154069954
1192050147
2127007384
1120031127
1120077938
1120086923
2129010173
1117057131
2124057288
1116041969
1120049986
2183035520
2184005699
1121003287
1150086304
2141030652
2103005908
1121031293
2128059537
2126018002
1123013754
1091087258
2102077985
2100056863
1129022489
1127034477
2113036009
1118038020
2142092329
2143059020
1155027230
2143031373
1155027353
2143068864
2143048260
1124028587
1121073852
1125009902
1152019447
2145035088
2192064416
2141070978
1191095608
2183074029
2145057062
1123001700
2101023756
2101056751
2108068881
1102061759
1103068334
2109032029
1124080570
1121095523
2104017768
2144006932
1126055418
2110043112
1104066956
2113089719
1126081445
2107060038
2107046885
2101032321
1090094740
2102036106
2114014175
3174053778
2111081375
2184067517
2141041801
3175025601
1125086336
1105028585
3148008550
1102070257
2106079247
2108074529
2114016598
2110072539
1095084805
3173071510
2184065899
2111057173
2185097629
3149004785
1099076155
2144005043
2111046076
1125012746
3150074167
1125025129
3149063226
1106028577
2102052056
3150048079
3175003357
1128020053
1128066888
1128045024
1106014659
1129069509
1099087646
2108032401
2177080781
1102028640
3178053497
1059078279
1106062088
2049089144
2105050404
1106071785
1131073545
3177066191
2107013568
1100043558
2111092108
3148015296
2106005206
2101084510
2106090431
1100040421
3148072011
2107022509
1131047034
2105026741
2082097289
2085085106
2184041613
1131010676
3147041460
1132006662
1132089546
3178043484
2177045890
1105066486
2178003606
1133027663
2113074196
3149090944
1129055480
3064085511
3150095708
1100064424
2086084214
2108028947
2086085020
2088095056
3177009795
2083093388
2112083955
2180086790
2109077923
3152019697
2110076903
1103050937
1054081435
2167041531
2168008844
1133077147
2112044590
1107090043
1108049226
2167066646
2168031422
1056091632
2048086809
2044099842
3175055228
2186040051
2168057797
2047087701
1060074067
3061084238
2168074937
2160008829
2130022247
1138072975
2185088430
3178015558
2168090924
2054088775
2045089738
1087084214
2168002127
2170034512
1061089782
2169062648
2056091096
2172063091
2056096447
2059099698
2057078789
2062094481
2169024916
2063098113
1107086635
1129013356
2068099867
2069078859
2070093556
2171048758
1061076161
2071086515
1062094567
2091081060
2115042665
1128066758
3166077045
1182035793
1182043310
2159009496
1181061185
2158002068
2159073563
1184016415
1132016322
1064081630
1066092935
2054081302
2075097543
1067079486
2055095930
2172001813
2170065041
1069079857
1133052519
1073082586
3175024673
2078080718
2161037702
2161097708
3056082400
2163003100
1030083631
1034097599
1138031726
2055088164
2076079474
1135051857
2095086522
2172004931
2094078197
1108028823
2116055884
2116068218
2116035537
1135046867
2171035888
1135076506
1073099954
2075095627
2116021003
2076081789
3174040811
2116090819
1137026757
1137042207
1138027011
1109063747
2117083437
2188058259
2160077613
1109003857
3151043210
2057084061
2171028928
2172074388
3175017551
1077078498
1108053311
2071097268
1110006252
3175046703
2171000593
2059079286
2160073751
1136074677
2059077298
1109045658
2076087696
2118041788
2065094200
2061084073
2054086262
3146030235
1077084366
3174065573
2065078077
2070097494
2118027563
1077097849
2069078591
2119006783
2188057180
1017095846
2180067168
1022086803
2162053192
3050090556
2071098283
2180034794
2161035715
1023097324
1109082217
1027092694
2164054181
2163037409
2164005707
2155019225
1193006674
2164064982
3151071769
2156000223
1002097263
1011099867
3061079093
2181031741
2172037647
3146045715
1076098168
1023080391
1079079884
1114054793
1079080006
2144092807
1109012336
2163037053
2068072086
3176034834
3052096534
2146073450
3178046131
1031080518
3175071192
2145075212
2164005474
2164071534
2164074878
2145015908
2154083684
2148087694
2146010077
2173036312
3055088097
3186083072
3177058260
2166003948
1195077619
1037081107
3187024669
1191080165
3187054124
3188051300
1194085977
1196029174
1194000683
1195011987
1196045964
1195008771
3056097277
2146089749
2147008594
3176089696
3179026692
1034094857
2148018706
2146061292
3151095214
2145062456
3061079569
1196055695
1198006075
1198086356
1199071359
1197071110
1199025128
3180008773
2148052650
2001079753
3153003273
1000087972
1006097368
1009085557
3152075095
1003082000
1005089755
1013088242
2166050446
3182086565
3183034786
3182044580
1044084616
3180015634
2004083259
3192015505
3191063157
1174061872
2166072870
1013095567
1016094147
1015094571
1012083995
3188091633
3189057801
7102043570
2147047779
3191022515
2045085976
1199070171
3178060913
2048070290
2002082156
3190059666
3190035547
7101038988
3191007732
2005070595
3181041803
3181052904
3154091229
3190083034
7101024676
3180003861
1198086703
7102053608
1188085408
7102053965
2148062637
1174004207
3153035598
1009092975
3181064945
2132000371
1188047484
7096081960
7099079347
7100036648
2156050992
3192092738
1189019873
1189084829
7102095043
1174034695
1174084594
3193034063
3194022409
7103062709
1186045112
3183037949
2131080824
1042081379
7101017328
1158070362
3194033353
1176007077
1176062458
1176063427
3153061133
3155026182
2149000812
1158079950
3196087310
3156015362
3183083590
3183076572
3155040645
3184023226
3185015670
1186034923
1177049098
2130067468
1047077956
1177032032
3153024812
2132070129
3196097303
1160061438
3002099729
2133002617
7103087335
1176070062
3154086124
7105000410
1178067977
3182082961
3196064480
2149044039
7105092921
3192062330
1158044911
3155034648
1159039142
3156052089
3156025971
2157050832
7103032003
3185021294
3194056271
1159049899
3154094221
1050092317
1178082740
2149031863
3157031218
7104056959
1178040616
1180004272
3186068858
1180061546
2151006815
2152027724
1160042275
3156076917
3166009219
3158029138
2159062260
1182049504
3199064295
1180072152
1177051753
7105062378
7106016630
1140034731
3170047127
3171033380
3198054857
1049086969
3168080781
3158072675
1160071448
3158050418
1182042549
2129081769
1139040597
3167049771
3167019010
3199068850
3187063123
2149079891
1140077175
1141037193
7105062469
7107043157
3159014138
2150092204
1051075450
3186045334
1178072846
3197088019
3184034017
2151090348
3198062159
7106044378
1184006511
2160017357
1181040324
3198026501
1181058122
7107083654
1143049224
2153002778
7108073410
1143012795
2189020135
1145079951
2184076125
1192074226
1149066627
7104040175
7106092100
1183078642
3199034893
4000088469
7095082845
1184008369
3198041617
1179009865
2130089416
4001078562
1043092075
3159092529
1185009242
1185072200
2160062020
2131023466
1144089896
2190014484
1144060326
2134076386
2135070482
2133086087
1169092217
3186079871
1171017237
2187048728
3187037658
2133003860
2187025318
2150035818
2187076555
1144079088
1172012576
1173030825
1142099030
2191004283
2152039968
1162055559
2136015316
7106081309
2154005566
1145061783
7108052921
2154069272
1164046404
1165081207
1171007100
1173041531
2188083785
2191041611
2192067100
2191099812
1145088025
3159081400
1164065102
7109058086
2182066648
1164025920
1191068601
2185030291
1143047296
1167018597
2184085542
2192011764
2194062880
3132066368
2152047732
1191079535
1167004571
3133038511
1165082999
2183014741
1167078187
3160063036
3187086688
7109017410
3171091403
3173003734
3168070199
1164065876
2185019485
2186052624
3171045622
3173013606
3160006698
1165074159
2184010662
1168093716
3188082493
1170038249
1170023060
2133022018
2133032709
2130073479
2134036102
3166030833
2131068431
1141037298
1168041976
2134070712
1173039930
1192080352
2155040171
1193029186
2155006405
1142089339
1153021974
2143077227
2116059042
1156036476
1169020025
7141094832
7146045498
2189045137
2127010147
2126015285
1151006030
2195086993
2196078857
1150091737
7145085165
1145021471
2193052831
1146082497
1147036962
3132083478
1147040816
2196010339
1146027420
1149052985
2195078426
3132095312
1152008675
1148003248
2195083340
2195078181
2195094630
7143035482
7144001925
7145045993
1150037968
1170069743
1156014633
2139085233
2140077736
7148039571
2141000634
2142014660
7149081624
1154096934
1156026815
1154068624
3133042377
3134020481
3135048701
2144032504
1152018529
1156081532
1156070512
3134070784
1151033450
2138011989
7144022559
1157064388
1144021874
3119044030
7144037961
1151037650
2117006303
2117056703
1154011374
1152074563
2137040512
2138064659
7143058483
2137028299
1155057388
2143047511
7151011093
1158017875
175015593
1130027272
2125077909
1136003544
2126014022
7146013352
3134035042
1143026701
2139096548
178064030
2142087608
183012076
1117028545
3141053901
3142008610
168025254
161070608
160081212
7143056666
1135059229
2142047239
2137044935
2126081948
7146006316
1157051090
1133094520
7147008191
1142032490
7152073536
2140042587
2142056544
7150097924
3136091010
1131039240
3135086856
1132029476
1133008618
2141039590
7148062602
2140084776
7149008020
3136000757
176067448
2141073827
7151088231
1136010228
7149061154
3137053095
3138060517
1118012393
1119002153
2128072176
2126037738
178089604
3142042843
179015090
2128037326
7151081498
1114087840
1116022263
168027895
179079169
1117067162
158013349
159078123
1121025562
162036581
161021976
3139002914
3140010154
3141012970
3143026901
3143017936
1119021871
1118061760
159004308
2118039097
159037867
2128088789
1123017463
171021085
171044293
172018782
2104064867
173009055
1121082873
160083672
1121068548
1123012798
1117081600
159060097
1121064941
3136016506
2109014376
2108048197
2110057296
3144035350
191035517
2105020675
2105083214
189036899
3136089469
173007923
172037950
2104066031
174081716
2106008359
174087680
3139032244
3141086693
189003229
3143084708
2106072789
191056126
172033935
2107076707
7152074456
174098704
2130017026
184079934
2108050758
3136040616
2109013578
191004663
194003256
194013400
197043016
191096636
3143096720
7153099500
3138076669
3141022585
1128066777
2118054599
192026226
191026823
194053447
194033227
2109079486
192087424
1124088376
193000563
1126027480
195056434
195056180
196017494
1101009450
1102005123
3120005882
3121010830
2111036480
193079488
1097080175
1127064315
196050991
1100055495
197067402
1129063807
3118017276
180029968
198041786
1100014107
7153004258
181070157
1126049418
7153071618
1128044898
1128029613
3141040865
3143062406
2117075413
2111021506
140064161
1104006782
140075761
2111015806
2168055947
1104082684
1104094719
3144048517
2119082759
3144057529
2118026470
2119085763
3145061640
2121069523
2122059399
2123025987
2123088530
180073161
2118006686
3145003115
2122042031
3118023659
2123030447
2118086574
3145007250
2124041665
7153059083
1129051122
1130091449
175075055
1133085899
1132019314
3118011384
1129076010
2112010687
140045824
176067395
176025393
1132052875
2124019849
2128040643
182089055
1134034461
1105022242
2126086491
2169018729
3121053557
1102071199
1102027270
2173076613
3129034885
1141053825
2132060647
2050097884
2169034594
2114021352
198010727
1106016772
184014001
2130036521
1137033063
179041142
1136041290
2100040231
198017816
184020515
2113086586
2168039618
2113029285
199028001
2169071105
2170060770
2169010496
199087765
139062350
178062636
1104043314
2170036826
198036239
1103036683
2111077668
2114074133
198067985
198063389
196015092
1101090148
197085760
2109055279
1102076405
2073091723
2076074364
1080085982
1084094428
2066088374
2068070491
2180098717
2069079872
184083885
1106043558
2073088958
188024424
188075871
1105062254
3124002866
1083086685
1086086616
3121031659
2181037253
3119061697
2114056410
2077085106
1137076528
1139028620
186077601
3122040842
3123015766
2074092861
2129089960
2047081843
3125089270
2116001738
2100062124
1139051021
2114099106
3122059853
170032310
184048969
185027530
3123090836
1107046983
2077097440
1137062783
2077073364
3121062522
2129032310
3125016451
1137018644
3123082208
1139057305
1107086066
3126038212
2171088531
162059144
2172034531
3169003072
1140048312
1108030969
3127030134
1087084779
1109043892
163063125
2173060773
2173084089
1138052455
1109044409
187074450
1086095778
1110033583
163012805
3127057870
3128034420
2172068797
2130010803
3172008293
2130074980
3167035160
166086752
167085747
165066158
1138084021
1141024543
164001319
1140042708
164079067
2101007003
2045096191
165026727
2101071720
163093718
3126088593
2100063834
3128046811
3125063094
164065803
2131063939
2031082253
2035070950
1089096041
2052087335
2081097155
3127081502
2050087509
2055075774
2057073199
2054095102
3128075509
2102075944
2055097843
2174054795
166089996
1113049537
1114057942
1142064603
2082097008
2016096509
2084093889
2104010115
2026092418
2028076461
2026097603
2032083613
167009496
2029075379
2172065594
2010090047
3131057069
2092099986
1112007137
1109072502
2174097638
2061087246
2039075251
132025453
2041073385
2037091481
2173086132
2007077476
131065260
132066155
133014070
2014073372
2041080004
2008075796
1091075760
3130047566
2010099608
2009092043
1111014128
2101010647
132010993
1091076583
165039679
2175004578
2095070996
2177062941
2178003389
1111074589
3106077588
134012146
168004553
135061714
4160006330
2101087792
2095089404
1141073484
2083097008
2090097437
2083097700
3130008122
3131039844
3101083661
1093075261
3131081264
2093092790
3102023817
3103009406
3104007495
1115010539
2099085614
3103040446
3131092407
3104014526
3104009300
3128083474
2103040231
1111008647
1115069150
2017072576
3105019481
3106062049
134039662
1114089687
136087060
2100024500
2178054839
2100015137
135003811
135043179
136066099
2175048856
136049819
137004227
2098099706
130083822
2176012064
134082408
131047246
127037719
134045338
1112027639
1096084901
1018080994
2179001552
1077084290
1114082976
138097602
2063098287
2105012916
128026872
168087664
2178006474
2180077300
2072090467
115039337
3116057967
3117039535
2180017582
2072093479
2177029690
2181024524
2020075971
1017082470
3120082222
4159054414
4159003325
1011099995
1013083314
120012096
4158001738
1010095403
1020093693
3111073217
3092076286
4161022751
114025158
4160070455
2006099056
3105080256
138049958
161033195
2027082441
2029070382
2033080081
1195004283
2040082511
3108007002
3108030720
3091081521
2029088592
1197060018
1198057914
3109061878
3109029413
2034089136
2037083003
3117007980
2039073556
102066298
103084665
4160012109
3110099840
1019083556
3108030371
2019099950
2016089535
127063444
3110055864
2022090045
3111066897
3112061408
1024077780
129043458
122021496
2022080945
1000092451
3112076570
105089659
105099935
101010827
129072874
128070592
1195064788
126016747
3111022045
1197090636
4157067105
2008089946
3116003127
123077847
1032082807
1199042313
105061915
2019090046
124064993
1029085428
128045030
1012082558
113027081
3113000733
115014484
3095074688
1026087924
3113036656
3114007098
2006082671
104073848
105050277
3112061144
2008091396
1198063338
4161093722
2010095171
4163087198
1033099696
122080698
105016142
122004041
106051817
3174003486
2174046373
2132034286
107074195
3112082933
1035077468
1001082576
3114005611
3114091926
2023097346
4155091637
107041000
4164047111
3115070230
2019096044
116051800
117027603
2133033946
2132047230
4166008179
1143008031
1145000846
117004602
2016079366
1197049557
4156074743
125052565
3098083553
125053169
2020073694
124023118
117041161
108027466
109023741
2016090924
108008940
95083892
2043081197
143052532
120082765
114044637
1008077979
4168005997
1002091321
2020099547
4165044149
3098090342
96074857
1005084861
2001084295
125036942
1001099562
101023824
1003097021
2020091409
3100037266
1008088429
2020096417
1198034938
2037088787
2021097720
4162070812
2002082262
2005094249
3070076884
2135003240
99083782
101045373
101001768
3100083923
1199081638
3101002590
2003099506
100024501
100005445
3065098734
98094556
100055304
3101003497
2002095836
144039737
144025985
3072097524
3073099806
141046626
142014620
1173058430
1174065270
1174004608
142056105
143059341
1175025187
100035392
145063569
146021303
1176037154
1146019238
2132098228
1144063425
4166081834
2043095570
1145028198
2134081737
2135044920
1144088339
2135067778
1147079918
1148081675
116022155
114029755
4157004292
4164031619
2041094415
119013520
2016096622
118022406
115018076
4167072454
146042443
3117000225
150050104
1061094350
4167058959
4169014375
152013439
143084762
1176024135
146078575
147087654
1058098350
148042439
149054442
151030437
1176052645
1178095934
151021508
1175080927
153031832
4168008871
119079705
147069882
153068091
1065099354
154034161
3071071857
1069090261
1070082315
2023086556
151065339
146034861
1069090659
1075089182
4171086608
156063241
157024256
192077425
193011249
155021610
65086414
148038763
155097726
1075096696
154050862
157082025
157017427
4170066195
112021983
2017096081
111032206
4172065030
157065459
158064522
193049415
157033756
148083668
156043536
1073091365
66084220
111054212
73090294
147035040
102068881
112034612
109016866
4173006404
1190014218
149088084
150044876
1190097932
1192044114
194099304
196031535
3075091620
183031257
48073955
2026088285
50094970
47083155
110023161
4171061459
157054024
4171080132
110010502
40095265
184030146
3073097543
158073513
185010506
186022078
196051037
3078081451
1192030783
1193002570
192096628
3084097219
193061020
3046096746
4172063690
3049088725
184043144
74087438
1190016236
184065366
1183024128
79083675
1182094422
1184041238
1192024714
103062443
183058656
44082582
1193055903
185035581
182010161
41081766
1181013308
74091307
1182034228
1183055591
187020355
186053863
76071258
191072516
1186045133
78089412
186071755
187036819
75093807
1184001949
1185019577
180065553
1184039254
187087739
195091808
89095181
196078029
68091443
61081968
191009619
1186064036
86098926
90098788
1186088598
68079696
1178068848
197083163
62077598
1194031396
55095532
198085941
192044303
3083084833
3088072051
1191043721
85076072
3081081055
197073789
63072680
69087480
56090069
198092722
70093960
3052072953
57081496
53085400
54084738
188023093
24088016
188061603
171049197
1178022237
1179080310
55084356
188094120
198082973
171059641
1179061796
50091205
1179062446
190039809
1180054703
1179077955
3050085566
3082088043
190059049
192037983
102049052
172008229
1150036587
162055367
163061158
1161020864
3052080699
182027442
1158084152
1159039229
1160033328
1160071574
1162031953
170024750
1158050533
1160019392
3008094606
1155046737
1187068225
3030070085
21089931
1169050353
1170066747
3030090526
7087992
9083000
2135084070
1149029196
172015448
156048417
157075889
3057090186
3028095183
3030088125
3061073897
1158066523
3041097181
1162082782
1186089162
1156044322
1187026752
3053094534
170060299
3009092494
170081029
162040126
164006643
165025378
172041062
173080273
1163069601
15072664
168023181
1164063957
1165016999
1165029683
1167038640
159048514
1167028490
1168076745
1162027464
1150028616
1164054148
3034098983
164041999
3039087270
157051646
164013626
3006095036
1166078757
1156011330
1169018023
159000413
1169073698
1151058670
1152043191
3055093857
1171046080
1150077600
3031087371
1153001114
1152000631
1162076380
20084814
1153057523
151019234
173088555
19072397
157077456
158042695
1145007815
2176080244
2132091034
1171058116
1173021185
9081302
159021690
1142038732
1144017353
1143082375
151067542
1144024193
1144070051
2137060253
1153092821
1171068327
1154067725
3016088264
1172066757
1173030871
1143048032
151041172
152052756
1145079207
2135056505
2176000173
2177028975
1149007825
3060089100
1144035672
1147001390
2138023127
151039565
1157063092
3014085739
1154010260
2177000218
2140027573
1155001335
1144096611
1144082261
1146010741
1146046414
1173045327
172073493
162034185
3060086636
1143018001
170054533
166043015
146034729
147017026
1149070754
9095395
3035085867
1167001190
162013173
1157060478
1159001850
165065528
1145016931
1146099237
1159037838
1158062669
1159065200
152060410
1146039161
1155037247
3017091395
166049968
8093908
166018392
167018497
1158035059
1154063818
3018085131
165040446
4090213
2195025368
2193006180
1147098813
2194064207
144088368
145046807
1167060485
1149001608
160032274
167000820
160080936
155087692
11098048
2194091522
145015887
3021096955
2099078
161084247
28080730
1155065567
3024088626
153033991
2193035536
2193085882
3021097433
146064959
161065660
78896
146079791
3025085207
1160052783
152013431
153004417
147030770
1161041244
1162024191
148047386
153064020
155084898
36082781
3025089829
143068616
1127044060
1161070069
154003207
1162032090
149030552
153011636
34090959
2191048624
156077661
1168007366
1166036238
155082495
1164044429
1165065624
150018734
150070491
2193021254
2192083221
1164038113
2192066895
2196056873
1163007100
1162087663
32090903
154091508
154054835
1162046597
1129012851
37086036
1129040695
1161081917
149072644
147081656
31071777
1128070023
2155040215
148057575
39091070
141000204
2156043017
1128087735
149037759
1130061840
2154059642
154091511
1155060882
1160042747
153094217
1163087868
150063904
1164035538
1165039676
1165082621
1166078414
159009516
175035247
176003838
2156030793
149055214
2163027914
139056937
139074192
141095911
3001079693
149081750
141074051
1130078983
2164002052
2165078039
1131028508
142099745
121083499
122034796
137051648
7023087458
7025091400
136075005
137020400
1115055850
1115087605
2156052598
138084376
7032097397
2157040383
2158011291
7023082671
2165016697
3003094773
2199080776
1137009646
2175088665
7029071293
136018695
1136022477
1114087268
2164073894
1131014502
2158036212
1129048793
7033096888
7036095784
7036083836
7083094964
140014268
2163028905
2164059848
1119064673
7000090628
1114030495
7036099468
1116044932
7033094713
100063558
101022444
7074085975
100040213
2162069859
7076087865
1116099302
136068343
139023720
2164039930
1118055749
2166026818
7086097171
1117005408
2165053221
2167045864
137089841
142080085
2157074489
142035040
1132011047
2157059216
7077074790
7080089979
2161078425
2163027015
7082083080
100015052
143041252
1132078650
138085091
1133049574
139076522
101050670
95092558
2165015480
139095720
2166004432
2166036857
97082797
99082268
7079077153
2165065350
98081645
2166029121
1134078126
1137080698
7091088556
2167044635
7091089741
7094085946
1118071200
95099905
86085407
90073182
1138007768
84099437
99096788
2166086603
7092071260
2159020869
6199079402
1118082227
7002099784
7001086297
85090975
93094026
7002095243
177027905
178087314
1120007792
7011076055
1122065241
65072855
67097098
7046092251
1101005438
1098074340
85084492
2160018532
2161028754
142007860
2198087326
2199048354
176083261
2199047368
6199085728
88088521
7093097494
1139019038
99085480
1119067069
82085614
2167082146
74088134
7010085035
7011090246
7008091819
78091693
7007097333
1119066836
7006083456
7013082188
1120086158
72099367
86092053
82096967
1120010257
2166076232
178054699
2166068153
178059870
179038170
1121031950
2157070165
7014080523
3003085116
2168031767
7126072221
1123005074
130001404
2167060415
2167091109
178029436
7038085414
1124088330
7041075881
1124006435
1122067254
2161041680
130065771
139084777
1120074310
1125077020
1099072957
1100048359
7049086128
1121045370
7015081539
1124039824
7039095363
66090131
7042090683
1126061717
1126020106
1096097693
7050090283
7050083644
1140000348
1138032173
179089158
7042092171
7051082775
1126044254
1100065469
7053091289
7052089807
2167061210
1139037893
2195059594
2161063795
140082692
1133070389
3004099339
2196005921
1103002463
7054097073
2196023379
1133066723
1139009911
1132016257
2159059840
1102019559
102014062
103018383
1102016290
102091740
1102086426
1102043441
7056074875
7057081910
103039744
7050082909
104021665
178064034
1103014811
2166068507
7126065442
7060081188
103088268
7061071382
104047112
7064073070
1104025701
123072293
1140080472
1106007080
1106065897
1107005447
7059090026
7066099900
104095632
105088142
1105036778
1105056750
1140030731
105000493
105060735
130062829
1142015016
123083548
124072293
123016612
124076445
7126096103
106043182
106006164
1106004370
7127005451
7127082537
7128046857
7129029077
125047627
124037441
126083716
127043706
7065095987
106026167
2172083243
128043223
107034517
106070855
2166091717
2168026880
2169016491
2170011371
2170069734
127028926
2171018994
1105071082
2172087381
1106088479
7068095833
7071073666
7071091326
107088502
2169010134
2171002001
7069084303
2169007208
2172045665
108047422
1108039634
1109037136
1134079242
58090694
4008091414
1076094527
7071083035
2169075904
1138063909
128051289
2176058472
124051924
2174005846
1107067148
56099909
61089265
64079186
1107073900
7127080309
1142067310
1111061659
7129070843
2176087836
2161083082
4015097811
6184083169
4016087259
2162081891
2196029659
2196044334
2198021308
2177001833
1108017474
4003095305
1109068100
1108007395
1109078632
1110068926
4006093015
1107069000
64084770
1111039033
7128045721
2160085613
6184043476
4012089026
4004080702
1079080883
126089248
121057576
2173066704
2174085090
1108068928
2174024023
1111043089
1112005818
7130033455
7131008832
4010082164
2145068542
1111024212
2196075231
1077097128
2163078312
1080097919
4008083387
4009095615
4005081576
1041081628
6187080948
6187090927
55083741
1038075053
1059089316
1043097363
1094073643
6186080423
7072089997
2146097605
1083095678
4019077996
44096341
45085938
49076389
2198086324
1136071889
2164004994
1135089367
4019093264
1086075167
1089080496
4020093433
1087085343
1090099646
55089023
1084081020
1036075596
44083597
47075997
51097180
53089560
2199025740
7130017640
2175094605
2199010379
1089087865
6185077107
55076472
53079093
47098714
1092084414
1094088545
1094090608
6186076435
6190082436
6191087166
6189051092
6189064068
2151022368
121086140
27081140
6180051340
6187031547
6188037017
2149089634
1061086326
1038086457
6187028829
1044093206
6188067319
2147052224
2148022283
2149010648
2149061605
2152064320
2152017446
1048096560
1065070757
2149088086
2147062434
2150092327
1065081669
2151068982
1061093201
1064098378
2151048430
1044088379
7140081705
6177041078
7139070771
6174087392
1050085046
6190001909
128075887
7140029119
1062097141
1053083808
6189046446
1048087391
6191083629
2150037751
6176068410
6177064365
7140079237
7141044061
6179024006
1049080827
1050089604
6178062513
6193037390
7141005360
6194075023
6196055402
6197011817
6195030183
1068078663
6193019813
6194032618
6192022849
6176017864
6175086413
6179014401
6179083123
2176019029
6192061732
6193067194
1054093151
6176073884
2152097205
1070070793
6193040681
1050080373
6195025290
6180047851
6180040947
6177084321
7140082045
1073090061
6180026324
6169010499
24087100
6179085722
2179047608
1074098110
2176082875
2177065320
27093148
29085704
2178073961
6197022428
6197080494
6198049783
30072777
6192077856
2152049654
2180009303
2178047069
2181010712
2181042519
7141079469
1051085867
1111002029
7142086462
1051077483
2152077250
1055087795
6194091724
2180003406
2181075232
6169041586
2183006635
7143084040
2183021580
2183032501
6181072253
7143049237
7144025447
2184047634
2181045291
2182097608
7149018681
9153090516
7033090047
9159058291
9158014824
13070074
2159089612
9159085163
7144065584
7144078556
6182025350
2184071223
1042075298
6170072334
23081130
1055088436
6183058846
7143064761
1074096075
1020087159
9149047709
6170079561
9150060115
2179014455
18088565
21087396
32098479
1042086249
2184051002
2182049846
6181095327
7131062130
120034381
112087553
9151069183
9153051017
7148064690
9151069359
7147042305
7146090314
7147071666
9150083336
7132004453
119075548
1073084863
33097369
20097732
7146062901
2154044272
35087193
119092820
7132078559
2185019721
7144040079
2186073217
2187055451
7145091019
2188062531
35097172
1002083218
2158044490
7146030050
7148012253
9150010366
9151044361
7150037745
7152025121
7145047123
1026080080
2157039259
2157081724
6181036374
7147064631
2159002822
2159092016
7148091626
9154043376
7149081797
7150035529
2159023327
9158039914
7147001300
9155070927
1028084116
9154083240
1029086137
1031095652
7150072297
9154037471
9156061947
1027081144
5081295
11087780
9157037403
2157030221
9155088946
9156029606
1032077793
1093345
8088861
9158025303
9158099937
2154087731
36099891
6171005185
1031098916
1034097936
9160006535
9161010421
6171017906
6172020909
13096557
90439
2131078280
1041085845
15077272
6172036375
6170081984
2130067826
2134016109
6173076072
7138056457
6174083333
7046093094
9160072445
9161059333
9158038116
7037099651
1038092815
1034087694
43091321
9070467
7035089978
7037071284
2158018849
14093220
39081495
36077159
15090746
7151077025
42087566
2159049305
7137052444
6172038459
1044076367
42087278
6173008292
1046091365
6172070498
1043093304
6172072666
2132007997
7044096255
6172037520
6173026049
2154090235
1040080745
6173063047
7139017848
7138049048
7138088813
9084089437
9178037984
3044073552
2116004011
4145090205
4144053422
9172001811
7100003668
9170082098
6177077799
6185051595
7114096929
4142036011
7117009871
7040094149
6176013695
9162009092
9158067114
6187077813
3044077275
6185072944
2132009817
2132075622
7036098474
7116008866
9191006821
9190065144
6186093115
6188004585
4144004853
6187049977
6189005540
6188081327
9084080744
2141051603
9078092666
9162084772
9190038263
7118009692
7114086922
9189015762
7114053298
7115042197
7118068525
6189065135
9083089145
3045086378
9163052793
7118068226
7119063646
9164018225
7043078193
2132019789
9190078006
9163035705
9164062776
7120015022
7120022841
7040099536
9165047713
7120022817
2135025092
7048093213
1008072984
2144056097
9165078364
6189023837
2133002666
2134036869
9166020004
9165083558
2143084336
9080098521
6186070043
2141052583
9077086758
6188012350
9167012211
9167064593
9167078596
2144064623
9081070752
2144055595
9166028409
7121097537
2134099515
2136038768
7039084990
6186059963
9163095105
2143080955
2145058916
9178096028
6189071637
4143003276
7122032439
7119054202
9165035035
7091090274
9167031907
2146002259
4144023582
4145013384
7095081869
9168081308
9169021149
4144031209
1009087744
7093078566
4144041925
9170051907
4144053937
4146033816
9170073218
2146019174
7099081258
9170023738
9171016821
2135094726
2140056396
9180010262
6191096607
6183001104
9074083006
6183071804
1013071174
2138096838
1016072374
9169077060
7095096066
7100003332
4146095434
4147004558
4146078143
4147030031
7049091744
9067089882
9065080547
9068087896
1012080144
2134040423
1011088791
1012074359
7051079797
9163000850
2134077837
9067094997
9072081127
2137046845
6181053022
2136020071
1018076985
9077085275
1012083216
2136086057
2136028931
9071070096
9075081736
2139003024
6182061224
3047095973
9070093770
4148090737
6192079126
3054070277
4151035521
7105030437
7105053453
7102022733
2117039644
2141080750
6181083391
6182009133
6184033333
6184056177
7100080180
9172080569
3049085527
9179081550
1018081226
6183041627
2140018794
9178077076
3048099750
9179014708
6183080747
9173065929
6182028060
9172082993
4148046023
2140007001
6191027750
6190057090
9179085571
6186087672
4149053565
9176061503
9180088587
1018086887
3046088082
3053085203
3054089764
6192082625
9182012321
6193058738
4150024812
9179054883
2117086216
2118074823
9174020511
4152098021
9181048552
9175011276
7103025531
7103082862
4151075195
4152059962
4148080248
9174070625
9175012969
4149042005
4149083360
9176034968
7105000137
7102049865
2120093412
9183056571
9184073432
6193059145
2119037402
2116070388
2117051375
2118005776
9176090307
2118016702
7106071258
9176071147
2116039526
4151055859
2118033441
9170072779
7107046913
7100078193
7105063172
4153011076
7107051990
4147039142
9172035337
2118084774
6176021061
6198056906
6199055874
9172097429
2119067052
2121025800
6195000681
4153081474
4150003802
9177052272
6094094867
9182076172
9181082741
3055099885
9186044686
7109045341
7108021792
7108080838
6194008692
9185013197
9181096408
9173017863
9184080825
6194022265
9186067933
9185040049
3054096310
9182080851
9182088136
9187073917
7108059223
7108002931
9185067258
4150009315
9186046595
9184078554
2142021351
7107085233
2143015417
9185085518
4153031341
9187056073
6097096777
3059084701
7110005481
4154040260
2119041361
7110059917
6099090992
9175085061
2142063693
7104055969
6101004514
7111093646
9188034864
3060083426
6095087202
9175081163
7104079603
6101000225
4155060880
7104084686
6195051264
7109088705
4149012275
7110040364
2123017935
2124065222
2125048567
7112061159
7112061016
4155080497
6177040284
6178000019
6106066223
7113022376
3060085339
6177008376
6107064937
4155006536
7113071561
6107094720
2125070876
2126027441
6093091900
9189072557
6170075683
7114027958
2128005332
2125039245
2128015850
6169008433
2127052897
7115010116
6178039304
4154070222
3060093749
6196010036
6170001010
2100079946
7112057350
3058086203
9189039319
4155053289
2127074663
2128084438
6171007001
6171062671
2129089999
2103033929
6107076367
6171000588
6172013058
9189005701
9189046297
2101071280
2100050533
2129028655
7003080403
6178075432
6199062089
3060098363
2103018242
7005086675
2143051212
6109046284
6108058805
6199050695
6109072058
7003077395
9138008785
9138067226
9139004926
9134069049
9135059631
2130023768
2102026396
2103022695
7006092367
9135081817
6178002224
9137007208
6180021567
6181003474
9050077189
7018087475
2121059176
6181003385
9136018641
6172085974
6173073344
6195077003
9138005112
6173080846
6196093132
6174063494
6174073821
9139022492
7010080920
6181084630
9139040595
9140042515
6182063594
6172032128
6103087770
9144074412
9145024069
6105043174
6177037436
7052095879
6175014896
6198016705
9141050647
9140030454
6172007104
6194052166
9136072565
6103022619
6175065278
6176019041
6102065918
6103053765
6103083740
6175016374
9191016389
9146020445
9145053992
9147011610
9147087630
9147047345
9148067099
9149061696
7022098884
7026089043
6198038631
6176014246
9141050993
9148086497
7062081337
7020078553
7023090456
9146018333
6182027902
6138070653
2125006234
7057094142
9057088752
7019088956
6107040566
9058092106
7068096102
2121048107
2122057959
6105062827
7030095632
6106061956
7059095211
7053091010
6104079545
9140031029
9052096994
6137084253
2123053082
7056091894
7059087898
2124089490
7066096873
9048084853
7064093676
6108017300
7057070351
6107062947
2123038718
7031093081
7028079163
7069099907
7019070855
6139078124
6141013307
9055073470
2123090018
6138060445
6139036905
7016075169
6139043075
7019071566
6139079110
9059092778
6178019587
6139012633
2113029598
9111000085
9111075837
2110035075
9114036614
2104054603
9143023792
9140030248
6177083109
9059084414
6175087511
9142070294
2104020093
9055099728
6141037750
7031096582
9130098223
7014084036
6185059815
6140005112
6184096724
9145083259
9146073609
9141001448
9063086238
9141003618
9064082335
7024073573
9145012349
9145067842
9131061989
9132080535
9129013492
9128076417
9161059631
9164014984
9143081525
192028395
9130058187
9126044476
9126068230
9131007422
9132004559
6148057454
9132091032
9160076539
9128027500
9162049748
9132099905
6150062388
9131076548
9160075750
9133053318
9134015743
193019193
193072146
193047798
9134003933
9134043367
9130006558
6150033388
9163017765
9148080223
9111073927
185066513
186023881
9134014750
194055412
9106038379
9135008575
9107025244
194088754
9148066152
2108012998
2111044983
186090800
180078445
2112044871
2112029263
2111081024
9113002118
9112006714
9113075401
9171002625
2112015245
2109094130
2112056946
186085406
2113065464
2114058051
2114009013
178045562
2108082584
2109071448
9112087829
9112097747
194086014
195047590
180086590
2112014548
178077669
9172063028
2114000078
2115057132
181072273
9171030066
9172064886
179027274
7017082055
2114034143
179074632
179037415
9164082409
6142020092
9175089462
6141026034
9177038466
196005333
9108014592
6141099438
9106074882
2115034447
9176031362
195071166
2105082400
9173040994
9174000329
7019071282
7020084050
9174074067
7022080443
9176012101
9114096327
9175001021
9116019687
6141053593
9120089776
9172031057
9176029167
9173059372
9177017118
9108001614
9108064318
179088876
7021078197
6142055597
2114048504
9115038356
196074120
9121016840
9116043620
2106025115
9121037559
9108083950
9107088331
9114033801
9176021327
2115075386
2107009012
6142094740
9121072278
7030080056
198022274
9177011917
6182074202
9110003106
184010733
189068931
182023349
6143045306
6143074672
7025079889
9123053268
9121032617
9122059833
7026083040
9116034538
9165015069
9166061659
9167037660
9122073320
7024097592
197088542
6143085397
2115031215
198049164
198067095
199081845
9124012823
9177049512
192021433
6145060938
9109010995
9110003226
9123070058
9177001660
6145015970
9125042399
6146013437
7027093519
191027624
7035090978
9118006379
9125052352
7034091290
191005967
9119052692
9110006276
187042990
191047459
9166082576
6144020129
191072760
192079117
9118066425
9118082886
9125047525
187040978
6182081481
9119024920
199072037
9167018990
189009025
9109036127
9169089195
9167080718
9169012432
188042063
9110022073
9167045032
187097401
9167059912
188074940
9168001053
190078940
183015566
184067689
188056452
190039547
9168035282
182079333
184014320
8193052902
162054450
8194000308
8194080613
162046083
8197055594
8189064088
160089059
9169036632
188023216
9170030837
2108069336
9113051718
183023353
2110016530
185016813
9111041333
185017438
8192043648
9110028647
9177096624
8191084211
8192075737
8193068616
8194069726
8196029405
8197008999
6147019501
6147084195
9178030842
8192011209
8193076484
8195094214
161075558
6184012627
8197020228
8198075715
9180027148
9116064810
8191048103
6146071895
160035402
6145064676
8195086376
9179088497
2083087028
6148006491
154031513
154075473
8188095206
155013870
8199051041
9002095646
163021379
164045371
2085071376
8197071040
8189069678
2084082349
8190040981
163003006
2087071089
155049100
8198083644
8199049180
2088088107
6147046173
9177071998
2092084851
2087089560
2107024651
8190017706
9003094861
8190029601
6148081478
2107058427
9118060705
2090075857
8199040351
164043962
7035078387
9180086495
9182027047
6148085867
9028090257
2091074791
9033094479
9159039301
9029097216
9126066474
9129019476
6147099349
156000888
6183051062
9179095103
6150088560
9159003849
9188052900
9129032858
6182073132
6184037722
164074136
9189045670
9158019142
9185080849
9186071001
2044085465
9010093302
2093089813
9015089402
156070415
8185059578
9016083913
9012075579
9005089054
2064086285
9180065556
2096081930
9046089376
9159074488
9013095441
9033088678
2095093163
9158086751
9189024060
2093097461
9146008960
9189091922
9181084601
2098089748
8157002685
2057097876
8187015182
2051078963
2057091768
2060084430
2053095645
2057088393
149060079
9189094108
9188092503
147020545
9183034386
9190047798
9146026702
9157032937
2045077064
9011097790
2062072666
9188033259
2099093501
8187040679
8183041662
9038090684
156092913
9039081971
8183027472
8188029084
2048083667
8183032247
9158013040
2054096362
8185039866
8186077656
2048075854
148022303
8185061560
2026084996
2028088919
148039221
2028072785
8157026568
9150035872
2077093324
9149071083
9151015519
141033666
8188063687
2053073452
2031096274
9159071321
9115071180
8158055799
9119060786
8161037855
9117088350
9119015436
8160005624
8160051781
9119043904
8159015460
9116017131
9117011020
8159046894
8160062673
9116016877
9116093102
8158089785
9119094917
8161048328
9119076371
9035086608
8161015814
9184069920
9147013321
9117085217
8159045251
9120072802
150024860
156084213
157050473
2069083683
2073095554
9144055650
8161051056
150031246
9121021133
8159015903
8160084412
9147076762
9041086691
9044090145
9148036771
157010583
9147070429
9148041595
9026079261
2073097360
2076092005
2098082543
9183036887
8175039649
9035084095
9149053756
2071074871
9185006874
8163060799
9043089312
9184091015
9024079989
8175086091
9147054016
9150020475
8176006178
8177011699
156018726
9150004220
9151048657
2032088722
151008068
2033090486
141027311
2033074482
8165030257
151049551
2037095290
8167032944
141056223
142041160
142009535
2037087416
8165058011
8176048358
8176009520
158037664
157058200
9152032414
8178018820
2035080255
8166048465
143018489
8164072830
142037366
159010068
8178050543
9152049373
9153003355
159010203
8166029378
9152067474
9154027656
8164030661
8165039611
142078184
9120082565
9153020531
9185026163
2039098406
9119082592
9121076964
8180023661
142071098
8178013330
151011803
8167045562
9153065384
9183047856
148051475
9154056034
8182045023
8185004685
8184059976
6159053948
143079342
8181021062
144073533
9155025884
9123031056
151077631
2038093239
9123062371
9125021434
144029725
8180043203
2039091663
2041080525
9153073270
9124008400
9124064717
9038075384
152071179
2006078394
8181047298
8182041922
148025671
153067905
2007092647
9125003028
9156023870
9124070844
2010074779
9125072745
8182051723
8182081694
9156096938
153007690
8183000313
148018292
9158010132
8184086574
122080775
6132075808
8184070358
9036080731
9040094025
6160028339
9186045244
2072075769
2002092009
2000085184
9188084154
2072090935
9187000780
9011076768
2003084774
9142062571
136071198
2003098535
139017014
137037311
2003082855
139066816
6131026569
129079513
1175039033
130024651
6127070843
1195082757
1196088921
9130070204
167095438
168087914
6160088640
9131047022
9131082703
6160058748
9143058111
6128052192
6162052514
1197092028
9130076001
6160043906
168033937
6162076462
9131045847
166053435
1196026575
1196040246
1197042473
6132001853
9144076149
9144040615
6133015182
130059427
139007202
6130015408
6133000719
8187071293
9145063005
130065112
6133057044
2012085008
9125033100
131028393
132021346
6133083787
6134067008
6108078078
8188047381
122029336
123026706
8188077441
123095846
6130078188
6135001544
8189072700
8189077586
9135032564
6164011817
9126054767
9132082789
9127030570
1175006729
122065056
8188073019
6137009544
6133081740
1175086198
1177074680
1178051265
1178040698
124046413
9126089431
125010132
1179088224
6160047063
8190063013
9127028329
2010094105
9132076847
9134000243
6163039553
9132090826
6136026224
1176014798
1176073825
6108070433
1178017786
1178079702
6111019549
6135085825
169061811
9133042849
1176025984
6163073218
1198070043
2007086999
144025204
144046492
2040074398
9023086728
9136030233
9135099218
2014084586
8189079772
6168056899
9135025418
2007072162
1199044501
9133072261
145082454
2015097949
2019087040
9134073263
169053667
9128086646
169062747
8168006378
8168064579
133072342
9136061141
1199051874
132058710
2020083824
2023094828
133044082
6165001024
6164088814
6165068164
132076063
9135039460
9137025270
9138032666
6166080378
8169052863
8170052576
6168018690
6137002852
9137072161
9138043191
9129032446
9130018882
9128056977
6123055867
6124008324
125045801
1181040088
8167029585
6167065634
8169083542
1185049617
133075180
9137015490
8167096635
146063508
140047544
140037303
1182008923
6168043150
141010576
2011078374
1181085161
1182038473
6124077602
9129077576
9138045856
8192002531
1185008324
146064051
134049199
8190067800
146040860
9139007745
135031790
1183046186
1184046010
9024090827
1190057396
6124057666
6125065212
8170004526
1182085001
9139053388
6166018720
1184073351
6168061763
6123080840
1181068923
134085172
6155022063
6156057554
8173054793
6157045722
6158031154
9030080720
9141055836
8193067966
1160009710
9140050097
6111035365
6126073079
1192027101
165066929
134062912
6113012889
9141046621
135065845
1190026669
8192029931
6125040739
2023087983
9026096647
9027072295
9030098215
140086637
2023097925
1191036551
1192051717
1191040534
1192034483
1194015817
6153040982
6154022034
8171004400
166011270
1191089468
1192071443
8170061878
8171017788
8172067915
8172071685
8174031445
6154063668
6156023639
6157066861
8172057249
1193065746
1194060080
8173007301
6153091214
1195030200
9035079487
6157036809
9032094333
6157095620
6159018129
136006478
6126024985
6127074117
9141012629
6127087021
6123069553
137054976
6127071333
9141036855
6125031653
9143004185
9144019991
6129091227
1199063866
1186017053
6085083503
6140026212
8193058127
8193017764
8194032146
1186067181
1160041433
1194029640
9035098790
166052246
1196031272
9065089098
9067082938
112064321
6114028304
6088095651
1160027915
1159073248
8193073952
9031092123
1187058865
6141071209
6090073777
6143062927
1183004380
9110010348
9111059918
9112022915
6142033903
9112079888
1187095408
1189013382
1188035448
1189018341
125072575
126045803
1189068238
9112053657
6142023235
9107060760
9108097007
6139065587
8193012244
1188021726
1185032753
9063085139
6087097430
6084081638
9110062484
6141072507
113037562
1166028754
1167015725
9113035868
6144075600
1162000829
6144050584
6144087163
121029313
9110034580
6143034106
1162046870
1163064663
8195019471
1159076185
113082601
113055434
6089096443
8197077977
8198027246
8193090116
9112091141
9113073589
9113045377
1167043736
1166012218
6142079990
8198022584
6144078761
6146050256
9114072685
9081088765
9114082965
6144092830
8198055762
8195009805
6115039925
8199005501
6113085507
6147025792
6147011360
6113053158
6091094443
9078072250
104003394
6065096591
103082053
114084077
9071090766
1163047092
9085093031
121066964
9114007515
127026175
1162077286
6092072168
114088554
110020438
6085082043
9086091885
6147073121
127055689
9061071290
111016780
112066893
113062125
6055092485
103017660
9073071773
6059097276
9009078877
6059091670
103039485
