3124089659
3125082470
3114005873
2141054317
3168012473
3127052513
3128001798
3112094135
2142049366
3115089546
3168072371
3125088652
2141045060
3126032977
3129065372
3054089218
2142034929
3127075788
2144091220
3059074573
3125019575
3116061343
3126049201
3106064596
2142077626
2144012452
3114042975
3116055237
3107006078
3110086238
3129003754
2143091942
3130016384
2145027928
3117045554
3128064634
2127085935
3063087510
2124009699
2125025773
3111068353
4014095819
3125075628
3110034736
2124059835
3106024578
2125034803
3063090407
3104077208
2126077353
3108035010
3106053172
3110018999
2127094817
3128077536
2145081150
4017088055
2146094143
2152091634
3111018577
3079095404
2154012940
2154081685
3124020394
2142029168
3106015791
3060081436
3060083352
2143096447
2146064155
3107075243
3080087009
3121064232
3121031528
2147051311
2148076008
2149087603
4124065687
3069088095
3100062936
3070084111
3066089950
2128065580
2128071875
3081094399
3070090357
3119099825
2128078360
2147012517
3118025360
3132053579
3111043358
3068076891
3133067722
3144047752
3133018142
3097096409
3143005950
3096097661
3021082258
3018081845
3023075456
3026075297
3144013926
3133080592
3133049800
3145077668
8139029062
3145079295
4123095043
3093082806
3121026576
3093086601
3084096106
4016097092
2147014834
2148054625
3072082711
3107022978
3089089094
2150080606
2151049787
3122036180
2148074337
3088086319
2148069013
3090078080
2150043599
2152066520
2151034007
3123058567
3087085809
2150086937
3123043369
3124047719
2151044141
3125002323
3126036063
3126073922
3127038695
3072084896
3074096863
3107056465
2129075158
3125057295
3126052378
3098081211
3100043128
3124026576
3101042257
3102015809
3126059483
3071075761
2131006291
3108033500
3100080496
3102076209
3103060679
2124041186
3061085244
4024070179
3028093543
2100077091
3091099880
3103012241
3096096067
3101009797
3103013957
2153072471
2154064763
3109084915
3071098154
2100044139
2100099203
2132059215
3104067317
2153027916
2151063280
2127087983
2125007685
2131018354
2131089168
2093077247
2131035145
2094093529
3065091158
3067093293
3029086357
3030082939
4025099870
3194034892
2097081701
3068098262
2101053570
3031087341
3110046467
3066095587
2098074773
3125061459
3126016760
2101082074
3135009047
3125050126
3146019269
3127010474
3111062638
2132034663
3144024679
2102069620
3072070256
3111014086
3144077908
2098077357
3110005721
3032093667
2103005771
2103089652
2104010276
3036088911
3039076786
3134094813
2101077430
3073078285
4019070483
2131010294
2133076971
2100000690
2105000363
2105075993
3194033072
3035072870
3032085883
2103000790
3033085029
2107016632
3081077752
3040091954
3043082221
2076096115
2105044967
3195016331
2080073364
3040091125
3076088231
2104021208
3041083139
3039072481
2106050553
3027084977
3027090934
2107031469
3036085852
2073085913
3194067152
2105065522
3029075978
3032077257
3032099234
3034081301
2077096846
2077088660
3035083479
2075077952
3034085492
3195047925
3195097821
9103023154
3196078092
3195066878
3126060099
3197020768
3127077627
3147064902
3028094602
2074075990
3134032909
2080081789
3128043663
2082077483
3112057762
3146052207
3007095695
2134030508
3111025702
2082082691
3126071989
3083080347
3136064494
3149063276
3149068592
3085091800
3146074555
3089072392
2135029894
2085089253
3084097645
2107052787
3082091556
3147072540
2199004386
2136010037
9105013286
4121093219
3013087691
2114016359
2111095723
2043080431
3198027030
3035090713
3039095916
3136053114
3128099644
3197067864
3007096920
3136066567
2133047270
3148039347
3136050018
2135050166
3039079356
2082091489
2196072030
2198014644
3037091795
3042079770
2108041558
3011093227
3197060585
2109074091
2110056450
2108042842
3138021487
3150007574
2196070005
3138018658
3042097398
3008086745
2110097545
2108074152
2110012284
2111038568
3008078676
3011078977
2198007564
2136065367
2137004778
3129071601
3090075959
3130068852
3131057361
3129032308
2137056604
2138038735
2137068050
4020077678
2197089322
3012071977
2110057254
2135008432
2135041635
3092089294
2136086779
3130007848
4105027424
2140002153
3095080165
4121017796
3129015858
2139070039
2137023606
2139035694
4118028606
3132059184
2141003110
4125051883
4120052672
4124003113
4125082088
4104006598
9103064821
3094072771
2034093795
2196084963
9102038322
4126037840
4123012227
4124046916
3138024231
4126076663
4124013128
4122017394
2197060274
3138062116
3096092832
2198093901
3152036692
3001072953
3154063043
3001082213
3149096840
3138083253
2043085544
3152086438
2042095100
3003073882
2047070263
2112067419
2198067121
2197009570
2040082130
2199076707
2048072090
2038091708
2113033808
3198083079
2198097110
2199021599
2199024723
3000075756
3003071853
2199046159
3001092999
3155011592
2019080378
2048081257
2110020616
3153031804
2050095299
2020083560
2178058625
3012095782
3153046918
3007088629
2176063061
2113012393
3005093482
2051084684
3154075948
3006082400
2197031980
4178076022
3013087483
3198052923
3016070891
2112074593
2036074081
4021099184
2041081728
2115001732
3155018387
3155038005
3016079983
2199061309
3007099213
3004091576
2017070654
2115086906
2116041888
2022075886
3010096903
3010090480
3013087187
3028082285
2118030719
2192065524
2193025640
2191031837
3199051055
3156039719
3016091860
3019071173
3156036580
3020093250
3019092393
3009083125
2114011562
2117065096
2091090663
2023098294
2177057344
2020099172
3156045305
3018090315
3157003013
3157089104
2115029322
3015090989
3021081086
4179085310
3157072902
3023099117
2114042468
2192062274
2118060540
3157083926
2117017492
3005082634
2025096529
3179081573
3021098888
3025081839
2192066934
2191018131
3023080546
3158007570
3024098803
4001080264
3199097210
4023098266
2119058714
3030093773
2179073013
4007087526
2181022907
2186008597
4180079026
2191036753
3066089364
2119052962
2192061400
2119049831
2120019696
4174018579
4119046350
4124069148
2190000800
2011096454
3182088890
4184050694
2012093036
4003086626
1183064431
3183074387
4173035977
3184065946
4185069985
2024080696
2193075714
2161004600
4180059465
2179043186
2180007848
2192004172
2161073459
4185062356
3184001614
4173085081
3180050779
4174070038
4005099053
4007095920
2180071787
2194051907
4185059983
3179014390
3181007685
2008087424
2119036340
2180003579
2191060265
2180094717
2027099377
2183068244
4177010495
4183081378
3182005699
2120043831
2182045329
2194044269
2189037313
4174085440
4174086739
2181077214
4174077854
1184040274
4175006580
3185014164
3183051967
4007093208
2014088919
4175090413
4176008062
2121072695
2182043550
4175039105
4180089830
1184044160
4175040678
4181039987
2161018986
4182025820
2179052631
2161080278
4177013100
2181016255
2163007834
2195025406
2026087371
2184061612
2183098732
1184032652
1198017365
2122085444
2033075989
2184082234
2185046143
4178040722
4179023818
1185075229
4187078236
2036071786
2163053023
3182004325
2123064595
3187007439
2033081058
2033086825
2196013523
3186073363
4178047654
1187005804
2197067956
2122027790
2185094001
2186058800
2192086087
1185085388
2168070955
2167016306
1194077073
1195077284
1195065310
4187036259
2036089863
1186002307
1198010289
2163098615
2121077356
1194036978
2191085441
2192008975
2187025506
4176039729
1199047489
2122035876
2000081624
1192030179
3186030983
3190035876
1198024974
1193003037
2173046792
2000095454
3191020513
1184086177
2001095812
4183014967
4183028335
4183003754
9104025089
3192031861
1193016752
1194033493
2174040957
2176000132
2174078643
1197051896
2167081367
2165033713
2146033865
2145088207
2146074942
2194008570
2170002297
1176072475
2199052676
1190065685
3189097211
2165046290
2164059729
3185044475
1184057219
2189008401
1186023377
2166049276
3188005687
4124084802
2164006979
2166065699
2185069297
2003084900
1196014890
3192009490
1194083048
4126086113
4127033862
1179066575
2156011664
2157059986
2198045343
2194024597
1189008773
2148087013
2153063013
3001099810
2153090713
3165072246
3166073974
1196073866
1197050384
1178063821
3191096524
2145084238
2194081262
2195065269
2147032302
1170037617
2147044758
2196007400
1196018387
3193018601
2146084995
1169028016
3193040643
3161049294
2165034938
2168085215
2169049068
1169060192
2186079011
2146078313
3191084694
1168019454
2196021778
2149035544
1173047502
2196035142
2005097622
2149055304
1172067541
2150070964
3161015264
2000090288
1171055410
2149065372
1170000099
2191042087
2186084183
2188072505
2169058355
1170070337
1172062850
2187081287
1171086631
2165011479
2008072162
2166081899
2189048604
2189072952
2188033487
2170081223
1190046819
1170091938
1181006129
2150066956
3165047738
1172058201
2197058941
2191040604
4183067533
3162004730
2151039933
1173078223
1174073674
1174079728
1175066798
3189011286
2149032389
2149075269
1176079131
2170068234
2189013788
3189054173
1190079136
2151011150
2151054063
1198071711
1199092711
1173024200
1177075123
2152045358
2198045882
1175069197
1177044501
4182046314
1191046403
1177032319
3182086753
2192073294
2153002102
2168079425
2154016462
1173073579
1178089821
2140065655
1149026219
1151031714
1179070520
2190039196
1177060903
2140031046
1153011989
1177043590
2138012133
2139039482
2177053667
2178082211
3188098907
1149047902
1150098812
1177081057
2172034753
2141054982
2155007893
1191009884
1153078694
2171013835
1192029520
3162085345
2155064660
1152056878
2140033557
3163016516
3161000270
2155057990
1180036604
3164043557
2157056334
2158022004
2199094219
1180086403
1112078221
2180008628
2157053325
3164006590
1110052248
1111027125
2121024849
2123027753
1114072630
2121068152
1112035292
1112030031
1113079183
1111027794
2180055505
2120020833
1112085649
2122021056
1114040397
2122056264
2124001876
2182041585
1115016233
1115054519
1115051986
2127071861
1116083056
2182066813
1127041874
2145057278
1152087450
2182079239
2125018051
1119078816
1121023883
1122075844
2127045942
1116000232
2127060530
2097096038
2173032496
3146063148
3147066195
1113004920
2122084954
2124067407
1117018704
1118022852
2125027215
1118031084
1117068873
2140096730
2142025537
1154076093
1192096111
2127075056
1120050156
2181086431
1121049000
2129021867
1117094334
2126021919
2124015762
1120068809
2183066500
2184056882
1116073079
3190022085
2141084285
1093081935
1121081182
2129026124
2126077317
1123015195
2101082035
1092076853
2101015591
1129090133
1127037465
2112087393
1119059351
2143009036
1154086807
1123079417
1154027538
1123038035
2127065728
1124014873
1124030267
2172058142
2114065886
1125015903
2145057130
1152059960
2193053656
1104092507
1121061713
2145072268
1122052765
2101032152
2101080247
1102033090
1102081530
2108092104
1154062598
1125015648
2103009381
2104046930
2113028137
1127007868
1103073711
1105024894
1126041479
1127097415
2107089759
2108017730
1122080360
1091095575
2101087360
2114040837
3175003709
2112007933
2184085419
2141081364
3175032161
1101083999
1104081687
1102012528
2108037050
2109038370
2100072425
2114030316
2110078907
1126098548
3174041228
1096070058
2111004078
3149002570
3149010779
1123015845
2144042907
2111051475
2112096349
3150085256
1126031294
3149092910
1131050627
1104076833
3151000917
3175063264
1127046516
3174078180
2184037834
1106026759
1130066750
2104059604
2108042304
2178074666
1127091603
3178078909
1059088712
1106077186
2103011405
2105070006
1106086725
3176009992
3176082249
2107000406
1100055898
2112034922
2104052107
3146098204
2102007103
2106044139
1100051530
1098089470
1092098856
1099090440
2106002314
2083084547
3148096843
2104069319
1130088186
3148080869
1132056099
3176065983
3178086977
3151012798
1107014517
1132051749
1133087816
2115074697
3149097939
1130023030
3064091846
2107057441
1100071720
1101038271
2114040839
2087072452
2089084847
2108033157
2084080037
3176081866
2115085176
2109096837
2079088126
2178006628
1103097918
2166078360
2167062005
2115069208
1134059320
3149049367
1107097302
1108081025
2167083493
2046080644
1056095868
2049081220
2046080189
3177065336
2186051642
2169005961
2049080090
1060075380
3063096972
1109002928
2160021041
2130034419
1139008596
2187042037
3178061697
2169050894
2054091099
1085091787
1087092726
2045089893
2170045494
2169049626
2168082081
1070084892
2055098715
2057093444
2059083820
2058092301
2063094286
2056093372
2063089509
3146024246
1130021742
2169084987
2170067927
2070096725
2053087982
1062080766
2071097607
2085091824
2092072085
2116055798
1128091300
3167045964
1182073092
1182061421
2159013572
1182055258
2158039316
1183017749
1138071217
1060092978
1065085765
1067084774
2071082647
2075083931
1067089705
2171057218
2064081602
1132087051
1135047509
1133060521
1074099524
3175006377
2058070381
2161052837
2161049167
2071086010
2163019751
1033086566
1030086392
1138010328
2056084569
1134034406
2180000026
2095099284
2172011036
2092079652
2094094476
2116030305
2116072182
2117019514
2187024500
2055085067
1135086799
1073091262
2116015943
2187046975
2077076079
3174022617
2118024446
1137029854
1137042683
3045084698
1109076725
2118027537
2188030885
2072093595
1109091834
3151037803
2095081000
2171071380
2077082734
3175038836
1137042215
1076084455
2072082613
2062088848
2187075579
2118051315
2060090532
2160087442
1137006687
2060093115
1110009540
2078082301
2117070846
1063074094
2062087175
2077087351
3045096121
1077097563
3175049165
2067082796
2070074289
2066084169
1077092483
2070075285
2119047015
2188015309
1018073453
1112019003
1022072270
2162060443
3050085270
1113019189
2073077372
2161073880
1025074156
2146063739
1027083148
2164098019
2163041397
3048084889
2155036669
1193015564
2165074369
3151089246
3152056470
1004085434
1012091289
2165038857
2181047604
2173028865
1025070691
2162055771
1024094654
1080097158
1137051936
1080093159
2145035038
1109067881
3051099601
1078095221
3176054159
2164003875
3177089696
3178052415
1032088835
3176015052
2163024640
2172087537
3056089759
1196018520
2145033919
1083079854
3152072703
2146019849
1053084621
2165060007
3187015320
1199057468
2166012468
1016078558
3191053630
3187030462
1192033870
3187070963
3188072883
1195024968
1196033833
1194009601
1196016729
1193083311
1195078975
2165080762
3177082088
2147013990
3176049728
3179028602
1035078852
2148035664
2146069013
3152009309
2146009815
1194088744
1197018186
1198034652
1199002335
2000098429
1197050072
1199035515
1032094018
2148064637
2001081100
3153007659
1014085456
1006098715
1009094998
3153015597
1003087516
3060098308
2165080830
3182023103
3182093604
3180055868
3183044261
1044085628
3181044949
1173000508
3192081152
3191081901
2167003413
2167034512
1014087894
1017077881
1017098944
2167012615
3189010573
3189064734
2131015521
3189089859
1194071559
1196028027
1039075794
2000094153
1187036515
2002084717
2155075869
1187066438
7101014452
3190086491
3153053922
3181003694
1003078865
3155014078
1186023713
7101031813
1034089652
1199060360
7102074546
1189017870
2131085502
3180073150
1174040762
3153050873
1011093838
3182045186
2132079614
1185005885
7097075747
7100031238
7100057326
2157005079
3193018833
1189026243
7102018630
7104000278
1174093121
1175063074
3182057193
1175088596
7101043969
1186073521
3183049918
2131093240
1187076854
7102068193
1158084801
3194036624
1176070519
3154004995
1175084647
3154013047
2131034510
2149013230
1177033528
3197010319
3156021771
3183092330
7099093957
3155054184
3184051411
3185038967
1187058474
1177068948
2131008404
2148038108
1188085782
1158096525
2132096305
1139026126
1161009647
1161082099
2133018237
7104068492
1176080690
3155085888
3197054025
1178029628
3185052664
3197010224
1048089333
7105055627
3192072466
3197019931
3155052537
3156016328
3156069671
2157000621
1159040338
2157056383
3185054058
3195022790
1175079426
1045097975
3186024561
1179001268
2149075255
2158040865
7105094214
1179074795
3186005189
3186072300
3197096217
2151021666
2151076829
1160080433
3157002871
1181010964
3158063065
2159088922
1182041584
3199030904
1181004128
1177076618
1182077550
1161083538
1140036098
3170074750
1140037297
3198058794
1050092212
3168008944
3158081035
1161088581
1161067764
2159058435
2130015261
1139066286
1139010318
3167063806
2158061383
3187068425
7100002442
1140060303
2160054466
7106022613
7106086645
1161069979
2151061304
1052081353
3186081448
1178013565
3198003513
3185031039
2153005867
1178092914
1183067199
2159017751
2160040283
1179022734
3198054323
2158045225
1162076489
1143072598
1161076076
7108077630
1143053503
2189086899
2183068833
2184037300
1148049256
1163085644
7105034993
7107003796
1183060070
4000070369
4000095447
1182064313
1184094331
3198011584
1180036550
1182096719
7094075984
3183086382
2153022219
7100027310
1185031321
1185050311
1186026143
2189059065
2189032322
1144081770
2134095833
1143073511
2134001578
1170035905
3187044856
1171036882
2187099301
3186062639
2133029854
2186097731
3157048434
2187081444
1145039938
1171062171
1173094313
2189028183
2191039961
1190068024
2191007771
3186014531
1144060296
1191007745
2135068790
1191013278
2154084550
1164024138
1166054874
1171043921
1173033007
2189023310
2191049855
2192017197
2193075331
1145092900
3159095719
7108079067
7108044787
2182077532
1164075960
1191074399
2185043605
1143078652
1167087461
2185003838
2194042415
2194069118
3132069366
2152053402
1166005723
1167080630
3133043236
1165089310
2183024852
2193017002
3132052550
2183042756
7109058492
3172060865
2130038450
3169089900
1165013011
2186002153
2185073040
3172032408
2185094803
3160036614
1166034285
2185010702
1169030419
3189010186
1170086780
1171003902
1168043247
3160047029
2131006325
2183042942
2131081262
1141060534
1141061481
2186045331
2187052605
1173031294
2153080299
3188065064
3188033688
2155070073
1142088439
7141051639
2144004929
2116060193
1156053413
1170088223
7142045523
7146048502
1173037819
2127061839
7142035593
1151051290
2196031089
1149094141
7144043464
2187040840
1146009076
2194005219
1146066655
3133017842
2192008537
2194024093
2196023371
1146051690
1151054332
2197004379
2197005781
1152013529
1148081950
1149061113
7141070675
2196012004
7143044114
7144057383
7145088082
1150044787
1172056509
1155061888
2140000515
2140080093
7148045597
2141011944
2142018241
7149084103
1155028247
1156051441
1154076490
3134018257
3134072790
2189096100
2144036072
1152045292
1157017478
1156079686
3135049168
2137022630
1153083701
2136013934
1157081241
3118029018
3119011292
7145025718
7141026249
2117012781
2116095025
7142031116
1153084340
2137049480
7145073712
7144010422
2137051068
3135013973
7149074317
7150084277
1158037130
175050338
1130035612
1135004443
2125064335
1135026619
7145052554
7147021538
1143031633
2139004477
2126049894
3137027422
183037446
1117062537
3141069190
1121063880
168038642
161077980
171017111
1136026565
1135044308
2142049947
2125080369
2126086961
1153096633
1158017523
1134083030
7146073877
2143068605
7152075747
2140067373
2143033345
3135083182
3137008856
1131040102
3136004597
1131046406
1133084820
2141081209
7146017459
2141011407
7149011122
1158016733
176072163
7148083870
7152091910
2125080229
7150018412
3137090714
3138083276
1117062016
1118032833
179056102
177067279
178072360
3142054153
179038030
2128052987
161061677
1115022675
1116033991
168062598
179088204
1119021459
159015932
159080985
1121029251
162046045
1116081892
3139020512
3140031247
3141033275
3143046068
2117094402
1119072685
1119005969
159089173
3134083136
160005290
2129001772
160055361
171025372
171076005
172047816
2104075536
1121075857
1121014282
171018070
1123003897
1122060251
1116051992
159099416
1122083772
3136054323
1126051016
2109070205
2110004134
7153039311
191016604
2105033047
2107009162
189075123
3137084715
173044756
172057482
2104077648
174026571
173072519
175008329
3139045567
3142024086
189022487
3144009382
2108088711
191060467
174043467
2107057219
7152089584
175011865
184000909
185007409
2106060319
3136057791
3138019842
1124028798
194060772
195003365
197063633
192041649
3144027672
7152022901
3139007426
3140077595
1128030265
1123090141
192086987
191051547
1125019709
194076083
2110013009
193024768
1125044865
193053200
1126054311
194068571
195086034
196046274
1101031242
2110058970
3120019780
2110071211
2111041264
1125051195
1097071295
1096096153
196000903
1100062512
2106077002
1129005902
7154006260
2110034042
1100070493
195054060
7153054605
1128082473
1126058722
7153091739
1128048565
3140009574
3141056297
2118055884
7153003880
2111029145
140082253
139096031
2168041401
2111081839
1104059482
1105001313
2168077917
2117052802
2119090325
3144073631
2118015818
2120024447
2120093639
2122050256
2122031905
2123027373
2124020283
180075302
2119003714
3145062722
2123070066
3117068634
2123074020
2119062883
3145016637
2124029099
7154020532
3118096221
1131060201
176018041
1134034184
1132032932
1134032457
1130052589
2112022038
1098082223
177009873
1132011885
1133020024
2127027749
179061058
182065048
176090637
2112085502
2129004471
2169083470
3120089017
1103052909
2173022316
2173078089
3124082335
1141078836
3129003213
2129018033
2113045011
2114037964
198081316
1106027152
184048625
2127000293
1136016284
182012902
1137009331
2100059260
2110037549
184087953
2114027414
2169019650
2113039865
199019012
2169094115
1105026883
1105024378
138017048
140014821
2127025684
179025226
2171000563
198060851
1103048118
2112066269
2114087063
198083664
198083762
196050090
1102039295
198029459
2111014856
139042385
2074078977
2077087155
1081093111
1084090143
2065081494
2069072293
2181009643
2070089841
184055158
1106068326
1078070079
188031273
1138079336
1105066993
3124018785
1084078752
1086095033
3121012962
2181083764
3120007096
2115059467
3121017913
1138011198
185076860
186047401
3122053699
3123050490
1138080673
2079098147
2047093581
1107081299
2116004014
185065257
1139088603
2115062913
3121088881
170047375
2171045878
185061683
3124007652
1107061220
2077080666
1137066258
2077093810
3122059531
2129042174
3125027386
1139041028
3124003720
1140015023
1108021515
3126069134
2172000851
185082376
2172035614
3168086034
1141003463
1108009333
3127035197
1088072662
1109070639
163083856
2173067352
2174015396
1088087371
1109077092
187050174
3127016066
1110062026
163049452
3127062123
1138028402
2172083819
1140040566
3172017013
2131097107
3167017763
167002364
131058818
166035954
1139066258
1142017104
164026317
1140069974
165046280
2101034309
2046087102
165009457
2102003142
164009231
3127066466
2101067452
3128085008
2044086769
165026359
2131074805
2032088673
2035083899
1112026631
2049081749
2082084841
3129037817
2051081067
2055093539
2044089998
2057088302
3128086651
2102085530
2059092005
2175025155
168043891
1113050233
1114045885
2175060477
1092074883
2017095692
2085089572
2104032437
2058077054
2028089378
2028094126
2034093475
167069306
3128026224
2173028110
167001687
3131073110
1111048460
1108062108
1110021031
1109029876
2029082816
2039094747
132049181
2041092714
2040085410
2042089830
2008083146
132044247
132082459
133026021
2014092537
2173035130
2010098785
1091090239
3130025225
2011098265
2013095047
1111083681
2101076203
132090545
2172053819
165084857
2093088013
168063694
2177075919
2178016746
3106039554
135085144
2095083584
168098938
135073311
4159092311
2102084557
2097073350
1112077731
2084097566
2095070058
2102073512
3131021894
3131051329
3102065726
1094083629
3132021096
1113058985
3102055723
3103079631
133025824
1114077513
3101023906
3103065358
3132012442
3104045898
3104092412
3130068201
1113035753
1092085376
1115084745
2018077099
3105077039
133072035
134045307
1115061900
137076587
2062096214
2178008933
2062090231
135023030
133021020
2174073094
136067953
169009980
137095333
2174047012
130060863
2175066165
135025992
131066550
1111077634
2176089912
1113055552
1096092054
3105087917
3107060718
2175064342
1115069731
130068126
2064093661
2105025582
128033301
169069531
2179051515
2069072373
2063087763
115045059
3117020757
2063099122
2180077021
1076088773
2178084678
1076099541
127050493
2181049526
3121066579
4158028750
4159027041
1012096768
126084336
113006888
4157039948
1012082671
1021086530
3111089155
3093094255
4161077926
114037102
4161012549
2005070986
135062346
130087099
2025092531
2027096722
2029087693
2033086804
1195053423
2018083155
3108007939
3106009977
3091082820
2030099164
1197037268
3107087236
3109003593
128011675
2035082732
2037090064
3082098854
2039096334
102080590
103073187
3083089547
3111015847
3106080410
3109050291
2020090312
2016093382
3107007757
3110061144
3110003766
3110063884
1024087742
1026081377
122039453
122080980
3110084496
1001070065
1020082216
105021077
104080079
2010078691
129076118
129041714
4161041607
126027459
3111022913
1198024295
4158073668
3115086528
3116027575
124004284
3112084198
105038376
105072037
122078954
1027083564
1029089298
128056082
129022212
114016483
1021079378
115001072
3096085088
3110028689
3113062781
3114025854
2007098657
104011030
3094088066
3113042569
2009073360
1198089459
4163000915
4163031865
1027099991
121020029
130004919
106020108
1029070797
2008094458
2174025004
2174054071
115053816
107081631
3113004026
1035096179
3114033527
3114060418
3115057291
2024082064
4156029495
3114006492
4164052752
3116045248
3116012004
116064968
117035049
2133036451
4165036760
2017074050
1144023754
1145062765
4163011734
2016087734
2011092017
2024092812
4162083659
3098070476
125071815
117016402
4164030127
117068750
108045113
3114084947
2017070185
3068097313
95098903
1054082830
144052556
114031455
1010098550
2174043475
4168075274
1002096846
3083093606
4165061663
3100015696
97071551
3063095436
2002072070
4161038615
97077556
101065270
4166007092
4166050181
1004090206
4166081646
125080365
1199011337
120030383
4164023927
4162086789
2002085340
92092968
3071093224
2174034691
99094637
96087850
101074709
3061092905
2000077954
3101066698
3064095396
100074002
100001698
3066075271
92078381
3097087730
3064096343
2041089265
144013652
144088215
3069074084
2005070968
141065691
142044657
1174009084
1174074041
1173081160
142069192
143067855
1175062180
145016519
145072941
1174054645
1176069827
1146067795
1143043530
2133022074
4167001296
2134019405
2173079743
2134087026
2132097047
2133041055
2136048932
1147064582
2175006879
114084082
1009071591
4156085391
117069037
2043071587
4164041657
117090240
118070564
119023819
145057295
2041091783
149088152
150079899
1060080220
4168048095
2044071495
153013249
144081374
1055080218
147007787
148018159
1057085105
149004011
149068368
2042099458
1177027458
1063095317
151057132
1176088645
153091720
4167083035
4167097904
145075149
154033616
1067086069
1065086604
3074076459
154089966
1071090537
2025070689
151082772
4170039944
1072086096
1075095169
4171052270
157018217
1057078063
192070322
193069378
155041849
66072993
111085549
156022788
156089137
155037301
158053354
111004544
4171009782
112041055
2021072863
4171089753
4172052128
65093616
158041131
193056998
157082915
149056718
156064986
71094119
67075756
194045023
153086151
151037842
102077016
111087967
110002455
4173016552
1073071463
149067954
150066783
1191025715
1192059153
195008778
65094303
3076095827
183045128
48088924
158041086
45072099
181050294
110049439
182049955
157076254
4172074767
3075085048
41098982
184073857
1180085519
181039156
185066959
195042823
1190001110
3079077180
1192035234
1193018729
1193084848
3086082818
194047048
3047090202
3047096001
190067392
42097851
74086319
194088465
83095626
76090616
80082145
1183051506
1184009409
1192083651
42098979
183036221
46089461
47099814
186038226
182052251
186013627
1181034837
75084930
1182074059
1184000783
187065343
187014833
1184049618
192056076
78082922
82095643
187027656
187064382
76088332
1183064794
1184083537
180061305
1184043180
1181042500
1186029609
90070774
196005715
69094410
86084447
191029748
180084157
1185039153
91088355
1186096701
3086092942
3082091402
197085670
196013442
1194079047
56082313
69083202
90095980
3085071891
4172090526
1192012864
180023454
3082071081
198042887
63091644
61098655
56098962
198079011
64088754
3052099163
59091362
3086089682
54087299
1095677
24099393
189015109
198009826
1178080171
1179081151
199039622
188005625
171007130
58091302
1180049429
51070862
1180070484
55082002
54089794
1178061682
3051087795
3044084386
181070177
22091685
103006786
23086705
1194008210
162060040
163087595
158002982
3087099672
48091300
1159010407
1159029243
2032091959
1161088557
1162060180
170044040
1159025338
3005093118
3008095960
155008725
3052090364
3030096091
21096723
1170019389
1166004556
1163015549
8071964
9096149
170041242
163002274
171014843
156071048
157042695
1161092519
1161051987
3031072759
3026095381
158028138
3043072996
1163028383
1155010940
1156051853
1187086558
1158073604
1156084789
3010088224
161046912
162002426
164011611
165017829
172053916
173091003
1164030658
15091416
168031871
1164045232
1165061873
1166034648
1167083561
159029516
1168036656
1169014156
1162071272
1150072968
1150077669
3034084964
3036094350
3039098349
157075265
165028252
1164080566
1167078752
1156070027
1169075292
159014400
164000810
1151070859
1152050889
3055099109
1172035264
1151025856
1189000478
158045542
1152038266
1163068893
20089019
1153076541
151028484
173098935
20081293
1170019148
3007082513
171049062
2176092014
158085003
1171060747
3055091571
11088905
1151066894
1142039553
1152024914
3036071888
1153060238
1144025646
2136023195
2137069089
1154055420
168075363
1154076900
1172055127
20071185
1173067084
1144000481
151043423
152029411
1146032550
2135084580
2176046956
1147022107
1149012132
1148048953
2133020538
1147049215
2138064705
2176001686
1157070405
1151061838
2140017208
2177025387
1154014834
1155081495
1144054391
1145008811
1146086414
1147028861
1142077040
174000511
1158083735
3025091213
3173084446
1155085984
3016098573
146088275
147026767
166009976
2194056159
3036093274
1167023091
162026835
1158036484
1143060621
166020086
1145086892
1146046378
1159063790
1158099939
1159070714
1157087843
1147044613
1155074418
3020098665
166086435
11091348
166046914
167055489
1149013629
1155044322
163055901
166019015
1168059592
2194023165
2193041350
1157048345
2194015757
144091614
146000106
1167017340
1149089409
1147077463
167080185
160088557
155074506
12074758
2194073632
90594
1159057647
160060106
1167089675
28086752
1157014737
160076030
155074204
2193047478
2192012552
3022085273
146055709
12089086
156049420
147054037
156054990
1161014578
2195036034
3034095754
147037303
1161081765
1161068602
2193049076
154014883
3025082897
148001050
2191017270
144009457
1127030448
1161007069
4082326
1161070431
148052416
30084740
144044951
2191059515
2080100
1168058493
1166021063
150022578
1164027923
1165076453
150055013
143057519
150099609
2192033613
150062516
2196013799
2196060429
1163012565
3035093635
34094648
154070728
154060027
1162069178
1129038392
38098219
1129065119
152085692
149085834
148011536
32077168
1128062288
2155046187
148083115
149012036
2155080681
147094943
2155033905
149091119
1127012592
2156031749
155040762
1156034192
1160074981
154057541
155062154
1156025051
1164037792
1165043247
1165005868
2193077983
1130000567
175091705
176076270
2156064382
149077740
2162072454
139058733
140025848
2155092924
3002085704
141015805
142023648
3000082004
2165050274
1130049742
1131077136
121017592
121097810
122026934
137032994
7022094187
7025096843
137029823
138007186
1115070654
1116005426
2157034461
138096041
141044516
2157063933
2158021570
7023099345
2165022865
3003098640
1137028868
1136086281
2176027918
7029098617
136089999
2199093007
1114093949
2165054576
1130096925
2158043622
1130000120
7034075361
100086886
7077086270
2163088890
140089337
2163065824
7005084121
1119071901
176086546
1115012426
1116005966
1116054113
138053620
100017651
7037078550
7076079756
101014693
2162077261
7075094040
1117005812
137030663
139097700
2164043404
2163019190
2166048641
7087073585
1117015811
2165055841
2166089927
143079235
2156081502
2158016177
2159036480
1131032812
2157090616
7077089364
7080079060
2162046184
2163028785
7083098742
100090905
1131050171
1133012725
1116060743
1133082494
100067489
94096608
95084586
96081463
1131074424
2166005991
7086073659
97091371
2166048916
7080084949
2165019956
2165029375
2164017545
1136048076
2166089463
7091073297
7088097929
7092078466
7083074776
1118073661
96075841
88078355
1117062039
79099794
80098164
91085834
2167052667
2158040001
2159065481
6199067837
1118029019
7002074562
92093817
86088749
6199010954
7004073795
177035061
1137074263
1122001049
1122011753
1123060837
66089692
68079889
7045087747
1101042840
7045081010
1117034940
2160030874
139072935
142074367
2198025461
2199051797
176085477
2165019136
93082520
90074451
1138034079
1139029475
7005089693
6199053114
74097076
2168005749
75089433
7011097726
7005098536
7009097433
80085837
83081019
1119037039
7006086081
1120016031
1121052016
7014092192
74096339
7004071961
1120063840
177024990
2166058679
178020173
178075048
2167047087
1121074926
2159093610
1121062361
2175082526
7125087378
179045167
1122089336
130038628
2167077880
2168001088
7015072967
1124012711
1124092426
7042072677
1124046671
1123087937
130046780
1138080781
139070400
66096615
1125036941
1099083130
1100058985
7050076862
1123085035
7016099005
1126004554
7042089419
7043074559
7044091839
1124064247
1125041133
7048090291
7050095923
7050090395
2167018045
1138007834
179050171
72078155
7052089231
1126073652
1101034502
7052085597
1139043217
179024715
2161082069
2195089189
2162007715
175007200
1133072534
1133043898
140039680
1102060828
130041092
2196032080
1134087796
1138090027
1132023717
2159063644
7055074090
102031404
1100045671
1131048657
7054097772
1102071008
1101056533
7056077057
7058093480
102063572
67077463
104028485
7058099652
1104005223
2168001260
179074582
7060084753
104029624
7061085534
104084917
1103090219
1105004047
123047339
1141017694
1106024471
107013507
1107032051
7063093420
7067073258
104012102
103060575
1105043992
1105087497
1140042169
1104016471
105063554
123043557
1141082157
124000047
1140082756
123057265
7126086183
7127008715
105019879
106018708
1106017416
7127026472
7127086094
7127097008
7129047600
1141008332
125054533
125040711
127027380
1106017951
107016953
2173008217
7126017304
107038702
1102081073
2168001403
2168043311
2169043260
105009136
2170013080
7128043947
2171082481
106053518
7069087271
1107045508
7126079091
7071075657
107094901
107075333
2169042313
2171028447
2167081480
2170071335
107022863
56077574
1108060237
1109070110
1134084218
58095347
4009097817
1077082383
2167069532
2170005174
1140060654
128080432
2176063112
125058702
2173085136
55096022
57091128
61077498
64086076
1107085107
7128036554
1142036348
126068363
7129094646
6183054096
6183003931
4016092542
6184089710
4017088008
1135035507
2197007627
2196004684
175016161
2177015195
1108063390
4003081425
1109030230
1108020868
1110003032
1110073555
60090167
1108052383
1109076507
129083272
125005220
4001090059
6183071966
4013073493
4007077762
1080092735
127081408
121083152
2173077808
2175000436
4003097494
2174085303
4007093495
1077086692
7130041986
7131032312
4009088664
2146069472
6183077192
2197066756
2197024597
2198055116
1082081669
2161023165
2147009926
1109094617
1041088005
6187041003
6187055949
1090072292
1093078489
1039090465
1044084596
1040089087
1110054395
6182079489
2147013238
1081070952
4020077073
4017095175
47094432
50080683
2199016011
2198061638
1135052646
1136044119
4020093004
1086090963
52083821
175034546
1089079879
53088806
1082085536
1137003057
1037081274
44099665
49095098
52072879
54081577
7129026341
129082080
7128061598
54088652
1088099551
6185087566
55086687
1082091818
50080102
1093099306
1038086309
1095081410
6189083853
6191032307
6188071861
6189084474
1066089383
2151061291
6196033679
27083826
7141044882
6187054768
6188011663
2150049891
1063094117
1039075874
6187064200
1094084423
6188093939
2147061964
2148030292
2149019711
6186071968
2152066433
6187048766
1048099564
1043079461
2150047847
2150056347
1060082750
2151000544
2151076232
2148061904
1066081534
2151077442
1044096847
7140085932
6178010609
6173046005
6174071195
1051081076
7138058048
7139000386
2147060434
2149058220
25083865
1063077363
1066081376
6191092413
6176020873
6176086144
7140019100
7140060317
6178067044
6178095033
1049084219
1047093821
1047081329
6192077689
6178050594
6195086054
6196079667
6194079651
6195062704
1070078575
6193082529
6194000834
1049080461
129043571
6176055285
6179040370
6180013659
2177082840
6192088845
6193091801
25094393
7141008233
2152083168
1071081947
6193044046
6179007705
128057469
6169056899
6181021585
6197025492
7140085471
1074093439
6197050088
6169034471
17081757
7142023254
6169058706
1074080063
1072080157
2177097733
27091027
2177082341
2179012365
1072086936
6198030153
6198055780
30089407
6178084223
2179051763
2180012966
2179086237
2181017687
2182018803
7142036237
7141058828
1111052874
7142060018
7142019770
2153000105
6180051513
6195069481
2180067065
2182037121
6169075497
1055084838
7143090808
2182023495
2183069813
6181078184
7143021822
7144058044
2177000158
2182055824
2183033558
7149078952
16092833
1033084566
1036089543
2160051413
13090240
2130079647
9160071168
7144086629
7144056706
6182043129
2183045988
6169098909
6170035082
24070988
6182007116
6183066412
7145001683
2185001219
1023086187
9150004599
6170082130
9150062968
2180077957
2183055730
20094466
2182029447
1043093120
2184032598
2183024239
7144038110
7145087855
120057984
112088300
9152071276
9153018437
1024082122
9152045860
7146069039
9151042915
7147047869
9151004100
7132007623
119078898
2153048152
34072380
32092333
2153088050
2154069412
36099128
7131076661
2183034059
2185023452
7145002536
2187034650
7145063754
2187082210
1041071696
2154014095
1002091381
2158084063
9150091820
7148021776
9149096427
7146021212
7150045299
1056080669
9152070284
9150049834
2157055946
2157087971
1026092902
7148037513
2158068647
2160042330
9152062532
9154066996
7149095718
9155005845
2159069131
9158084164
9155030311
9155060015
7148076467
9154063450
1029095678
1031071856
7151068190
7151084052
9156063756
1035080735
6099270
12073072
2157018718
7150007351
9155048270
9156072048
9154064185
1095379
10083519
9158080827
85805
2155011999
2155031382
6171029968
1032094167
9159053440
9159069388
9161045130
6172010399
36074887
14089826
9157057282
1038090831
93138
16081869
37093177
6171032718
6174011759
6174000303
89672
7138083643
6175035299
7045087564
9160019050
1041098280
7036073999
2130047015
1040078391
2156077713
43097222
11085044
3096203
7038075753
7039079491
2155036602
40082090
37085000
16087980
40093552
6170052131
2156065353
7137037249
6172054589
1044081839
43085428
1043097124
7137077744
2159014966
1044090915
2159050170
7041084253
40086553
1035093795
6173053347
36090252
2155094628
6175026111
7139077190
6173063442
7139058953
9084088048
9178053320
7117034903
4143081676
2131067162
4144085881
7097082180
7100007337
7100027747
6178028265
6186035651
7115002972
9163021473
7117054383
7041083965
7138069993
9161063939
9158067620
6187068400
6185017992
4142039185
2131062971
2133008744
7115026351
7116016572
9191055871
9190097501
6187022910
6188035178
9189029896
6188034204
6189009106
6188068265
9084094927
2141071671
9078099816
9163010694
9190018863
7118014405
7114077144
9188077684
7114027409
4142027936
7118079980
6190010742
7117064519
9178062146
7117003631
7118090011
7119072867
9164003434
7045072089
2131034284
9191061775
9163060089
9165015051
7120027507
9164071301
7043087337
7120036542
7121018017
7047075588
7049091000
2143069516
2144088689
9165059853
6189091432
2133034494
2134079857
9165048209
2143000173
9191086194
9082089548
7117013180
2141082964
9077095835
9082099549
7121066505
9167051564
9168037954
9163036734
6185047424
7120046266
9167041865
7122019736
2135052610
2136053385
7046080399
6187067564
9164089550
2144008159
2145062438
9178098423
6190039943
4143015312
7122037156
9164047871
9166029534
7092092697
9168038279
2146005295
4144072204
4143083752
7095086810
9169064599
9169070244
4144032935
1009091252
7093096157
9169056842
9170082973
4145018984
4145061382
2145026424
7097071854
7099084129
9170058892
9170081692
2136004778
2140080561
6191044639
6192014141
6183048055
9075070467
6184003295
1015094804
2139030149
1017081545
9170060772
4145003662
4146027504
4146054352
4147061193
9172021663
4148013475
7050070566
1010071689
9066097025
1010086025
7051092313
2135045501
1012070150
1013070254
6181004775
2133071099
2134040207
9069075073
2137024764
2137088485
6182021571
2136022577
9076077777
6180073135
2136021186
2136090422
9069081003
9073073671
9075086005
2139008460
6182063285
6189081490
9073086747
4148099505
6193001750
7101044738
4151038273
7105049409
7106002057
7101086847
2116040489
2137079971
9076073250
6181038832
6184014835
1016085261
7101028472
9172090333
3049093563
9180028634
2138054009
2139021338
9078073499
9178088341
6190034256
9179059418
9173001764
2116026212
6184028802
4146081604
4148090418
6182073297
9179023093
6185016495
9180024012
6186074487
9180069721
9176065028
6191026693
1021087954
9181012478
3053089156
3048081889
9180077030
6191085351
6193060124
4150085682
9180031092
2117099933
2118088730
9175088291
9176013225
9176028981
7102029362
7103029919
7106036255
4152011195
4152081437
7101019142
9174056528
2120024414
7102054102
4149059343
9176047823
7106000112
7102073738
2120064907
9183096432
9184079587
3057083628
2119095446
2116031756
2117002579
7101004994
9177001152
2118042246
7106081335
7103028151
2117073666
4152031645
2118040863
9171016153
7107086734
7100083500
7106085667
7100096703
7108013809
9172066164
9173063937
6107030655
6176060910
6198083968
6199058461
9173044474
2119077602
7107026945
6195016976
4153091304
9174041254
9177084970
9182013489
9183005855
9182060951
6095074798
7109009594
7109061007
7108083139
7108089462
6193023252
9185064374
9182066110
9173038160
6193071012
9184051547
9186059294
9185049658
7103073613
9174026261
7109016887
9187075684
9183091814
7108063976
9185096211
4150050312
9186080281
6193016200
2142028952
6194061904
2143027526
9186042772
4153078063
4153093808
6099076077
3060082561
6100011705
4154046562
2120008856
7110040156
6100000777
7110091442
9187064551
6100017582
6101017321
7112004737
9188035578
2141064273
2142074353
6098079143
7111095741
6101028171
2125003094
7103087073
6196038960
9176088848
7105044757
7111009030
2123024107
2124086168
2125013858
7112061560
7112006844
4156005459
6178011695
6178023230
6107006185
9188024932
9188054543
6177015113
6107069184
4155015112
7113088438
6108090841
2124059125
2126071265
2126088401
2126074833
7114016060
9188096702
2128022722
2126087582
9188069525
6169012562
2128069658
6101060793
6178064981
4154075324
2128049380
6196031548
6170067412
2100096907
7113037225
6170008915
7112008778
4155082951
2128011269
2129013179
6171035083
2129042847
2130004766
2103059832
6107084133
6171024772
2100008388
7110085986
7111055357
2102055519
2100054306
2130029358
7004077461
6178050641
6178045768
7006078477
2103070487
7000073581
2101029319
6199074168
6109048957
7001085940
6108063398
7003088778
9138025436
9138036210
9139045945
9135074265
9135058137
2100033295
6109070463
2103071809
7008090231
9136003193
9136049077
9137010569
6180035217
6181039004
9143030978
7019095665
2121067191
9137012744
9136089918
6172090307
6173036280
6178054688
6195031142
6174014763
6197041736
9138030592
6169045901
6180081164
7010082035
6182014731
6170049120
9140088622
6182044021
6172077024
7025079282
9144085267
9145027353
6105047553
9048091741
7053080357
6175045770
6199024536
7053089126
9140065578
6172016178
6199009057
9136078222
6103047377
6175021031
6101062761
6102086841
6103060534
6104017259
6197013619
9191033642
9145044838
9146067770
9146078526
9147089797
6104030914
9148068640
9149035568
7024079286
7026097770
6198056354
6175087793
9141020896
7028099190
7062086469
7021080026
7024094473
9146007820
9146088033
6139002651
9051089570
7058092202
6139071159
7019091514
6107056214
6140022279
2124079190
2121060918
6105050111
2121052924
9051095907
2124014993
7060091718
7056073270
7029092905
2122026828
9053099208
9049085388
2123065263
7057080417
7028098149
7064093573
7067075981
9048074558
2125042174
9054091498
7057091743
2125067689
7066082993
6105070960
6104039378
9141085859
2125084059
6140035495
6141015555
9055082405
7011089737
6138075541
6139030439
7016070160
6139053414
7018096750
7012073872
9059085540
7060083492
9142065943
2112084771
9111026421
2109021017
2110047891
6181035629
2104088692
9143067958
9057089635
6176063162
9060095987
2103003714
9141007089
2104034617
2104052313
6141056804
9053084677
9131005038
7017084024
6184067524
9142060886
6185069230
9146008633
9146079344
7021087481
9063093793
9143077927
6140086355
7024081779
9145026759
9145091129
9131065037
9133006508
9129039063
9128089897
9162002785
9164025262
9143047057
9130031237
2108022333
9126077410
9126098934
9131025503
6148021166
6148036463
6151038471
9160036517
9128032453
9162031528
9132078577
9160051915
9132079599
9160084510
9160055612
9134031287
193000652
193079529
193049788
9133038212
9106024802
9130020972
6150037287
9164020072
9149013783
9111081145
185033499
9131093132
9160087880
194074389
9107006079
9106046252
9106096415
194021606
9148023233
2108028237
2111087712
186066994
180081896
2112082126
2110019822
9111093918
2106030661
9112039136
9113081123
9170077816
2112019944
2110063681
2112004613
187000160
2113066674
2113009970
181027424
181046751
2108062422
2109044286
9113068800
9114029110
9107026425
195042247
9170082426
178004411
178086804
9164000294
2113004418
2115061797
178028521
9171085815
9172076440
179074615
9173008527
2114051077
179045254
9171030979
195080923
6142002670
9176000366
9064092341
9173088324
197017672
9109044891
9063091024
9106037680
2081093192
9116040438
6144052340
2106042595
9172078551
9174017808
7018079959
7020084499
7018091299
9175014628
9176034657
9115028374
9175010909
9116037635
6142000583
9121003476
9115022385
9176048306
196037124
9177021924
9108027472
9165006242
9174098509
7023093848
6142064446
2114091805
195068197
196027150
6141043979
6142014418
2106041205
9107067607
9109017475
9164071074
7016087396
9176034179
2115029315
2107083577
6142049331
9121076435
7030082824
198046868
9177054035
6182094709
7030087292
184042189
189088531
9122060025
6143000726
7017071967
6144083261
9123062325
9121089786
9121038007
7026095325
196026018
9165086521
9116070812
9167041105
6142071367
7025094370
197069867
6143035167
2116001275
198056549
199009551
199097132
9123049766
9177079408
9123072125
6145064171
9109062898
6146042135
9123078778
9177029514
9123083115
9125052259
6143096512
7029088611
191007221
7036077483
198001874
6145037105
6143018226
9118062854
9119083705
9110007238
188029308
191066656
9167017646
6146067446
192037078
161048617
9118068846
9125082023
9126027930
9108091121
9126032547
9119051540
191010527
9110047022
189011082
9111022729
9169069315
9168007558
9168082064
188046915
191035582
187023554
9167068763
9168026905
189041296
189081388
182015619
183004440
184057753
189042752
190050323
9168082810
182059609
161055793
8194020013
162064356
8194040155
8195043940
162087613
8197077849
9118057158
8191037592
9169041280
186010794
9169031770
2109013162
190061277
183093815
9112014568
9170027800
9112068080
185027462
9125032068
9177060726
9178073991
8192011647
8192099307
8193092616
8195044441
8196015654
8197058055
6147024251
9126051980
9178049301
8192069189
8195028078
160064851
161080300
8195073245
8196049432
9178044277
9180033430
9117080239
8192010989
6144080779
2116000080
6146006828
9124014497
2080099156
9125085965
6148072643
154053845
154057834
8189069059
155033991
8199072286
9003083589
163023917
9177042968
2086096753
8197078384
8189073203
8197062623
8190043654
2085074384
2088078657
154049389
8198044027
9005081470
2089083987
2106051404
9177042546
2093090796
2105057291
8199081753
9177085573
9003085905
163023899
6148090021
155067471
9030088273
2092094155
155076407
163089505
8198032454
9181009327
9181077754
6150016465
9029081741
9130014837
9034081457
2043084345
9029083316
9127056947
9129078009
9126084169
156067959
6150045099
9180078754
8185035505
9158049224
9188055501
9129056765
6183033372
6150088632
165000154
9188070742
9158046538
9186020634
9185035147
2045087601
2092070788
9011074462
9016076659
8185023059
8186019085
9016096182
9012098043
9012086059
2066091191
8187012264
2096085979
9046097856
2078094160
9015073097
2094087065
2096093956
9159057031
9189078636
9010091842
9146047068
9189010091
9183000622
2098097423
2051075192
2058094996
8187037922
2051088937
2058086824
8183034041
2054089190
148085766
149045920
9190034390
9189081160
9156012382
2097082309
9145091044
9155080436
8186037015
2044097527
2099092208
2063082635
9188039990
9034096263
8187045910
8183015952
9184042554
9184012336
9040082184
8184001468
8188063251
2048092272
9157060767
9158081809
2055095051
8185040432
8187066659
2048096391
148039555
8186013535
2027091203
2029094553
149005207
149032063
8157082285
157043059
9148040970
157052130
9151036534
141066361
8157074165
2027092290
2032077570
9115024679
9115079851
8158059524
9119049722
8161057524
9118034679
9119030294
8160025633
8160072398
9159095307
8159020693
9116058950
9117012671
8160004617
9118090035
9116032915
9117014886
8159079947
9120018208
9019077064
9119086767
9035091333
9115072571
9032097851
9116071080
9117064469
8162073684
8161061054
150054382
156017908
9189001013
2070092420
2074094414
9020096122
149055756
9120053688
9120082480
8159042086
9119019848
9147029708
9042081897
9045092163
9148055736
157014517
9148004783
9024081681
9027089667
9021096038
2077074151
8174067128
8174047669
8175061767
9038070954
9149061151
9045080091
9184063536
150022765
9146009107
9185041251
9024098815
8176001003
9148082164
9150084468
8176042884
8176019625
157021716
9150008837
9151057514
159040149
151035315
2033071453
141000190
8163010790
9154016928
152030849
8166050125
8167022407
141078125
142058752
2035084395
2038078058
8165068138
8176094100
9150013889
158083877
158057408
9152051579
8178042261
2035091260
8166063258
143071870
8164084090
8175075286
9150095716
8178059421
9152080031
8179010047
159030088
8179076929
9153049585
8163033168
8164084677
8166051553
143042275
9121043244
2032081283
8178000250
2040091651
9123007619
9122028569
8180027852
143013160
8179083443
2063088470
8168008887
2066078657
9121017508
148053415
148039410
153088699
6159067117
9042081265
6159082755
8180071575
8181022250
9121032639
9155010863
9123047527
152029802
2039093851
9123002560
9125035154
144077187
9184028057
8179088145
2041085789
159086700
9124020420
2039088689
2040097605
152019126
2006083100
8181055211
154007814
148048046
8180059125
8181007830
9125018678
9156061668
9124083094
9125083505
9126041610
8181037989
8183026435
9156078719
153017543
8183011424
9156010361
8182083362
9046080296
122035573
6132071548
8185031076
9037077654
9041077380
6160034996
9187017448
2073073661
2002093302
9007086572
9189049078
9186060547
9007083946
9008099968
9142017610
9142074415
136076766
2004092447
137052675
6126077130
2005088732
129071930
6130086995
6131040685
1175022867
130035279
6128001423
1195015059
1196065742
9130077845
168013107
6159089118
6161059327
9131070180
9132058321
6160080327
6128003928
6128029544
1196058177
1197053369
6159024008
6160069414
169021836
6162079261
9132037866
167045565
1196031968
1196080249
9143009137
6131072294
9145000367
9145061358
130037159
122019681
139047578
6130017105
6131053092
8187087453
8187088140
122059368
6133074160
2013081163
9125049488
131052241
6163009494
6133093440
6136022814
8189040317
8188049852
122048563
123033617
6134002354
8188085138
6131036092
6134042495
8189085597
6134057336
6163089557
6163020319
9127002091
9126096548
2006096217
1175036895
6133008285
123015016
6108069551
6135003815
1176080569
1177010597
1178015090
1179024542
124027855
9126096100
125068258
1179062229
8189082767
9131002205
9127038159
2012081762
9133059040
9134078381
6163041806
8190024615
6136079551
1175071841
1176080035
6108073879
1178002863
1179085597
6110077980
9133078956
169091232
6162055878
1176073562
6163068173
1198075411
2007092099
145011129
144083230
9133038023
145076882
1179004120
145079220
1180029586
132029321
6168072760
9135035855
2008090590
1199055803
9134090414
145061244
2016086605
2013089005
9135057006
2018097729
9129001068
131085938
8167069504
9137004799
9136024860
1178084515
9138022041
132006114
2021079864
2023096757
1199064896
6165039222
6164069534
6166036144
132096213
9129001829
6111016874
9137088737
6167068504
8169060523
6167046413
6166046287
6166096227
9137099631
9138079812
9129037659
2015098985
9128065118
6124021430
6124030745
133044678
1182019043
133078042
6168069557
1185036880
1185026941
1181081389
9137060487
2017094540
146057022
140066900
140062253
1181068580
6165052335
2018095748
1181007388
1182028997
1182017425
6124092049
9130021755
9138066175
8192053123
1190063545
9130023512
6124066917
8191002327
2015081381
9139037660
135002393
1183031967
1184049522
2021084978
135020249
6124061262
6125050550
8170032211
8190015696
9137043268
8192002130
9129042150
8191002872
6124048194
134009694
134027495
6155025248
6156086062
8173094102
6157087700
6158037096
9031070178
9141083978
8193082915
135059379
6111074439
6125071996
6126033782
9026092674
2024072462
135035168
6112088434
9141065485
135044203
1190046912
8192084714
9127077284
1190079641
9027096454
9027085431
1192043949
140095702
1190039420
1190085269
1192078033
9027084598
1193036000
146033145
6153026647
166042921
8171010996
166025122
1192014336
1193061996
1193016398
8171046944
8172070665
8173020908
8174012780
6155032572
6156044415
6158019659
8173023553
1194025067
1194073033
8173003861
6153047063
9031099186
6154081344
6157044602
9033086292
6158007329
166024925
135083640
138035954
6128000364
9143039580
6127061438
6124074927
137088501
6128051549
6127023023
6126087244
9144011720
9144071689
9142079292
2000092055
1186026421
6085077256
6140035715
6129042928
8193023180
6111046289
1187003036
1160059755
1194080522
9038084421
125083662
6158024949
9066082204
113044980
112077494
6114030995
9065087385
1161010768
1160009169
8194036812
6111078095
125088350
6142009162
6143025464
6143085710
1183043245
9110020438
9111004053
9112038698
6142048482
1187083086
1187079654
1188079383
1188032493
1189059761
125063157
127039724
125059933
9112085575
6142054088
9107087073
9109005614
6140005765
8192096306
1188089685
8192058938
9063090982
6088073164
9109073478
9110074777
9111071901
113046747
1166070630
1167081298
9112098717
8195058388
1163006649
129028524
120068068
121030759
1188050777
6143077216
1162072556
6113040193
8195066430
1159090745
114003831
113066187
6092079945
6142089363
8196049006
1161031341
9113040268
9113058433
9113051587
1168004957
1166060278
9111079017
9113064377
6145049569
6145064610
9114078692
1167076727
9114086629
6145055260
8198037305
6113072689
6115042941
6114003794
8195075537
6147046664
9083095020
6114018294
9076081116
9077073372
104043146
104047500
6092080074
114086574
114016588
1163066117
9088093835
121083960
9114016616
127068996
1163000170
6092092242
115033748
110028202
128071582
9087085264
6144081678
128001656
9061076598
111033997
112098122
114020406
6055081614
103012512
9073084656
6059077550
9009072458
9077074395
103054815
