3125024035
3125083674
3168020486
2141071256
3169020293
3127063874
3128003386
3114027884
2142049789
3115089896
3168073283
3126015312
3109010131
3127018187
3129067920
3055096858
2142052603
3127087351
2145007880
3059076479
3125027817
3116077616
3126051898
3106064701
2142084557
2144017879
3115027563
3116078488
3107034178
3110088719
3129029160
2144001882
3059070564
2145033899
3116098516
3117066674
2128017171
3063090416
2123066054
2125048369
3112006191
4014083678
3125011523
2125051457
2125034249
3106063840
2125094528
3063095626
3104055735
3106043678
3108036123
3107037150
3110057322
3065098597
3129024774
2145087626
4017088912
2147001651
2153011818
3111079748
3080079958
2154015628
2154090212
3118013476
2142052146
3124047462
2143033150
3059094582
4014087167
2146068182
3108043666
3120048846
3080088419
3121048711
2147053391
2148079603
2149097512
4124080529
3099075863
3100075683
3070097641
3066090791
2128084434
2128074497
3081089545
3070092212
3120068069
2129002408
2147016589
3118062430
3132032656
2129037485
3070095394
3134024193
3144071426
2140070580
3097096700
2140053123
3097084508
3021086583
3018087084
3024087979
3026097696
3144014907
3133083166
3145033805
3134025300
8139014683
3145085129
3091073369
3093071673
3121073820
3093089510
3084099717
4016098610
2147058809
2148059342
2129031375
3107029452
3089093541
2150097305
2152016693
2148007319
2148085162
3087083980
2149050724
3090092001
2151002965
3121083794
3090082201
3123069760
3089084919
2150040061
3123054247
3124047836
2151060456
3125019146
3126044072
3126079514
3127049614
3072095860
3074097652
3108017487
2130038375
3125064305
3126066771
3098089093
3100043864
3123062150
3101024859
3102017985
3126063221
3071082676
2131007722
3109000663
3100085809
3102081152
3103076977
2124072700
3062087469
4024070881
3029089696
2100080356
3095099714
2151072437
3125074030
3102072250
3103017985
2153079803
2154070530
3109095006
2099079076
2100049487
2101025222
2130053506
3104069087
2153055269
2152055184
2127035340
2154048302
3109060935
2132010495
2093087704
2132063720
2094098697
3066076551
3067093382
3029087668
3031082406
4026078099
3194035401
2097082238
3069070567
3077092419
3032072667
3110030204
3068085097
2098085776
3125061542
3126019139
2101082279
3135009366
3125050821
3146030493
3127038884
3111047110
2132038230
3144044817
2102072444
3073081975
3075079287
3144097841
2102031997
3110058374
3033080894
2103007934
2103099747
2104010926
3036084733
3070094055
3134095405
3132082647
3074094176
4019077251
2131019393
2133083247
2100017073
2105008949
2105076006
3194056326
3036076085
3034098223
3036089396
3039080863
3078072091
3081081427
3041081295
3026080683
2077091091
2105050694
2078080753
2080096307
3041071397
3077089296
2104027833
2104046709
2105058471
2106051274
3027098471
3028091552
2107087130
3036093282
2073091618
3036071373
2106024994
3030086956
3033078177
3033070068
3034081802
2077097937
3042098121
3036084230
2076072578
3034073368
3195052866
3196044705
9104002254
3197000628
3021080581
3112041638
3197046945
3127088266
3147077455
3029088926
2076084979
3144062862
2080083595
3128061359
2083098709
3112021616
3146038645
3008092332
2134037970
3111086117
2082083489
3126077334
3082093370
3031088611
3149067635
3150042389
3086092809
3147009333
3089080195
2135077632
2085090214
3085078451
2107054947
2134074266
3147084540
2199006538
2136040947
9105014381
4121095733
3013089577
2114018918
2111052421
2043083155
3198043676
3036083989
3040079565
3136062778
3129000393
3197028795
3010078791
3136076537
2134023575
3149020371
2078093740
2135052074
3040086464
2083099058
2197045019
2198026070
3037092402
2108036988
2109006190
3011073199
3197084670
2110009773
2110083800
2109034006
3149080466
3150011124
3136050216
3148055822
3043079094
3007098265
2111065082
2109029861
2109086120
2111024990
3008091332
3011091115
2198046068
2136021263
3128067611
3129078149
3089092978
3130069473
3089099209
3129058135
2137034859
3131061106
2137053928
4020077999
3148040347
3011072879
2110085496
2135040201
2135061636
3092082207
2137001362
3130081446
4105029351
2140012304
3095094305
4120088355
2138062484
2139003744
3131089846
2139044282
4118054989
2139009608
2141015663
4125057062
4120089429
4125031005
4126008702
2140074263
9103068109
3132017895
2035082551
2196094636
9103015803
4126038983
4122084006
9103048898
3138028635
4126078565
4124045105
4121027356
9105074276
9106009908
2123083734
2198026768
2199048550
3001096766
3154065206
3001092503
3150069862
3138090628
2044070674
3153006674
2043081656
3003087092
2047072789
2112068279
2198074674
2197019952
2040091754
2199077365
2048075064
2038098927
2113034558
3013076855
8137051188
2199045227
2199026453
3001097515
3003093547
2199070280
3002073773
3155058039
2020087724
2048091611
2110024868
3000084329
2051093702
2021084454
2178064986
3012090305
4019085624
3007088821
2177007741
3027078878
3005095573
2052075368
3154079642
3006086301
2197043151
4178076626
3013087626
3198078537
3016091777
2113020529
2036078490
4021087614
2198011680
2114072992
3154036684
3155048078
3017081333
2199062034
3008096730
3005080493
2017071860
2115099521
2117076045
2022083647
3010097115
3010091846
3014090115
3028084917
2054076678
2192071216
2116070452
2191038096
3199030767
3156049753
2092096673
3019078564
3014091066
3020074460
2115089759
2116059425
2116076928
3016085766
2093079151
2023078650
2177064556
2021089385
3156055050
3020094563
3157004891
3157079034
2116000974
3015091860
3019091056
4179099630
3157074803
3023082790
2113071500
2192089263
2118062796
3157084196
3020096182
3006073973
2025099518
3180050559
3019094455
2191021767
2116086817
2191038706
3024073678
3158009145
3024086372
4000092344
4000080549
3016085324
2119024437
3030094707
2180053623
4008075165
2181036077
2186014788
2164081785
3199073802
4022098919
2119036678
2192071728
2119024522
2120021709
4174029635
4119086256
9105013059
2190007593
2012080565
4184010053
4184056162
2012095297
4004072053
3182060433
3184002371
2120003438
3184078545
4185099114
4179099821
2193076780
2161010015
4180075230
2178019029
2026081306
2192007689
2161077052
4186036287
2193086626
2028080736
3180031702
4174056239
4006088947
3026074687
2182012331
2194081343
4001078875
3179096428
4186027615
2008090621
2119074677
2011079558
2192043880
2181002619
2029096695
2183068602
4177049333
4184000748
3182008941
2120056576
2181050300
2194083399
2190028153
4174085977
4174013674
2181064051
4005073591
1184042130
2194052181
3185016804
3183055584
4010075474
2014091908
1184025715
4176026339
2121089229
2182057107
2121033487
4181030337
1184049503
4175077635
4181009606
2194050843
4182020824
2179076742
2162021083
4177083193
2181018414
2162048897
2195049658
4177025342
2184071775
2184072052
1184076289
1198017748
2122013363
2035082964
2185006750
2194032008
2122026871
4179026182
1185096503
4187078793
3181057890
3185045801
3182051997
2035097277
3187008387
2033091349
4178071325
2196023487
3186008338
4178068568
1187020017
2197082137
2194030447
2186020900
2174079764
4181009789
1185066922
2168072850
2167085072
1194088073
1196018186
1195068617
4187060490
2036092029
1185083956
2196057595
2164013258
2122049789
1194039707
2191089818
2193066744
2187025760
4177046887
1199048748
2196084462
4182017838
3189021379
3186053101
3190036033
1198062436
1193014641
2173047167
2173072248
3191027481
1185064797
2001099841
4183045239
1198064808
2184001208
9104074728
2174008488
1193046020
1194034746
2175022237
2176007287
2193030059
3191043295
2167089472
2165040422
2146035250
1195066711
2193035895
1197066196
2170022183
1176072613
2199079895
2172084949
3190003826
2189047287
2164076185
3185046708
1185013081
2190009880
3187019117
2166052529
3188015004
4125012327
1186028357
2167027914
2185095911
2003093282
1195089501
3192014805
1194084942
4127049995
9106034244
1180050289
2156019583
2197094834
2198068904
2194027673
1189009933
2148087095
2153065977
3002078797
2154008299
3166025881
3167011023
1196049779
2176045212
1178065273
3192083329
1197040698
2194089115
3188036084
2147063735
1170086885
2148021402
2196017233
1197066629
3193022147
2146088103
2195049613
3193041176
3161058163
1188005034
2168087983
2169056528
1169036716
2187057422
2193085049
3191071720
1168072542
2196025092
2149036299
1172091838
2196039100
2006090604
2149056768
1173035703
2150074593
3161028628
2003092197
1171059706
2149066701
1170083465
2191043340
2187067075
2188075088
2169076869
2149061317
1173014905
2188003371
1172040637
2189010912
2189012238
2167068712
2189017171
2189083303
3187059570
1190017060
1191030043
1170092626
3164070273
2150071003
3166002926
2196079918
2197065932
2191042673
2150065712
2196064559
2152017918
1174013032
1174076815
1174080510
2196069329
3188063475
2149053637
2149089682
1176049130
2170071558
4183085134
3189062266
1190072138
2150019616
2151054729
2191028671
1191053597
1174000909
1177053362
2152050270
1175014853
1175053098
1177046012
2186053787
3188086526
2186097320
2189027661
2192083250
2153018448
1190029627
2154019588
1174018613
1178034593
2140078280
1149060421
1151057045
3161054577
2191089461
3189046118
1178010588
1153015755
2151081850
2138012503
2139042557
2177054328
2178095818
3189005110
1150015074
1151014465
1177037153
2172039066
1152077727
2155010492
1191049518
1153078922
2171014038
2154032613
3162091807
2156000627
1152057331
2140085542
3163017388
3163013663
2156004253
1181000616
3164067378
2157061827
2158022851
2199060500
1180089640
1112029530
2198035615
2157062344
3163018940
1110032283
2120090131
2121045121
2123031496
1114087366
2121081858
1112041645
1113005897
1114032668
1111085161
2180077338
2120027675
1113049074
2122043884
1114048676
2122027511
2181030399
2182057168
1115020794
1115060124
2124070035
2128015119
1116085339
2182077949
2144042930
2173055439
1152095613
1117058487
2125043446
1119038897
1122046158
1122042074
2182083221
1116013821
2128061107
2099093724
2119084529
3146039420
3147077514
1113073160
2123010100
2124086696
1117020488
1118023087
2125097941
1118081276
1119027262
2141014222
2142042931
2140089760
1119030132
2127080048
1120052069
2181088768
1121054977
2097077579
1117031901
2126048174
2124032442
1120080312
2183074749
2184058878
1116084471
2108080363
2142012348
1093082508
1121095135
2099084955
2126078599
1123019781
2102000111
1092086723
1128027511
1129025773
1128035241
2113019559
1119033451
2143020297
1154020272
1123082347
1154035932
1123087190
2127076925
1124018778
2144035098
2172092629
2115048245
1125054286
2145077112
1151033747
2192002790
1105001611
1125097019
2113048506
1123005808
2101040251
3146036369
1102035382
1103032688
2108097838
1154082497
1125063042
2103019695
2104051224
2114004716
1127013588
1103021765
1105025027
1125037757
2110055407
2107096605
2107079189
1122051494
1092086317
2102085078
2113072450
2111038612
2111042581
2185005788
2141087584
3175089290
1101060138
1105060090
1102003961
2108031265
1102053800
2100086585
2114034152
2110021453
1128017935
3174031810
1096074348
2110023120
3149003943
3149029416
2101031995
1123099123
2112014187
3149069803
3150092613
1094088280
3150031444
1130033984
1104082995
3151055947
3176006684
1128043754
3174078875
2185043190
1129003963
1130077054
2104090106
1132047891
2178080306
1128000742
3145074585
1059089748
1106099825
2103051711
2105070707
1107001283
3176050134
3177030279
2107004164
1100057168
2112017927
2104072020
3147019178
2102013180
2106060651
1100057702
1100037982
3178014591
2103066841
2106015340
2083085850
3149001365
1130060716
1130088574
3148087408
1131043216
3176045621
3178092800
3151013324
2080090524
1132051917
1134010559
1107003248
3150074060
1054080785
3063083390
2107086220
1100075113
1100021899
1101089974
2087093030
2089098007
2108083509
2084071374
2180000743
2115069167
2110042211
2080093244
2113074471
1104027739
2167021248
2167062499
2115034226
2185075391
2085091192
1108000091
1108090347
2167083911
2047081418
1057099527
1089078960
2046080420
2184093106
2186070152
2169013099
1134095403
1060099118
3064074171
1069099466
2160022506
1183083130
1139030844
2186083653
2050096846
2050096933
2054092241
1085077671
1087096848
2045099197
2170048199
2169061141
2051092334
1070086504
2055084087
2057078870
2059084603
2058095513
2064088775
2058084136
2063090562
3146025969
2090071666
2170063249
2170069959
2070083923
2053094953
1062088155
2071078856
1107050738
2185018854
1132085887
3003080090
3167019669
1183019452
1182089931
2159013666
1182079270
2159037883
1182081184
1138049533
1061097141
1064094369
1067089241
2072088085
1062088976
1068082097
2171030856
2064090345
1133021996
1135049742
1133063658
1074084983
3175008802
3146050366
2161057314
2162028468
1019075892
2163025153
1033090228
1030099350
1108029528
2057081786
1134061536
2180034059
2096082772
2092082865
2093071193
2095086331
2186062942
2116072910
1133035174
2090090525
2056082245
1135075228
1074087723
2116036481
2187055297
2077091344
3174024312
2117063358
2117027526
1137009248
3045085616
1109030504
2118035499
2188072848
2072077255
1109095202
3151040370
2096078162
2171076601
2078087207
3175004571
1136085741
1076088616
2071078081
2061099997
2188049873
2118020113
2060073699
2160097737
1137016715
2060093632
2118028946
2094088936
2118064849
2116065199
2062091619
1134049672
3046070855
2077098508
2061082687
2067085319
2070083609
2065074672
2188078198
2070076093
2063084585
2188068455
1019077598
1112021547
1022091860
2162060928
3051092444
1113019766
1017092553
2161098722
1026074988
2071090186
1028070198
2164074289
2163064683
3051090207
2155051973
1193030503
1006099667
1193086351
3153008402
1004090082
1012073053
2165082787
2172023576
2144066135
1025097216
2162084042
1025082531
1080099151
1137078700
3051081304
2145036402
3052090624
3051070669
1081071078
3177019998
2163091022
3178000080
3178033902
1032098099
3176000087
2164012368
3176049357
3056095642
1196019147
2145039698
1083082069
1082097741
2146024146
1053085504
3057083920
3179068337
1199060823
2166015953
1017074461
3191054988
1191027900
1192044645
3187074154
3188076881
1195035043
1196035256
1194026963
1196027092
1194009494
1195083213
2165080725
3177082692
2147032705
3177000241
3179031498
1036070678
2148037399
2147077563
3152010843
2146046636
1195093033
1197021027
1198036967
1198031396
2000081055
1197055818
1199036719
1033097290
2148078302
2153063017
3153015178
1013073272
1006071254
1010078465
3153035486
1003078190
3061088613
3056086129
3182046705
3183000731
3181000759
3183044868
1044088301
3181011761
1173074128
3192055539
3192014553
1083099417
2166014863
1013085319
1037090225
1017079294
2167018290
3189015922
3190037935
2131026518
3190003777
1195026904
1196009533
1039091503
2000081241
1187016407
2003094692
2001089132
1187028156
7101042657
3191043703
3153054698
3181043803
3154060305
3155020211
1186049291
7101083553
1036084581
2000094220
1188024524
1189056137
3190008534
3193049841
1174041578
1005091967
1014096053
1174062923
2132062396
1185011839
7097097126
7100010335
7100096119
2156068184
7100080960
7102075375
7102081390
1174045860
3193062078
1175025835
3182083862
3154018669
1185031230
1186073750
2131000219
2132022096
1188019175
7102063627
7102042048
3194038719
1176041984
3154051556
1176048430
3154014852
2131041075
2149036534
1177096832
3197043826
3156063332
3184004055
7099093972
3155055488
3184057954
3185042847
1187008168
1177071521
2131022121
2148038339
7101074119
1158004729
2132031365
1139034343
1161034520
3156046386
7102084548
1175006989
3154017450
7104010887
3197030494
1178053337
1176050463
1176010994
1049076091
3156049099
1178023054
3196041616
3155090540
3156025821
3156070579
2157004310
1159047465
2157062433
3184083111
3194076416
1175061504
1046076672
3186025921
2157066188
2149018960
2158048152
7105070162
1179045367
3186035207
2149078989
2157052195
2151024773
1159052860
2159088499
3157034454
1181046753
1139081333
2160022346
1182077353
3199076387
1182013627
1182004664
1182083129
1162015064
1140006860
3170046573
1139063225
2151077567
1050094419
3168014151
1159087463
1161030353
1162006151
2159018156
2129061739
1139091807
1138083818
3167066002
2159050422
3187069544
7099086914
1141008277
2129041973
7106026639
3156039470
1161071747
2151076624
3183055298
3186087443
3196060346
3198043578
2152066991
2153011587
1179033495
1183050339
2159022903
2160043935
1178040954
3199020155
7106082932
1163044407
1143072702
1162079284
1163068602
2188013286
2189008229
2183071993
2185004006
1148099034
1163066738
7105054151
7106038310
1183061176
1183015859
4000095606
1051094894
7095077999
2151002609
1180073208
1182059020
7097091931
3183086820
2153024913
1184033401
1185077437
1185060210
1186072363
2189062818
2190018379
1145009377
2135005613
1144012950
2134005598
1171000159
3187068620
2191042448
2187064008
3186067290
7107079445
2187000675
3157076984
1143083925
2190047097
1172016894
1172089764
2189031678
1164033720
1190072327
2191058803
2152093411
2133039846
2135023365
2135011533
1191057463
2155012436
1164025014
1166017156
1171044118
1173046013
2135083658
2191050266
2192023631
2193078925
1145047900
3160003330
7108081559
7108010548
2183046876
1165016536
1191076237
2185055320
1144041088
1168009979
2192077395
2194045015
2195001159
3132078966
2152094324
1166085122
1167080810
2190039481
1166008112
2182075132
2193046159
3132032987
2183081664
3171014770
3173033931
2129054564
3170029482
3170021858
2186004513
2185084433
3171087269
2185094803
3160040943
7109058589
2185013221
1169030489
1170053529
2133054521
1171012551
1168014968
3160071062
2131009714
2183068694
2132004414
1142009214
1166074070
2186057124
2188003824
1173058724
2154039648
3188095418
3188082964
2155071633
1152039999
7141057020
2144026935
2116066287
1156068141
1171014570
7142046324
2138039191
2137018968
1135085885
7142000018
1148053446
2196041221
1150011972
7144046546
1144057420
1146011599
2194063428
1146040331
3133027874
2194065942
2195047467
1148007643
1147085955
2196083771
7140088246
7141042313
1152019744
1148083818
1149067145
7141007854
1147069347
7143066432
7144060532
7145070799
1150074407
2188004999
1155062611
2140001202
7147084663
7148048357
2141049946
7148087183
7149064696
1155044280
2143065897
2138047606
3133063817
3134072949
2190013122
2144039568
1152075659
2143079005
1157022154
3135049577
2137024563
1154032991
2136068276
1157087966
3118037137
3119056224
7144081822
7142011853
2116019230
3134037036
7142059858
1154073155
2137087942
7146062746
7144021958
2137075842
2142053858
7149076531
7150038675
1158041016
175057229
1129035828
1135007118
2125067988
1135070278
7146055493
7147026276
1143032544
2139050222
2126066324
3137029721
183037938
1118073243
3141072527
1122072646
168080446
161090017
2105087422
178043637
1127064645
2142050121
1135098710
2126087363
1154069592
1158024443
1134085342
7146078121
2143092817
7152063224
2140026688
7150036751
3135084794
2124064925
1131040228
3136022715
1131055561
3136081614
2142004569
7146068793
2141021263
7149053719
1158027563
177002113
7148085551
7152098109
2125095824
7149075855
3137072542
1157029892
1117038535
1118037403
179030217
177071393
178074324
3137031847
179054580
7150069398
1116063354
1115055047
1116041644
168083840
179032548
1119027923
159002199
160041210
1121006801
162050663
1117004401
3139048473
3140070181
182051786
3143073013
183006894
1119077444
161087007
160028787
3135022152
1120027332
2129002833
160073577
171010207
171080769
2104012149
2104080405
1122001447
1122016131
171007197
1123004506
1121062590
1119015727
160025236
1127020167
191078094
1126053593
2109087036
192037125
190042933
191055823
2105058272
189002438
189086723
3137078323
173079753
172077767
2104093342
174027274
173074053
175009839
3139046658
3142037821
189030935
3144013241
2108098248
2107033111
174087346
2106071635
173033465
189015927
184006411
185008874
189044403
3136070316
3138032477
1124086961
194061311
195013656
197064844
192044059
3144030852
7154041714
3139013046
3142044947
3143057215
1123092034
193023004
191071461
1125024198
194087564
1121039655
193076327
1125031019
1124007646
1126056231
194076049
195087789
196046925
1100019688
1102023464
3120023567
2109053602
1124047514
1125053280
1097088113
1097098111
196005724
196061188
2109025925
1129008027
7154009560
2110013245
1101019762
195041280
2121032592
1129015308
196046288
7153017089
1128063894
3140004409
3141066910
2117071669
7154011662
2111082300
2167091402
139076369
2110066048
2111030882
1104065422
2111075502
1104029856
2118000579
2119095020
3144075848
2118021405
2120031393
2120061990
2122053426
2122013708
2123035772
2124002220
181001217
2119025127
2120063429
1128056626
3118030542
2123086244
2119076894
3145022832
2124068345
7154075351
3119032176
181078380
1133046673
1134028896
1131044115
1134062891
1130059023
2112046011
1131003721
177067901
1131029046
176001077
2127035413
179061919
2128048338
176070350
2113032380
1137045295
2169091302
3120089347
1103059434
2173028512
2173080454
3124089194
1142022745
3129046866
2129030060
2113054647
2114046948
199004822
1106029064
2130025890
2127073090
1136018849
182015699
1136021741
1136076664
2110041213
184059289
2114028507
2169027168
2112042567
199031221
2170000549
1105038373
1105060276
138063172
140051177
2127030297
183042315
2171005195
198008099
182029341
2113019926
2114069478
198084761
199017097
196076786
1102089146
182071123
2111068549
139067378
1078093661
1140007706
1081096735
1084099963
2065082465
2068088216
2181010492
2070098807
185043211
2170063599
1079089499
188063022
2115017008
1105070721
3124021545
1084090984
1087072664
3121036294
2182037935
3120017450
2129056307
3121018416
1137084943
185042162
186053025
3122073093
3122087968
1139013332
2044081547
3125037817
1108005167
1106084527
185065581
188085140
2116002344
3122097034
170068667
2171053629
186019461
3123038698
1107073676
2077083643
1138041207
2077080165
3123002480
2114011918
3125030242
2169020700
3124024540
1141006061
2115048069
3126069675
2172005513
186079689
1109077902
3169042862
3126012778
1108027304
1086096172
1088073556
1108061678
163086199
2173069032
1109000300
1085094491
1110018300
188066768
3127021617
1110067750
1138018710
3127063711
1138004138
2172085121
1141047236
3172024774
2132002825
3171035409
167013775
131076618
166057668
170034838
1142017264
164026814
1140057627
165004152
2101079177
3125082946
165031973
2131000329
164065711
3127075813
2101068494
3128088927
2047095340
165078025
2132029135
2032089358
2035097139
1112058802
2174027826
2082073789
2047097861
2051086443
2054098610
2047078164
2057095958
166068696
2103001192
2059097372
2175026950
168047825
1113056914
1114063082
2175061748
1092076687
2018070187
2086094188
2104036867
2058089192
2029095179
2028099726
2034099273
167073075
3128068415
2173028786
167008127
2089096770
1111012550
1108074313
1110024879
2052097440
2032092207
2039096763
132066021
2042085542
2041083119
2042091503
2008089575
132064744
133010756
2012096324
2014093147
2173048071
2043090147
1091095098
3130026386
2012085701
2013086792
1111096346
2101081143
133004405
2172065229
165085203
2093094401
2176043937
2177091626
2064085217
3106004756
135091742
2096081763
168075701
135050404
4160012043
2102085422
2097077591
1113011012
2085083231
2096072882
2102082534
1091086219
3131077667
3102068622
2087086223
3130039167
1113086314
3102037226
3104016134
133049504
2096080925
3101052982
3103008395
3101067691
1091081552
3104094301
3130082195
2174059733
1094097114
1115035660
2018080455
3105078134
133063739
133087160
1115063550
137059150
2063079386
2178016234
2062090554
135023432
133031894
2174087023
136069863
169053335
137095440
138087642
130093806
2176042330
131024535
131010460
1076083404
2177031634
136017284
1014080649
1114017940
3107063246
2176062724
1115041112
130082466
130050900
2104060077
128010236
2064095202
2179063555
2069085967
1083092011
115055955
3116091607
2065070894
2180089692
1077095416
2178008581
1080082049
127061474
2182029518
3121013151
4158031769
1010083830
1012083803
126035998
113009454
4158007146
1012086115
1019093177
3111090429
3093080275
3111093724
114037686
4161036700
2005072888
135031063
130088341
2025098176
2028080327
2031090597
1195021030
1195066100
2018084139
3108047076
2040078470
3090094069
2031075398
1197074202
3108018459
3109073420
128051229
2035085313
2038088559
3084079691
2040074472
103030746
103078597
4160044933
2035082394
3107040626
3109088389
2020095233
2018088687
3107027967
3110021157
3110037503
1018084851
1024094882
1026086272
122045679
122043599
3110029571
1001087892
1020085756
105022902
108078807
2011070460
129087907
3095070154
4162023513
126028680
3111084613
120023228
4158056030
2023086741
3116073124
124024072
3112088515
105039879
105077368
122080586
1027070364
1029090949
128094426
129061773
114020042
1022088486
115083570
104025424
3110031571
3113076729
121088503
2007099867
104015629
3095071272
1026091546
2009079570
1199020242
4163002892
4162063379
1029073770
122015819
122019160
107002056
1031071199
2009084443
2174027390
2175036742
116013657
107094529
3113054243
1000081524
3114020764
3114060508
3115060677
2024097256
4165028301
3114008292
4164066811
3116004258
3116059646
116074246
2012073875
2133042300
4165070600
2017076983
1144003657
4163018784
4163033004
4164052867
2013090817
123059652
4163051352
3099072059
121085670
4163076067
4164032508
117074779
108045446
3114090108
2017094336
3070096622
144028370
145033696
144068043
1174069942
4156040418
1142044133
4169076178
1003082175
108000885
4165089355
3099089481
2026084369
3065080196
2002088031
2021072986
2038088930
2008085039
4166016474
4166050977
1006080293
4167003190
125020195
1199034274
120032724
1005097237
125046342
2003075858
92094738
3071096705
101045078
1198088817
97084185
2000084101
3061094107
2001084260
3061093285
3063083208
100064461
100014062
3066093594
92081221
3099071769
99080755
2042077098
144074132
145010224
3071070565
2006083332
141040972
142053304
1174010750
1174081630
1173082530
142011300
144006100
143025214
145000494
2004086637
1174086774
141014932
2133082762
1143048857
2133036612
1063098103
2134033057
2175000797
2134041303
2133007152
2133082402
2136053194
1148007020
2174039542
114017827
1008076378
4156073125
117076659
117081309
4164043598
118019756
118081579
119040749
145077187
2042070557
149076500
1177019921
1062092474
4168049950
1055084396
153076093
144069423
1056086055
147000919
148035988
1059095953
149004011
150048659
2042070077
1177033249
1064085117
151089859
1176081606
153067841
4168018683
4168049754
146042275
154036358
155012142
1066087420
3073093373
154069256
154032078
2025087015
151088804
4170044809
1072090213
4170028432
4171067587
157019383
1058074690
192070527
193043115
155064128
66082057
112012102
155010730
156081876
155091127
158056780
111005570
4171085812
112042753
4170030922
4171065119
4172082242
194049413
158079876
193058355
157046953
149038000
156067760
72096371
193063660
1066097824
153071868
151082115
102092544
112002151
110018266
4173021740
156086221
157014019
150071564
1191044158
110080591
195026360
1189068243
3076096012
183007423
48091255
3078084067
45073884
193085489
110055815
182056920
194063190
4172074952
3075085379
41088137
184095400
1181005743
181079390
185067184
196035696
1190066142
3079078267
1192054589
1193035681
1194022019
3086092274
1181023137
3048079390
3048093732
190067550
43075087
1189066916
195019569
83089485
76092921
80095949
1183051767
1184050340
1192087702
181081506
184079856
2026086821
48088372
186039380
182052604
186025850
1180098832
1181058092
1182074705
186003479
187065995
186076985
1184032117
192006706
79099608
82099900
187084375
1182006284
81084912
81087419
1185031711
180072045
3046088138
1181081988
87070879
90094666
196070656
69097544
86085646
191031766
180077673
1184078450
22087002
1187038474
3077090794
3045071371
197086433
196057630
3085078553
56093184
69085342
90098633
3086077973
4173004173
109087126
192060897
3082086714
198029244
64075397
63081873
57077852
198079053
198017092
3052081069
59091632
180003989
199073976
1096122
16081657
189040401
199000147
1178034591
1179084690
199044036
189003761
171037503
58071588
1180035796
51075489
189031886
55088692
199021771
1179083497
3050099147
3045086468
190046308
54088214
2032081560
1149062920
1194044552
162078650
163097601
158025763
3088089660
40084287
1158080438
1159060034
2035098630
1161025818
1162079129
170037910
1159032411
3005096344
1094178
156023818
3052091434
3031071083
13081090
1170022780
1166081346
12091360
8074151
1189038665
170070813
163048483
1150072044
156087919
3053086003
1162011877
1161054645
3032081479
3026078273
158030664
3043073293
1163041237
1156009039
1156059432
1187078033
1159022887
1156090837
3011073885
161047355
162086255
164087450
1160071463
172073688
1186088947
1164037962
3033084926
168093028
1164020853
1165044462
1166063203
1167083866
159068155
1168049390
1169000327
1163023065
1150076746
1150079591
3034093954
3037086749
3054095634
157063450
165079522
1165040593
1167049472
1156072733
1170098315
159002738
164023030
1151080009
164012972
3056081727
13076453
1151029500
1157073591
159031237
1151046194
1164069972
173095836
159034539
151031238
173072516
174080173
169002241
3009096510
174020655
1142071977
1153025488
1171065144
3056090272
3033098457
3034084208
1143021323
1152078065
163028361
1153074580
1144038686
2136023228
2137048299
1154055825
168084631
1154080907
1172080849
174032906
1142046536
1144013246
151081500
152032362
2175024537
2136022972
2176067589
1147028097
1149033347
2133001743
2134039192
1148000323
2138075493
2136016242
1157073585
1151062087
1150038340
2137055094
1154074480
1143056490
1148098343
1145024053
1146086426
165060864
2138080539
3057083219
1159024550
3025094731
3174028123
1156001258
3017092312
146069849
147028337
1158088107
2195008012
4086921
1168004797
1144002538
1158037751
1144062961
166020590
1145060299
1147018023
1159069764
1159007238
1159071304
1145051958
1159081571
1155006571
3021088898
1147066086
11092654
166091708
167056036
1148089398
1155082826
163095801
1156046021
25074659
2195027634
2193018501
1158022634
144077848
145004837
146006759
1167084128
1149094843
1148065272
160023971
161005238
156047744
12084511
2195007451
99749
1159058072
160078514
2193003272
28088023
1157019677
160080220
1149016400
2193052797
155050883
3023092145
26088889
3024092261
156064929
147001471
12080878
152066328
152018867
3034090380
147083881
1161031747
1161002457
2193049545
154001561
156084040
148031155
2191017932
1127064649
1127031397
153075613
4099831
1162000440
148040503
31094095
3035090911
2191064337
2085061
27095566
1166042151
150081734
1165009747
1165086825
2193041789
143092625
144073102
1162073354
143060977
2196016794
2196063695
1162070651
1127080074
35070255
154071167
154088950
1163027485
1129062770
2156005334
1162083094
153036243
1127032603
29073898
32098620
1129018312
2155072083
1128044450
149055917
2155081595
147088988
2155041138
141015805
1127097048
154039906
155032615
1155016950
153076940
154029275
150011078
1156062931
1164055459
1165060116
1165080583
2193086837
2197070291
175074768
176077022
2156064693
2162039094
1136019885
139086855
140026029
2156011250
3002097463
141048470
142027344
3001089786
2165003825
1131060339
1131004394
121020184
122013866
122033840
137080617
7023096703
7022095933
136085730
138025799
1115072527
1116006823
137090549
138021288
143043674
2157074357
2157050465
7024089731
2165023236
3004080723
1137029146
1136088812
2176029180
7029099864
7024091783
2199047181
1114054834
2165055395
7023099556
2158043775
1130029363
7033083574
101026313
2163007667
2164003990
174037426
2163076052
7005086589
1117070772
176087326
1115023015
1116016058
1116063825
138087271
100071304
7037096709
100001345
2162016848
2162082798
1115053213
1117009386
137081152
139071635
2164049259
2163021454
2166051496
7086087544
1117018662
2165057868
2167048921
141057358
2156097723
2158031017
2158085294
1132025381
138086191
7077098161
7080095491
2162047291
2163035521
7084091573
100043556
1131054872
1133012732
1116065511
1134005687
2164077876
94098139
96074192
96092842
1131041681
2165082969
7083084464
97094155
2166065175
7087089550
7090070168
2165073367
1134070156
1135079370
7086090870
7092096230
7089075483
7092091934
1116091519
2164056440
96080555
88084670
6199035643
80071589
81079692
91071480
2167062584
2158058178
2159065811
6199092211
1118048874
7003078082
93083623
86080489
6198084697
7005072897
177067025
1137062454
1122005845
1121060833
1123067874
66094166
69087739
69087693
7045088328
7046083776
1118063290
2160060874
139074326
2198045147
2199004734
2199052278
177001282
2166009624
94080346
82074392
1137085377
1139029548
1118083052
6199057360
74078586
2168006584
75091558
7011098041
7006092935
7009098396
74071873
83088760
1120027195
7006074379
1120061298
1121081645
7015084772
75085214
78096855
1120064481
177087002
2167000454
178024715
178088157
2167018875
1122006388
2160002059
1121023423
2175097305
7125095713
179082557
1123020028
1139016770
72084585
2168002176
2168029026
1124016040
7039090149
1122018743
1123037719
1123092839
130043940
1138082355
139072703
67084407
1126017870
1099085742
1100098735
7050083185
1124047288
7038083260
1125030327
7043097258
7043091290
7044071590
1124067250
1126067272
7049088612
7050096438
1097080980
2167030483
1137063601
7048091018
65071283
7051087641
1096087065
1101036437
7054071088
1139070926
179060527
2161086338
2195092705
2162017860
175007958
1133077417
1133062231
1132031890
1102065223
130047479
2196033766
1134041092
1140022570
1132035494
2159067095
2160028034
102019770
1100016179
102001843
1101038347
1102080119
1102064496
7056092522
7058074959
102068618
67098118
104028741
7058099826
1104008958
2168007554
7059081219
7060092957
104045583
7061087726
104094539
1104002919
1105010970
123090803
1141020936
1106029071
1106071895
1107033268
7064090265
103087406
104014651
106036542
1105046257
1105094218
1140066547
1104021600
105065141
1140045836
1142025293
124003034
1140084056
123086518
1141049834
7127013358
106079900
106020676
1106017579
7127065511
7127056496
7128065609
7129069348
1140064393
125018820
125043458
127072779
106075342
105035114
2173021203
7126019678
106027017
1103085059
2168007651
2168049241
2169050805
105040799
2170087130
7128046522
2171084290
2172025564
7070077651
1107049461
7127002121
7070089291
108021119
107076730
2169072076
2171056928
2167088932
2170034797
107038171
2173041083
1108084924
1109075398
7066093547
58095467
4009079692
1077097276
2168084512
2170039948
123080125
128083346
2176063934
126016135
2173086054
56077576
58072484
61082881
64091823
1107088389
7127092723
1143016939
126000220
124030875
175017461
6184045040
4016093377
6184064361
2175021596
1135078891
2161066574
2174062676
176030587
2177023429
1108083138
4003085472
4002078788
1108027046
1110003964
1110075868
60092196
1109015323
1110000276
129088529
125006031
6183058393
6183073113
4013086204
2172066750
1112004218
128017551
121083476
2173080608
2175006095
4004082172
2174099403
4008088511
1077073552
7130069804
129012260
4011080777
2146086531
6184001197
2197078731
2197069237
2198069571
1082089134
2161040480
2147018061
1110033016
1041089424
6187041933
6187022845
1091080680
1093088137
1040093148
55076153
6184071089
1110064481
6184044719
2147030438
1081092507
4020088705
4018074456
48078786
50080916
2199038100
2198063402
1134052250
2196015534
4020097486
1087074195
52090692
175080054
1089091700
54078796
1082096730
121024936
1091088345
48092635
50090291
52089685
54091603
7129003794
121001713
7128085838
54089706
1089089630
6185094614
1035085131
1083091830
50081407
1093099458
1038090048
1095089186
6190000364
6190086002
6188076011
6190029817
2150059882
6194051325
6195052160
6179059338
7130063081
2146031965
6188015705
1059094282
1063071759
6184081394
1041078491
6187045006
6188094106
2147067176
2148037564
2149034046
6187071814
2152071118
6188024760
1049093787
2148049319
2150051601
2150059099
1060074354
2150023603
2151096919
2148098844
1066090543
2151086338
1045077797
7140032762
6178011188
6174027153
6175059276
1051099510
7138069313
7139007522
2147083790
2149073803
25081006
1065096677
1066079052
6191074726
6176059744
6176029960
7140019320
7141061608
6178068595
1046096698
1049085111
1049083758
1047089015
6192078248
6178058814
6196014226
6196081396
6194082682
1049089054
1070080558
6193083523
6194045821
6175077803
129054838
7139080592
6179041856
7141012904
2177090812
6193030794
6194019060
26092751
1047073361
6190038344
1071082903
6192050857
6179027125
129011520
2177086516
6181079407
6197059748
7141037950
1074095784
6197025208
6180029570
18096963
7142066436
6169059453
1074084589
1072081544
2178032495
27094456
2177091328
2179015284
1073096457
6197065511
6198057004
30095159
6179057758
2179052042
2180014968
2180009410
2181020364
2182022650
7142037999
7142033117
1112016900
7142064845
1051081824
2152060456
6180067406
6196065222
2181010305
2182039126
6169063309
1055099548
6180063324
2182075100
2183072321
6180084974
7144007957
7144028342
2177032672
2182058744
2183074686
7149084722
16070955
9157087012
1036085446
2130044067
9158015428
2130084584
38096076
7144041308
7145037139
6182005738
2184036337
6170019102
6170094701
6198042816
6182007517
6183038522
7145081876
2185015095
6183059331
9150031557
6170084206
9150067944
2182001956
121087213
21077482
2182035782
2152083009
2184057560
6183048743
7145013691
9150027575
120061124
113001739
9152035417
9153031698
7146049590
9152009207
7146074354
9151085770
7147048501
9151006722
7132078004
6197068360
2153051631
34076476
32096623
2153088498
2154072423
2153077719
7131086815
2184046128
2185025413
2185048655
2187042120
7145064369
2188050582
1041072056
2154022507
2158001366
2159030401
9151006427
7148028494
9150013177
7146068391
7150090619
1056098308
9151071099
9150020648
2157059193
7146080756
1027095062
1027079287
2159024315
2159077595
9152063865
9154091222
7149099124
9155038256
2159072001
9158042445
9155061864
9155060812
7149008427
9155025951
1030093839
1032081056
7152000749
7151039498
9157009583
1035083206
6085279
12080721
2156076743
7149099641
7150076199
9156055074
1028082085
1098161
10088758
9158062332
1081446
2155018163
2155035751
6171030211
1033098119
9159074820
9160013148
9161017903
6171067859
37082854
14094356
9157060436
1039089319
2082199
16084453
38073164
6171043794
2133040326
6174003279
9157070093
7139017710
6175061108
7047074292
9160085816
1000094610
7036081536
7137065445
1040078484
2157042278
43097786
2130056939
6087485
7038079151
7039084987
2155052346
41085242
37094728
7032096066
41074568
6170030084
2157008110
7137053964
6172055970
41094125
6172056432
1044096996
7138022813
2159040060
1045089561
5093202
7041084540
41078163
1036092255
6173055493
6171061013
2156054373
6175083287
7139097422
6173075277
7139096433
9085098580
9178061819
7117056768
4144052407
2132034242
9171087375
7098086050
7100039344
7100032039
6175098335
6186054381
7115077086
9163047067
7117079184
7041087121
7138077660
9161064725
7139075088
6187083971
6185032969
4143046022
2131065942
2133013669
7115056005
7116021622
9191023469
9191017294
6187040923
6188043656
9189029960
6188037662
6189055335
6189034199
9085090840
2141072266
9079097073
9162065914
9190019720
7118048511
9191061829
9189059300
7114027788
4141062089
7116078829
6189068774
7117089149
1019082935
7117084241
7119003483
7119079244
9164006668
7046090631
2132041309
9163089857
9163061811
9165089698
7120038376
9161040021
7044074054
7119070256
2134083193
7047075793
7049094633
2143081612
2145000354
9165083568
2139098911
2133049929
2134086026
9165021286
2143005043
7115062739
9082094167
7117055080
6187024136
9078079278
9081085091
7121070530
9167051737
9168064995
9163041043
9164011069
7121032034
9167023267
7122020842
2135055259
2136053733
7048092594
7119051351
9165007810
2144018517
2145072670
9179049469
1021086697
4143074918
7122037504
9164071664
9167003805
2145026889
9167061390
2146007196
4144073021
4143084868
9168005255
9169027805
9169052941
4144078561
1009091491
7094085317
9170005964
9170063961
4145025915
7093087580
2145056017
7097097176
7100019146
9170061462
9065088397
7046083578
2140080612
6191048904
6192054425
6182080877
6181064481
6184003559
1015096949
2139046880
9171077141
7095081872
4143085268
9171035302
4146056108
4145061433
4146066357
2133053684
9065095064
1010081770
9066077985
1011093877
7051092438
2135050053
2136014118
1014088075
6181005915
2133089288
7049072478
9069097509
2137025086
2138000222
6182021869
2138044282
9076084071
6181019828
1012076899
2137010871
9069095426
9073088997
2138036134
2139010428
6181035325
1018079077
9074090763
4149004175
6193030537
7101044930
4151041475
9181035373
7105063167
7102006730
3054095557
2137030893
9076074454
6182059346
6183070986
9069074198
7100084744
9173001676
6191005074
9180038032
2139080554
2139037927
9078077287
9179005077
6190034812
9179060173
9173006740
9172029160
6185002462
4147087710
6182091505
6182081571
9179061032
9075073491
9180059956
7106040021
6191024072
9176065216
9077079861
6184067012
9181029147
3053089682
3049091374
9180081683
6192070993
6193061970
4150066642
9180037303
2117057469
2118096413
4150075580
6190096420
9176029592
7102017359
7103068225
7106045594
3048097822
4149056357
7101002316
4150094511
2120035834
7102055806
4150030995
9176049874
7105073638
4147072443
2120066147
9183061449
9184084418
3057087622
2120033076
2117015661
2116041377
7101032571
9177009328
2118071467
7106085280
7102094211
2117076479
9177034301
2118017959
9170056997
7107078879
7101076525
7106087510
7100053537
6194079778
4152031711
9173076536
6107033434
6176043982
6198071610
6199059462
9173076927
2119084884
7107034505
6194073169
4153071927
9174049517
9177066099
9182019020
9183014306
9183068732
2119074373
7109013216
7109085140
7108043721
7108089606
6193024066
9185066171
9183067303
9173065604
6193019357
9185059820
7108051029
9175018740
7103078302
9173061629
9186028412
9187077349
9184016282
7108009900
9185075123
4150055793
9186086660
6193021057
2142030681
6195030224
2143061747
7108088646
4153089921
4154027854
6099087418
3060084387
6100016943
4154074477
2120010162
7111005544
6100015073
7111006598
9187074774
6100023684
6101029571
9188004230
9188066616
2141066479
2143016354
9187031278
7112008020
6101047259
2125009512
7104027390
4153045115
9177071506
7104093842
7111023944
2123025360
2124089009
2125014545
7112062184
7112007061
4156007532
6177083778
9177060140
6176047953
7113012451
9189044750
6177002166
6108018236
9176088289
3059095977
6108007835
2124061029
2126077178
2127039617
2128029987
7114017544
9188075717
6099099749
2127036425
9189040554
2128083590
2128074081
6101064694
6178069635
4155063924
2128049573
6196018827
2100013033
2101009570
7113051203
6170070712
7112014409
2128089703
6169000212
2127059145
6171014878
2129045136
2129054435
2103065071
6107097411
6171029394
2100043248
7110051142
2100070261
2102072948
2100072437
3060085205
7004096177
6198068965
6178047582
7007089879
2103094544
7000093730
2101036315
6199074848
6109049710
7001079690
6109060969
7005070153
9137080062
9138039024
7007092061
9135080498
9135068714
2100034859
6109056582
2103079280
7008095772
9135083773
9137047187
6178054882
6179062401
6181039330
9144011780
7019098065
2121074672
9137015209
9137057402
6173017743
6173041374
6179045953
6195087654
6196082425
6197023524
9137077105
6169034782
6181023450
7010070255
6182023290
6171006203
9141044318
7011074867
6173045833
7026092745
9144083115
9145034588
6174036489
9049093513
7010082393
6175046481
6170086588
7053090552
9140042264
6172016560
6198062323
9136088503
6197056049
6175051787
6101095828
6102088237
6102092024
6103042678
6197045551
9191033744
9146030095
9146088534
9146081635
9147095834
6104050162
9147049077
9048085412
7024082700
7028097878
6199025125
6176061571
9140099901
7028073761
7062099633
7021081071
6102031834
9145056164
9146089699
9055087540
9052095047
7058074354
7060090922
7063084379
9057089121
6139074446
2124080099
2121068866
6105057776
2121075768
9052088637
2124040796
9141031003
7056082169
7030073564
2122056716
7031088309
7026094120
2123076673
7057094558
7028099436
7065070858
7067083222
9049074485
2125042911
9054079095
7058092750
2125074485
7067073152
6105071801
6105013840
9141028844
2125038490
6140055179
6141021338
9055084137
7012080183
6138082411
7012091517
7016094156
6139054263
7012084289
7013092652
9141096015
2103029359
9142067290
2113038046
9111027365
2109023947
2110002670
9064087623
2105019303
9143078349
6139025179
6176079914
9141073314
6176046550
9141007117
2104037438
2104064116
6141027187
6178009292
6183079743
6184092029
6184067881
2105019842
9130026319
9146046668
9148033361
2105044088
9063083467
9143078271
6140087827
7024087431
9145027051
9145076665
9131047066
6150021777
9129052809
9128091345
9161079727
9164072833
9143048019
9129063929
2107056235
9126077973
9127055049
9131038353
6148022062
6148015487
6151041736
9160021123
9128033842
9163004167
9130063248
9160019972
9133008378
9160088475
9161000352
9134034018
9161089324
193050749
193060744
9133038739
9106037885
9130067408
6150038311
9164066791
9149016245
9112000817
185035111
9132044866
9160044676
194076000
9107006819
9106015642
9107036493
195005311
9148066267
2108032209
2111048487
187002959
181000459
2112050799
2110027923
9112009428
2106088747
9113035104
9113084614
9170080350
2112021780
2110067241
2112046471
187000713
2113067181
2112072733
181027489
181053405
2108069293
2110051799
9113073046
9114029720
9107028434
195097839
9170058073
178007339
178097129
9164044188
2114057307
9174064868
178008550
9171088577
9172079472
179076892
181092719
2114059234
9171029098
9171055349
195089254
6142051216
9176005655
9064092928
9174018063
197020569
9108068643
9122092430
9106078694
2081087101
9115066050
6144032788
2107018752
9172079702
9174022429
7019072059
7020095577
7019076559
9175001259
9112069474
9115045947
9175033877
9116038413
6142003341
9121018000
9115022486
9176050327
9134035945
9177025020
9107088337
9165012817
9175015292
7023099150
6142067260
2114092133
195090722
9109043114
7022093128
2104075827
9120026290
9108008894
9109019350
9164024508
7017086977
6140034308
9062095017
2107085122
9120059578
9121055825
7030084725
198053297
9177069950
6183017696
7030094033
184045405
189092725
9122038575
6143079346
9116082657
6144065768
9123069608
9121071192
9121086476
7026096425
9106061758
9166026782
9116083582
9167012854
6142071940
7019083289
197079014
6143048760
2080097735
198060101
199013818
197008346
9124032578
9123040954
9123001384
6145076340
9109064650
6146057573
9116067290
9177031769
9124026648
9125053247
6145001640
7029089802
191012426
7036078988
198046967
6145055061
9122033338
161018758
9119096829
9110009623
186013924
191042541
9167023569
6146073605
192039934
162007288
9118046132
9125085207
6183019199
9108022818
9126049891
8189021722
191045878
9110047715
189033024
9111018518
9169048566
9168062519
9169006782
188069244
191017070
187064726
9167074996
9168029028
9109049967
190005805
182036671
183042980
184097333
189031838
190089177
9169035625
183040346
9118048636
8194032348
162087682
8194087667
8196025743
162087985
8197079306
9119005662
8190068948
9169050622
185079210
9169033651
9112077524
190081369
184051044
9111099104
9170068095
9113037584
185098625
9125052602
9177089763
9178074287
8191066440
8193022602
8193096301
8196000736
8196034184
8198007775
6147031366
6146093637
9178051851
8192078819
8195033195
160066726
161085929
8196084300
8197084956
9117001382
9180038758
9117058857
8191073022
165031650
7034099265
6146009794
9125041946
2080083292
6182065933
6148073558
2081080697
154080543
6183070081
155084154
8199062220
9003070696
163084674
9004080062
2087071163
8197087284
8189077600
8196059431
8190088214
2084086839
155021206
154063155
155055262
9006078693
9127040529
2107008667
9178029469
2093091329
2105067769
9000087784
9177086873
9004083531
9179047783
6149026502
155001741
9030090487
155091018
155077349
164040368
8199036305
9181012465
9181080776
9181018744
9031089834
6150067975
9034093839
2079087428
9029085998
9127092637
8189064667
9127000519
156069781
6150071468
9181014306
8185061888
9159025648
6150035709
6150039253
163076096
6184047412
164083312
9008076869
9158069983
9185024183
9187025374
2045090247
155052169
9011083147
9016092893
8185044650
8186019252
9017096393
9012099444
9013085309
2066091768
2094087992
9029072399
9047077782
2078095675
9016074180
9016093240
2097073346
9017087436
9047093017
9011084568
9145056363
9190015971
9183023882
2047072280
2051081355
2060092001
8187062430
2051096598
2058087511
8184027262
2055071299
149000147
149049119
9190058415
2043091986
9155056209
2097091142
9145093028
9156008898
8186009282
2044090007
2099098965
9182088063
9188050108
9034098844
9157006417
9035075897
9184004028
9184074577
2062086764
8183058929
8188069728
2048093669
9157065284
2049088236
2055081635
147079419
8187058294
2049081638
148072298
8186051168
2027096248
2029095633
149020481
149073585
8157065420
157085267
9149077715
8176038073
9151057681
141058063
8157075998
2030070257
8187053839
9115030163
9115098020
8158044850
9119051037
8162023704
9118087489
8158014753
8160028137
8161023450
9160008436
8159074286
9115093145
9116040552
8159084799
9118093523
9116034045
9117025840
8159081313
9120020893
9019082453
9119086924
9035091333
9115077987
9033075374
9116073406
9118042907
9119035089
8162040557
150055283
157009293
9189078812
2070084525
2074095548
9021092532
149058517
9119082385
9121057469
8159055515
9119037664
9148014991
9042097079
9039089910
9148058840
2094089967
9147090329
9024086079
9027090644
9023084165
2077089710
8174083623
8174051547
8175051806
9038088223
9019090753
9046070351
8163003629
150005428
9146047350
9185044357
9025090410
157024538
9149018421
9151023933
8176029027
9035084293
157040239
9150009951
9151076157
159043486
9151076533
2034086923
141034587
8163088088
151036022
152079846
8166055656
8180050975
141091115
142060542
2036077480
2038086812
8165087634
8177013973
9150067346
158014385
158036008
8177013727
8178042358
2036099748
8166080342
143042601
8164089179
8175076671
9151051129
8178089893
9152058146
8178036464
159071723
8179086242
9153055426
8163055634
141031887
8166042624
143076572
9122007887
2034086013
8178011338
9122037704
9123010364
9151077527
8180033295
143040873
8180030557
2064085780
143079827
2068089423
9121058173
8183081208
148078063
147050656
6159003522
6158094612
6159083548
8180012048
9154092737
9122016152
9154088231
9123049470
152009605
8177087898
9124003405
9125040620
144058332
9184030218
8180031751
2041088364
159071461
9124022382
2040094718
2041096373
153004879
9126082295
8181030939
147005126
153081099
145025820
8181033947
9125020935
9156062934
9124090531
9125089625
9125033669
9125048874
8183034404
9157061809
153075530
8182060621
9155073647
8183094716
9047088256
6132014923
6132085695
8185053341
9039075450
9040077393
6160040806
9187074668
9047078073
9143035737
9007087473
9188073229
9186085518
9007080761
9008085700
9142020535
9142091940
2001092796
2004098277
137054420
6126077157
1174094519
129020349
6130087640
6131014478
129073328
130028616
9142007412
1196017951
1196073685
9130081042
168014618
6160048886
6161065651
9131056513
9132063406
9143090832
6128004908
6160080351
1197018501
1197076231
6159024599
168002256
169043863
9131041238
9132039954
168002955
1196035678
1196081891
6128031032
6131089722
9145064868
122078567
130037533
9145069813
139093339
6130018311
6131012951
8187094238
8188019037
122077842
6133063490
2012098170
9126014806
131042829
6163010146
6134026626
6136030921
8189041998
8188064082
122032616
123068666
6133069178
8188078807
123051420
6135006694
6134032368
6134088913
9131066354
6163021188
168028167
9127007461
2007095332
1175049086
6132086116
1176073597
6110018569
6134064887
1176050675
1177031419
1178015280
1179025042
124067150
9126098015
125043288
1179064413
8189083363
9131085871
9127040526
9132052895
9133080533
6162080229
6163041982
8190024704
6137007635
1175074984
1176058120
6110045563
1178026909
1179088673
123074784
9133022061
169078552
6162058488
1175083576
6163080654
9133045878
2010072777
145051729
145015038
9134005424
145077660
1178039949
145042189
1180073370
132062166
6168037486
1196086175
9127034959
9132043002
131032586
145064653
2016087791
2014077284
9136008204
2018098099
6136060402
9132008256
8167084824
9136044147
9136077639
1178087061
9138030595
132010817
2021082139
6110063807
1199084220
6165053828
6165079030
132023144
6165080273
9129006425
6110085926
9138054430
6167068521
8169080524
6167047295
6166059857
6167076768
9138063136
6168026168
9129042695
2016087940
8190007386
6124001649
6166062767
133070123
1182019248
134030591
6168057367
1184079165
1185053850
1180003146
9137075547
6124017837
146070255
146066926
1185010484
1181087479
1182014019
2020099500
1181032082
1182030925
8190010821
8168042877
133079728
8191053775
8192057636
1190020258
9130028410
9138082097
8190029785
2017085432
9137038132
135036686
1183072794
1184065391
2023077864
135006623
6125008816
1182037835
8170032764
8190042662
9140028137
8191069189
9129067927
8190031098
6125015050
134081853
135031903
6155072957
6157011079
6153006341
6157094432
6158038043
6158059240
9141087601
8193084831
135041581
6111011226
6125075165
6126076878
9026093456
2024078151
9140073809
6113014360
9141066016
135051781
1190073862
6110069767
9127080203
9024098512
9027096937
9027092225
1192047401
165060101
1190020592
1191062130
1192093339
9027088244
1193054018
146071168
6153046878
166044693
8171012815
166062374
1192038638
1193074095
1193033732
8171059752
8173010775
8173024817
6153070882
6155034694
6156058144
6158026043
8173080763
1194061140
8170022460
8173065898
6154000770
9032078395
6155081396
9035095789
9034080282
6158015891
9142038928
136027047
138037311
6128021902
9143069036
136053422
6125017571
137089837
6128063841
6127044187
135078466
9143048459
9142023213
9142082872
6156084507
1186070302
6085096063
6140038070
1199030622
8193054656
6112025522
1187058660
1160066094
1195021834
9038071998
6112017677
6158031293
9066083295
113046222
112028948
6114040185
9066083878
1161034663
1160026036
8195048763
6112015953
1182044502
6142029568
6142049173
6141000623
1183010976
9110020935
9111049531
9112042281
6142065215
1187084165
1187080496
1185032016
1189036111
1189060544
125085332
127041576
126009628
9112085838
6142061178
9107087591
9109016644
6140011101
8193038926
1189019853
8191024546
9064076658
9061081642
9109079632
9111014468
9111074466
113060071
1166070995
1167062260
9113068832
8194049867
1162066175
129002801
120070539
121033363
1189039197
128069445
1163044042
6113047167
1161083048
1160032209
114023051
113072015
8196096213
6143003762
8196040864
1161058207
121040720
9113059664
9113063924
1167092422
1166020003
9111046094
6144006688
6145039099
6145078528
9114081309
1168029397
9081083755
6145041530
8198087378
6114004266
6114079312
6114043602
6112083037
6147048536
9084074256
6114023760
9076084601
110099827
6060088504
104050224
114023327
9068080422
114025185
1164029771
9088098944
121091425
9114035875
127075812
6115014423
6053074391
115049693
110028747
128074476
9087086074
9079091054
128026600
9061087265
111039187
6087091482
114027449
6056084302
103026224
9073087084
6059085524
6069073154
9077094269
103096636
