3123074288
3124037636
3126031069
3114014337
2141035834
3110011996
3127079068
3128053672
2142020131
3115032585
3116005001
3129019186
3126023788
3109007247
3127052308
3130002123
2141044715
2143000627
3110005264
2145032799
3124068720
3124070085
3114017230
3126093418
3106048622
2143016719
2144065165
3115016921
2141088157
4010077166
3128004796
3129061215
2144011498
3115021545
2145080566
3117051861
2127001070
3063097346
3065096800
2124049672
3125002879
4013082816
4013098291
3126080340
3116061731
2126007772
2125058042
3106073801
3066078761
3105042992
3106088564
3066087524
3107077164
3110066052
3111022483
2144086136
2146016912
2146011736
2147027874
2153026071
3078082510
3118041129
2154032050
2155023251
4013071754
3105064998
3106031110
3110014462
3097089890
4042077995
2146089342
3108063009
3121017644
2128017825
3122002218
2148009887
2149027669
2150049130
9100068226
3127069111
3100078481
3070099930
3071089991
3068073970
3111059128
3082085999
3082087537
3120079399
2129021123
2147038772
3143039089
3132076351
2129046004
2145089066
3134041512
3144091022
2140089312
3143050918
2147005565
3143059144
3133039907
3020088118
3025076191
3027075055
3144046243
3134031847
3145039418
8137051780
4123098720
3027085855
3091089590
3093087209
3121078981
3094084078
2129064917
4017097911
2147073343
3120073437
2130012604
3085084649
3121066314
2151022042
2152022770
2147055731
3084084214
3089086417
2149084687
2150099612
2151055951
3122065419
3122091734
3124011359
2149022870
3090085032
3124015931
3124078526
3123068719
3125048851
3126059574
3127007257
3127053413
3073085588
3075099238
3108023142
2154082714
3126006215
3126087918
3099077961
3100007937
3125042900
3101074498
3102071817
3127043955
2130085698
2131023590
3109061463
3101077142
3103062228
3103082715
2125044229
2151060659
4024096570
3134082643
3094095038
3096096584
2152065829
3126017533
3103039859
2152087381
2154021258
2155030792
3072090104
2100018507
2100058527
3029094201
3108091006
3104079316
3095085563
2153049304
2154015642
2130068313
3109025543
3158023257
2131076815
2133007541
2095071283
3066088178
3068082481
3070090494
4024084264
4026085029
2096084984
2097096892
3069074471
3070093587
3033091034
3110094308
3069075494
3022098703
3125074542
3126043836
2102030255
3110045969
3135063285
3147006308
3111037008
3111068026
2133018839
3030081606
3071089819
2102014782
2131026059
3145057361
3030079466
3134082664
3034081677
2103035819
2100099517
2104059572
3037088875
3111033632
4015094470
3072094436
2103026647
4019084860
3109075088
2134003240
2104025103
2105026367
2104055504
3033081941
3074099312
2100057727
3072070258
2104095917
3078092303
3082087109
3041085661
3005085037
3042081178
4026086460
2078090823
3194079322
2106022551
3079093689
3081074666
2104089185
3042075496
2107087167
2106009481
3028080055
2108009753
3037084459
3029087818
3076091878
3081084302
3030075763
3033088133
2074094970
2072078394
3033093211
3005076054
2107004730
3030095193
3035087130
3195079256
3196067369
9103085644
3195040461
3023083072
3081096926
4019092960
3128017695
3148010386
2087098913
2133071833
2107024648
3128017907
3128076502
3044088413
3128078588
3147028397
2078098911
2134056009
2081081943
2084083458
3127031006
3083083602
3034080493
2197024377
3151026082
2133069316
3085090494
3112027330
3195057334
2085099720
3128012788
3128044535
3147014749
3195071639
2199021590
2139008853
9105074456
9103061516
2112038072
2114035393
3153079816
3010086269
3198074081
3037085386
2078077054
3127057506
3196050513
3135025736
3009079151
3148048375
2134057703
3149052352
3147020185
2136036117
2108038664
2087082808
2197063606
3137020901
3038087015
2108040208
2109021446
3195067665
3198024706
2110040180
3042081656
3137060098
3148002978
3151076235
3137001750
3148073910
3044092835
3008099092
2106080671
3042086585
2110076577
2111093933
3013095126
3149023620
2198081481
2136024028
3087097090
3130012695
3091081316
3130077522
3090090251
2137007703
2137052511
3131088318
2138039807
3128020963
3152015919
3012087884
2134023273
3128033762
2136056813
3093075194
2138040327
3131062781
4124073360
2140018171
3132069221
4121002963
2138095132
3129030133
2139026655
2139077994
3095070988
2139078893
9103085358
4125018631
4122035916
3095099189
4123026158
3131077231
3131031507
2140071720
2035072256
4122030494
4123047147
4121026689
4127018853
3152067880
3149082001
3136040613
9105045309
2198008734
9105067761
4123095900
3138051073
3151047982
2199074971
3153057501
2199051887
3003086735
3150046874
3027093137
2045099842
3153059458
3150001612
3153077951
3011086990
2113006583
2199028074
2197044876
2041097073
3001081707
2050075086
3011095073
3010096632
3151002419
2113034505
2044082085
2052084763
3002074771
3005086201
2046093193
3010083489
3008091517
2014098652
2199068480
3015082942
3017085273
2014094571
3005095275
2179000352
2048087133
4020086723
4023094772
3138092002
3001086772
3005092397
3153058860
3155028514
2176081685
2197068207
4178061632
3198020265
3199064615
3018081004
4180007251
2038085648
4023075365
2198027479
2115015632
2045094793
3155059492
3018095774
2050070557
4022085154
2177042515
2017094997
2116075449
2177062200
2023090639
3018079560
3011094229
2017081678
3021085478
2118082186
2192035111
2117075441
2192057816
3154081560
3013085613
2114041476
3156004781
3156022420
3021076590
3156051502
2177028718
2116082796
3016099752
4180066555
2024091325
2178048776
3198014403
3011087190
2114060644
3014082191
2093093825
2115067483
3016085308
3021095923
4180036031
3014082958
2179017945
2115014504
2192025764
3030091132
3158026333
4179073103
2178000304
3179032307
2023086044
3022075984
2191046736
3021084804
2191049581
3022099886
3138028312
3156062706
4001087936
4001085599
2091086360
2119043355
4173047936
4183051422
2181057410
2181038868
2037074277
3066070373
4002085444
3156042040
4002099532
2192025028
2119075047
4173036410
3198033968
4120051119
9107011746
2009083311
2013096719
4184039741
4184088394
2014080409
3024089509
3182091809
3184024216
2120015932
4184080479
4185055186
2120017027
4185059480
2160077397
4180087032
2179053231
2120053530
2161086191
2161098730
4186063871
2194046195
4009079958
3181000263
2193095419
4185025589
2031095335
4174021219
2160077091
4002084275
3179081929
4186068958
2009099542
2179047650
2011080881
4003096505
4185063284
2183047634
4175087537
4177017354
4184029130
4173097006
2027083039
2183001467
2194012114
2190083853
4175044923
2030095299
4175065735
2014077667
4008086455
2194090401
3185045896
2195021540
3184068574
2120037452
1184044116
2121068572
2182062459
2182074590
2121058175
4181038158
1184099212
4182009014
3183075591
2194017186
4182081160
2194022103
2162056052
4177023634
2162058250
2163058698
2195071418
4178043881
2184028106
2162053013
1185008078
1198052576
2123045284
2184039788
2184042232
2123002495
2185059050
4178063129
4187037473
2188061919
2163009524
3186032692
2122059574
3186062469
3187028574
1198049690
4178010877
4178006527
3187001739
1186006329
1187071770
2185012937
2195093239
2186028860
2175001642
4175040062
1186001790
3187086133
2168009631
1194094829
2174084878
1187079048
4187071803
2196033225
1186076657
4179013953
2186030885
1187077836
1194076895
2192062105
1194030888
1187041432
1199008814
1199068820
2197082292
2185062918
3189064272
3186087569
1192032201
1199012335
2172066640
2173066191
3190052312
3191046125
2000095579
4182043569
4183059011
4182015542
4121065196
3180080514
2174021294
1193071927
2194034799
2175042601
1197005849
2192003349
2167052071
2168024816
2165015264
3192001140
1196043193
2194078124
2006087315
1189030363
2198027262
1177095615
1152048613
2165020437
2189060051
2189000025
2163030248
2189068017
2190052401
2189098736
2166069570
4187080247
4125092420
1186031881
1188042131
2185073012
2003081137
2174077010
2194035549
2175031049
4124098106
4124074931
2154083667
2156061535
2198000689
2199017989
1188046834
1188096839
1198032878
3000096200
3003072172
2154029287
3166055200
1180018076
1196061508
2145085694
2176011916
3193051542
1168045369
2194097716
1188006419
1169007623
1171021155
2148034577
2196028276
3192065306
3193038093
2147015191
3193056691
3194023773
2146073472
1189021927
2168038943
2190083193
2004099540
1169065333
2148014392
3193053792
1169077512
2148058378
2149045096
2150014142
2004092453
2007082206
2148051603
2150044043
2151023078
3162032445
2003076178
1171097608
2149016637
2190086161
2191056743
2187076048
2188097907
2169089397
2150082601
2196012351
2002078791
1171072201
2005071998
2190032604
2191000061
2167042846
2006097106
1189063632
1190040688
2190050631
2149047685
3164047947
2195048986
1170047363
2197039015
1173029669
2191079553
3161065402
2151029315
1172075666
1174021396
2197041125
1174056288
2197046637
3188076547
1170020158
2000099096
1177000519
2171029536
1172060562
3188084470
3161017417
2151066296
2169066482
2191065235
2197069827
1174053379
2152001916
2152091527
1175087233
2152012061
1177025829
1191064928
2150021105
2002087248
2190050134
2192022830
2153040313
1177076050
2190097336
1177084499
2153092511
1148073887
1151005879
1152011794
1175063579
2198068864
1191041858
2154094728
1191084672
2137046502
2138040511
2169096501
2178059741
2179022733
2171023054
1150061998
1151077029
2172004094
2172077814
1152062141
3161028033
1153012748
2141068928
2172027385
2154089601
3163005894
1179038564
1152079131
3163005283
2155041105
3164014943
2155081105
1181032336
3164050653
2157063881
2158041372
1180005439
2156043677
2179045235
2198065693
2157093635
3164069868
1110080332
2120063086
2121063599
2123051196
2123029600
2122025579
1111059262
1113056802
1114019117
1112035149
2118021817
2120074812
1113071784
2122065939
1114061639
1114052115
2182001108
2122080252
2123064128
1115076037
1115086350
2128052307
2182048146
1095085123
2144057647
2173076763
1153032742
1117029690
2125088746
1121009301
1122029016
1120037488
2183000883
1125019288
2128074823
2100031265
2120059118
3146078274
2181057008
1114019130
1114082631
2124049248
1117087351
2125006632
2126047388
1119011301
1153040567
2141042804
1154046476
2141033794
2126089054
1119076077
1120063819
2182022673
2127052512
1117004550
2125016468
2126077895
1117070713
2128059299
1117021109
2184071706
1117017130
2108054757
2142046692
1094092243
1122019094
2100036233
3147047174
1090080992
2102031469
1093090552
1128085409
1130019562
2112066395
2079088695
2173040799
2143048007
3192008292
2141049008
1193050927
2143079056
2128038872
1124076747
1120010108
2144094214
2109085514
2144047357
2173083559
1153029731
1190090033
2182080456
1126012514
2113026053
2100042179
2101048906
3146059736
1102096900
1103058390
2109015093
1124070495
1126013727
2103045414
2143049849
1125036860
1127085784
1104020545
1104082248
1125039733
2110017412
2108007958
1101035594
1123012726
2102009664
2145077115
2114084690
2111003845
2184036724
2114092800
3175058328
3175073752
1104069849
3147087535
1102091201
2106074245
1103059365
1127002194
2110053983
2110008741
3173079585
2182070106
1097080676
2111032483
3147092820
1155003928
2143048787
2110083301
3149054690
3149082872
3149015082
1090074177
3146057024
1129067997
1105037993
2112040076
1127049893
1128048513
3176017602
2186005964
1130020112
1130091137
2102030823
1132079364
1101023896
3178010624
1058091099
2169038361
1061077282
2103014094
2106004221
1130051453
3176057668
2106060145
1100000656
3177051257
3149094023
2105061431
2100066712
3147079706
2107075573
1100061656
2106023906
3178010166
2104038562
2103008279
2084096077
1098085981
1129081114
1131001242
3150053514
1131053265
3177058122
3145044373
3151024845
2179008581
1133018354
2179064463
1090073192
2116006745
1055087597
3063088067
2107069776
1106067746
1102001989
2108035273
2088086509
3175077372
2080085763
1101047365
2180054891
2109016220
3151078182
1103018629
2114063506
1106041585
2167015939
1107085119
2116026679
1107059334
2088087520
1108033541
2178048764
2168000207
1054083991
2085087576
2167064184
2168020611
2186015557
2168081398
2169036662
1134002976
2168070638
3063081692
2065086561
2160063109
1138069203
1138087512
2091078742
1060090362
2052070572
1059093165
1086086372
2167007287
2170018693
2062095644
2169065866
2053083971
2172042040
2056095209
2058087082
2060095747
2062078388
2066087348
2060071378
1106084811
1183042479
2091071451
2068082388
2170090811
2170077865
1059089443
2059092875
2072075166
1108015715
2116001178
1132099532
3166051929
1182025739
1181054256
1183026464
2159000007
2157071134
2158062450
1183080179
3000098461
1063092992
1065083605
1068080096
2073088896
1064074768
1068089940
2171082726
2066076693
1108031878
1135081633
1072097291
1075090906
2069092105
2161014798
2161082909
3055078271
3046088737
1030083936
1034080754
2187049623
1136013110
2057092534
1135028948
2115069478
2171062239
2093086825
1108067427
2179048444
2187028913
2117003600
1134080289
1071089867
1135039095
1070098490
2056095056
2117025385
2075071997
2078089265
2116081498
2118005943
1135093713
1137050773
2187057356
1110012791
2187086593
2188079542
1108078066
1109055210
1068077058
3045095675
2171082613
3174044921
1073076692
1138031996
2069080863
2072075387
3174045435
3175051062
2118069810
3174050056
2116024091
1069085388
1137078652
3175066007
3174036852
2064075073
1134070843
1066089594
3177085078
3047082151
2059076058
2065097982
2068085577
2117098423
2119036454
2161023828
1110072056
2066083244
2161004962
3047098816
1021090152
1023090099
3047086291
1112006361
1113038895
1020096310
2162026344
1026093859
1026097519
1031086437
1081084470
3060082095
1081072696
1192084543
1193064356
1009088113
2155061830
1000089936
1010081482
3060089574
3186030931
2172089237
2182017826
2182012062
1029072674
1114019698
2172063448
2162087919
3052089833
1029080955
3054095552
3052083167
3176059566
2070096596
2163098813
3178023523
3179016087
1029079453
3176060933
2164043313
3176079055
3057092854
3059072595
3176002130
1084089899
1085099562
2146061352
3186008106
3059074571
1032082189
2146079492
1195011746
1037071181
3191057591
1191014554
3187042846
3188005680
1194041500
1195066771
1193063616
1195035472
1196078625
1194078476
3059095818
2146019253
3179015773
2147062449
3177041701
3178033151
2147004332
3179098434
2148017874
2144059846
2166013380
1196006733
1197090530
1198058228
1199041371
1197022261
1198024598
3179053691
1035097587
1199075787
2153036240
3153028771
1013081951
1007092447
1011083300
1001076983
1004089185
2161064674
2165042583
3182030499
3183019022
3181057729
1042082977
1045082341
3181054812
1173076691
3192084762
3192042851
2166034175
2166053762
1014073269
1038088617
3180011928
2156045671
3189047734
1194013610
3179087869
3190026933
1038097454
1198049282
1041075979
2001099406
1187010160
2004082091
3189035821
1188033281
2156030332
2002073452
3153063871
3180088663
3195010219
7104009164
1186032424
3191065158
1197074791
2158061119
1188049500
7101068997
3190085040
3192032434
1176023192
1006089070
1016099482
1174064705
2132070083
1185053895
7098082886
7099095907
1173004920
2157022808
1189011144
7102088781
7103007434
1174059157
3193096435
1175061591
3182028014
1174075804
1185077011
1187009178
2130074663
1039081472
1188030346
1189002535
7103015651
1175089534
1175085535
1176036845
1177064809
3154054881
2148071600
2148096448
3196080664
3155089535
3182084779
3184036096
7101029959
3195032839
3184088075
3181010027
3196024743
3195032217
2131058537
3153078849
1189066633
2130053147
3195079573
1159097705
1161048445
1178019288
7103058611
1175075654
3182026249
7104051534
1178042507
1178063376
3195098135
2148072287
7104080009
1174016782
2156087081
3197055924
1159045567
3155087158
1160065574
2157014786
1159066999
1174081211
3185065113
3195041382
1159092813
1049096565
7104078777
2157098536
2150016563
1177093723
1178051601
1179085335
3186044360
2150060400
2158017473
2151043163
1160000328
1184017845
3156075565
3158000405
2158080630
1181085199
1183003661
4000089726
2156075885
1181065781
1183006078
1162089840
3167065690
3171029357
1140069405
2152010884
3167070844
3169059207
3157077012
1161001796
1162048400
2160064523
1139001265
2199081577
1139081929
3168008000
1053079466
1190024037
1184034690
1141028198
2129051489
7106080887
1160023374
1162049400
2152074344
3184048970
3187006455
3197006576
3198036169
2152047271
1050098008
2157089028
1183059513
2159075149
2160063217
3197064782
1179053907
7107068661
1143023164
2151087190
3158048642
3159041980
2188071631
3134001849
2184057008
1145065990
1149000831
7107069401
7106006247
3154051755
1184013605
1184005688
7094098603
2149027108
2158012737
2150090602
1181058843
3199086392
7097089665
3159061005
3187001836
1185089647
7100069572
2159086690
1144037271
2189087420
2190088086
1144086036
2135029995
2133055352
2134036784
3186045622
3184027184
1163015075
1163059470
3186085431
7108022205
2187056027
3158023936
1144050564
2188041603
1172027870
1142072151
2190062105
3185082906
1190049323
2135092815
2153026069
2134082402
2186085779
2187067200
1191045981
1164000202
1164027183
1146020963
1171061988
1173069411
2136066853
2192042609
2192024860
2191032493
1146015424
1164007317
7109050186
7109019434
2183039770
1165024314
2152086398
2189067118
3185057496
1168067643
2193033815
2194053762
2194014678
3132087408
2153032356
1167006895
1167026608
2192050272
1166079269
2183076148
3160012411
2189066393
1168005192
3171078873
3173036964
2130003303
7109031248
1140051994
2186027871
2187016322
3172016878
3159061329
3160030689
1168033468
2184098002
3188002793
1169097716
2134036743
1169040644
1169017768
2133024168
3002075091
3003077468
2183089945
1142033281
2185033486
2187026550
1171093928
1191096739
2154072232
1193014633
1192076009
3189016856
1152080089
7150075343
2115036439
2116078378
1157019251
1153060200
7142079152
2138093834
2137035375
2124063827
1150045670
2194081121
2196047195
1150027078
7144054621
2191017963
2136020827
2194095431
1146080240
3133051173
1146022431
2195087811
1148034020
1148083695
1151059258
3160063643
7141028414
1152031877
1149042704
1150045545
7141052486
7142070559
7143026544
7144097618
2136099000
1151028399
2188081157
1156038441
2139072361
7148026985
7149003887
2141081888
7149012490
7152029904
1156003545
7150098816
2138069740
3133089927
3135026421
1173086027
2116060664
1153005391
2115089277
3133078794
7143051160
2137040653
1154015956
2137012635
1157030087
3118062385
2139007349
1152009976
1151037784
2117037244
1152064268
7142092114
1155037719
2138008696
7147018314
7144065908
1154044849
2143027592
7150063324
3135077045
181067789
1129055697
2125002985
1135054727
2124057975
1156010940
2139063754
7147029283
1142061871
2140024076
178038209
3137030112
183062699
161046867
3141086430
1123031531
169043204
1122064331
2106058191
178029157
1127076308
7150044653
2126032208
2137075275
2138024539
1133066414
176017530
7147084410
2116010668
7153028713
2142032949
7151004304
2143046612
1129079900
1131027268
1131080967
1132046970
2141006520
7147050336
7147071052
7147091935
7149048507
176056805
1135030154
7152001938
1135083433
3135065227
169096014
3138032475
161076962
1118075982
2127049515
2142056286
178067697
178078078
178058436
2128004107
2143055235
1114005640
1115058681
1116088406
179039760
182027718
2129033232
159021414
1119098938
1121074933
159014953
3138087319
3139064556
3140083075
182082841
3143056531
158086963
1116065149
159085315
1119039473
1119045243
183075347
1121081399
160059549
171026858
172024762
2104025967
2105047563
1122016898
160052530
1121046671
1123031766
1122028077
1119088827
1122009719
1127020958
191082041
191079117
2110041006
192045738
190058250
2107027485
2106024088
189040345
2106049132
3138026171
171056224
2104017467
172033816
2105086501
174069165
2106097101
3139097927
3143027600
189085729
2107069646
190072183
177099412
178040510
2109001952
173083599
2105089735
184026804
2109034284
190044157
2108031824
3138082213
1125044222
194041943
1126000563
191039992
1123065717
7153047250
7154066267
3140015763
3142063567
3144048519
1124057792
2107052429
193055015
1125031358
192018015
1123065786
193052012
1124006316
1125062430
195033464
195023450
196012977
1126027396
1101072938
3119030440
3119093109
2111007016
1124079975
195067947
1098077380
1100006122
1098090392
197018282
2120044145
1129043798
7154051843
197085036
1101097717
196006756
2121064379
1129001109
196076626
1127042797
1127062587
3140076462
3142052307
2118068801
2124071317
1100073432
1102081664
140025562
2111008580
2168087905
1104069258
1104019856
1104089726
2118070585
2120033905
3144073173
2119048152
3145010080
2121018767
2122015776
2123049178
2123080884
3145014563
2117086249
2119039209
2121050196
1129002730
3118055147
3118068571
2120016921
2121089256
2124055052
180076933
181057317
181048035
1133022578
1131025863
1132066538
181037432
1131025909
140028787
2125040154
176006331
1132056182
177048773
2127072868
179082022
2128060946
177001497
179012331
1137019038
2072084721
199076248
2111066604
2173066152
3128038559
2103020899
2132054281
3129068937
183031989
2114005706
3121071767
2129014591
2114027708
2129055902
1137001701
1136088642
2128086915
1137055405
1104087555
183034279
2112087541
2169002695
2112042345
2113027754
199076747
2170050967
1105081186
199083149
139006762
2108056938
1103066988
2115030462
2171042025
1101062815
198044483
2114045529
2115051025
199057305
199056244
196000984
1102044353
1103057034
3121015591
2073081589
2074094445
1140078498
1082095540
2179056964
2067074569
2180006071
2180063802
2070075777
185051442
2170067549
1082079477
188089591
1105044976
1106042312
3124028349
1086075777
3121006772
2182012252
2073091129
2170080780
3118085009
3121095839
1138039132
186023506
187037705
3122090131
187031950
163013091
2045071163
3125071084
1107055380
1107032688
1139069830
170052671
2170070558
3123035654
162077945
1107023712
186084019
3124078391
2112076173
2078081908
1138060655
1106008144
186075709
3124058913
2078073382
2170073090
1139044300
188010159
2044084213
2115033680
170006248
2172025414
3168026607
1139051737
3126073985
1108050611
1087072998
1108074157
163059913
163026822
2173091926
1137082880
3121082729
2171020474
170013330
3127038079
1110057109
1089097336
3127087825
1111040739
2158075341
3170066377
3172086641
2132026958
3172030923
167066143
131082692
187066822
1140055547
2129055518
164067292
163056195
165008143
2077078668
2102030084
165082216
165021937
166068162
3128017848
2102042843
2077096768
165034183
2183008497
2030094064
2033093199
166023870
1113016665
2080085066
1111047034
2049087037
2053081938
2056076065
2053081437
2058087343
2102058934
2100060083
2059088364
165043693
1113022283
1113070890
1141028849
2175068298
1093083832
2083079267
2087091082
2061082709
2061093658
2030091711
2031092063
2035090742
3120019724
2172036967
2008092821
2089088661
2090088445
1111029270
1110065464
2174015412
2059093213
2037095437
2182061665
2038097822
2032092878
1109075988
2043079591
2010099002
2172036724
2182047896
2013085466
2040084997
2174093507
132074742
3129032531
3131010851
2042097211
2015078781
2171053492
165024943
133031790
1109081048
1110047544
2094090498
2177039976
2177022103
1111063769
3106007218
136012578
1115083808
134086980
136065405
115060292
2103052957
1111050721
1112046075
2085088602
2097091213
3129084776
1093079467
3101004674
1091092808
2088093492
3130083937
1114058137
3103003584
3103081789
2088083233
2097090871
3102016791
3103085453
3102095837
1094088478
3105009295
3132050683
2175040687
1096078068
1116029452
3104071903
3106012222
133099510
134012805
3105077438
2100000039
2063083200
2065087544
2064074966
135028082
134054043
2175028634
136039574
167028916
138078765
130000998
130052915
2176060311
2102074861
126008038
2176018379
1076092732
2178087849
1018077454
2178096835
1076080858
2177029728
138041023
2099096274
131007946
127036023
1115053411
2178068227
2180016536
2069095111
115031980
115077681
3117049852
2179035898
2181012303
2099087287
2180008417
2018096271
1015075592
1084076489
3117071618
4158073993
1011096938
1014083318
120020296
4157007989
4158082492
1019083077
3111043219
3091071369
3094085300
113038077
115029329
2005094391
2006090521
136085102
131021629
2026085110
2030080847
2032080461
1195024881
1195086611
3107079179
3108077939
3089087102
3092088017
1196078226
1198035255
3108056061
3109016474
2034080544
2036092444
2007073374
3083094280
2041073063
103041358
104032972
3110026089
3087085798
3108044519
3110012360
138028265
131022085
3108067934
2021088358
3110046571
3111095745
1025084025
1027080467
1032077474
1034096026
1035078075
1001092105
1023092090
106010610
108039572
129019518
130022625
3096081222
4162025528
129022177
1196080806
120023595
1015082187
3115032457
123066187
1022085159
4164023290
105049242
105088299
123008679
1028096303
1030090273
1008095329
130019288
3112046467
1024080160
4159070445
104036473
128084482
3113067768
3111026399
4162033458
3096086873
3096093490
4162064354
4161097834
1029097649
2009094919
4163056166
1031092212
122006644
4162042608
104059448
3112076952
3173063424
2174079958
2175058687
106011058
1195065314
1033099280
3114014973
3115000006
3115011702
124046735
2025092888
4164004997
118012675
4164079542
124064410
2021087266
117001895
2013094205
2133061781
4165077800
2018088015
1144049265
116075579
4163064112
4165007316
2014093498
125029075
3096083301
3099097563
1033096472
107019688
2015083342
117097729
108063869
3115033833
107067482
94093642
126064621
143082332
1174024442
1174087043
1004089722
2022096182
155007152
3115091513
109073144
4166028395
101049051
1002087442
3065088831
3116031749
4164084023
2041073692
109011305
4166051749
109029080
1006071461
4167018936
125091911
1199064754
2023081328
4166064760
2010083452
2004086600
93097496
3071080881
97092113
1199014388
3100089033
3100093100
3064083777
3101064303
3064078391
99091641
99098452
100083190
3065099739
2041076292
3100049521
100049296
3068071654
144059181
145024255
94083122
2006095244
141080721
142093404
1174040613
141009454
142022893
143045441
144036025
143032494
145028450
2007096505
1176021386
142034405
2134027433
1143078859
2023084735
1065080738
2134072458
1145075087
2135010619
1143080534
1145033690
1146089689
1148033133
2173071264
113078552
1176047550
125044233
142087371
118051374
126013597
118090541
4167066571
119068052
145069554
3115098101
150012263
1177027753
1063070564
4168063819
152068436
153095735
1175062836
146021480
147028685
1057078186
1060080356
149040714
150074892
151038886
1178045232
150008117
152060287
152010672
153064536
4168088172
2021088519
146054289
154056455
4169090135
1068094263
141067089
2006094015
154079361
2025088817
152062756
4170068570
1073098301
4170046332
156020218
157019936
147072462
192083741
193074480
52084233
147040714
110015157
156047292
147021417
1058086029
158067593
111024853
111044640
112073383
4171014920
4172004568
157054816
157080411
192027282
155044430
148016064
1057081080
1071097096
73094686
2023071368
152051348
154054331
102026715
2023091634
112070575
1059092486
1189047828
1060098537
193022828
1190075315
1192024200
194079284
196010216
1190035263
3077083101
183075587
1190074475
50086239
46071553
194062895
110076830
182099203
195071200
1191050016
67085718
184025685
68097336
102030276
42080963
185038477
196000495
1191040698
3079098708
1192062277
1193079384
1194068742
193072404
3046080477
4171041273
3049082082
181027040
43096048
1190012192
1191004513
85071360
78088250
81095997
1184017042
1191043378
110086543
182036630
185087182
1193024163
183010522
190062222
183040166
1180038740
1181018511
1182004800
1182089628
186057531
180006473
180068985
1184033248
1185065609
82091811
85094357
1181079336
1182053261
1183075419
1184066986
187085805
1184045773
3047098245
1182014420
88086309
191055208
197021973
70091250
87086837
1185053231
191072311
87099554
191064758
90080071
1177007822
197034646
198026331
62090630
63085602
57099124
192034342
1193034958
3087074750
1189070685
22098041
3049092837
197015713
1185030448
56078994
196095939
58087211
199004716
3051092805
56082759
60085502
59096816
187079329
172000039
188091600
191052102
57093521
1178036874
54091816
188021553
189059552
171041406
190038002
1180079847
1178011812
189075703
1194013579
188071149
189041474
171045403
3080085095
190096909
187055670
1197078035
1149077072
162032512
162066216
1160060216
17092437
2029070887
1158065193
1159020915
1160001960
3005090064
1162017568
1162045401
170068461
1159030109
3005091779
3091201
2082207
1165077027
3033079280
1162070037
1171015722
1163009392
14096652
8085225
174059952
3043083030
163025720
156029069
156014714
3054077557
3026087199
3027099194
3059077968
1157075196
158080799
1162079278
3005088355
1155058367
1187002460
1188000458
169084386
3008087356
3011090323
1159052643
163073335
164076098
1161086088
172060897
1163060777
14080224
1189037906
168080004
1164076380
1165023474
1166090834
1167028468
1167020569
1169007620
1169058360
3011090686
1151006990
2075791
3035080281
3037094121
1187037278
158002678
1163047830
1165070186
1187079250
1157020568
1171024454
3008097084
1151027299
1152011723
165054638
1189012784
7089884
3027095443
17090884
159090926
1153032945
19088512
1165053318
160021882
172073073
1168032208
1151029511
169033190
1170059244
168011815
1143021185
1153032155
1172007390
3056097907
1153082893
1172075597
1143073824
160003545
165018858
165082937
1144033133
2137005494
2176038095
1154072566
169054350
3014084410
1173038636
168037007
1142059735
170000045
151096421
3174004680
2175081645
2137065081
2177021486
2137036510
16080892
1143076800
2135020029
1148043675
1156079535
152046713
1157037785
1151024595
2176044759
2138025366
1149009127
1144023970
1149052482
1145045247
1146059369
1172010268
2138077405
1188024323
1143066447
1143029845
3026077357
1157064120
144098628
146055479
1149081092
1159021587
2195046998
5094267
6090030
1157081049
1158062719
1159048330
1144040284
1146063044
1158048203
3020081424
1158054727
1160026862
1145082556
1158012637
1155047662
1158003742
1148040708
1148056204
166055603
160030963
1146017750
3012078452
1147012931
1148085541
2194016053
2194029403
1147013852
2194061760
144060867
145080142
1167009353
1168007918
167047843
1149027290
160064873
161077097
156067474
1158032916
144034479
1091529
2195014749
161063658
3021099330
28096480
1168056870
153050684
2193021398
2192006057
145059195
160087684
28086406
3023084582
1157015731
27097449
1160038149
152005883
153075538
2195065727
1160034027
1161059310
3038093126
2191097400
154036386
155030478
148074697
1161064207
1127082227
3041097062
153025160
158027492
148068146
1162024796
33086007
2194037071
3038081136
151044006
1155049329
1166026525
1163090723
1165059580
1166005688
1165050384
2192059196
150026659
1163080846
2191082631
2196032080
1162079575
1163043750
1127046902
154023856
2191080078
155023963
1163047482
1129062910
1128026059
1159054926
149030822
3175037543
1149036246
1127037453
38098445
1129048529
1128025096
149077454
2156000477
1126077343
2156004809
141051759
148067426
154059073
155025655
1156051679
2191040969
1163043356
150042078
2192078188
1164040321
1165049948
1157016580
1167078584
175015373
176017114
2156023912
2157022710
2163010459
2199075015
139061157
141034744
2199071050
2199099931
141065412
1129073370
3002085675
2164077532
1131068534
142058848
121064179
122005631
137007399
137082705
7024090804
7030076896
137087653
1115030726
1115037967
7030071991
137069929
100024392
139006642
2158003165
142071870
2165042188
2165010536
3004087003
1136077892
2199087328
7027077190
135085227
1136084728
7027094582
1115077040
143035781
7028091679
139056757
1129078428
7035091622
101092727
7078083065
2164017313
2159048769
2163082925
1117067403
1118093703
176050397
1115058156
1116037966
7032093408
100011044
100054285
7074084859
100014459
2162025825
2163013350
1116075477
1117002760
1116067486
2164000875
1118020616
2165000837
2166071497
7087095285
1118015030
2165004338
7088097179
142059622
139028626
1130075178
1131029844
1132056569
7032088844
7078093101
7081099230
2162073131
7077078667
1117008970
101054132
1132072996
7035093354
1133028508
1134009471
2164083066
2165069701
96093945
2165009499
1132082291
2166020617
7085093023
98086135
2167006560
2164065836
96089991
2165044884
1135025618
1136075317
7089082524
7092082525
7091077040
7093090366
1117031539
2165057604
2165032577
89083548
6199019341
80084255
81092786
91096919
2167069493
2158083761
6198065398
7000095678
7001084618
7004092483
94086436
92094970
87080541
177004311
2198042447
1120020006
7012095275
1122022269
1123079807
68098459
7044079690
102052169
7047087261
7047088121
2159072415
2161011447
140093826
2198059494
2198050104
2164048447
177021882
2166045589
87082152
82096489
1137067298
1138057017
1118034567
6199088705
75083452
2166095218
76082941
7011084585
7007072158
83098523
7006087507
7008091516
1120027040
7009073361
1120019389
71092006
7015089369
7005093321
1119086991
2166040743
177070034
2167031419
178037244
179023764
2167084593
77089239
70094613
1138052853
176091808
7126039541
1122075663
71075358
2166086059
73081544
177087890
75090352
1123043640
7040087871
1123004095
7038094184
2160088123
130069602
1139098112
1119086860
68082400
1126053151
1098092641
1100070751
7015079365
1124057604
1124086958
7041089594
65072780
7045099986
1125033825
7038083373
1096079581
7049092603
7051098311
1096082480
1138023063
179040276
7047092251
66070574
7053071080
7048087229
1100020567
7054091147
2166085475
179046074
2161098211
175022825
2162089306
1133038757
1134068430
2195071851
1102039689
1102048259
2163017244
2196056873
1134072615
1140041191
1132056839
1101086430
1135018007
102054239
7053093164
102061627
1101065469
103001007
1103035921
70085524
103007221
103031001
103048019
1138022643
1103037860
1139008587
2168029757
7059087623
7060097364
7059073979
7062082657
7061099067
1103077133
7057074068
1140022657
1141035937
1106038272
1106088470
1107047266
7064077074
104065019
105008457
1105023933
1105061114
105025059
2168028397
1104048808
7125095014
130095134
1142026238
124026785
1141012721
124031055
1142002622
7127028877
106056826
1104056599
7067091305
7127046434
7128028558
7129012073
7129084326
1141040049
126017865
125075552
106035200
106070558
105013441
2173051869
106023723
107050645
107018303
1104087528
2168078233
2169077027
2170034480
126005329
2171007077
2172021842
2172060968
105022388
1107077665
108025398
7071081471
7070092359
2168030267
2169082525
2172027659
2167066006
2171068114
2172069331
1107098302
1108030053
64097903
57084316
4007096498
7073078186
1078080666
2169012363
2171083035
128048366
129032370
2176084112
2172088722
2174037151
56088142
59097285
63071688
1107046604
60080338
1142028729
1112038945
126035894
1141097201
175041241
6184004067
4017082951
4014087453
2174058530
2196079384
2196099805
2146062505
176075701
2177081107
4001092721
4004081561
4003073268
108063016
1110045070
4005087051
63086880
63079993
1110037937
121010498
2159046440
6184016288
6184062470
4014095196
125051900
126058439
128051762
7128080879
2174079945
1111010754
4016070465
2175036623
2175046161
1078092447
7130083481
129068812
2175055638
6183099712
6185015656
176021628
2162072252
6184072875
1083077577
140049745
2147047843
1039096838
6184079534
6187045519
6186022189
6186026475
1095074367
1042075951
1090094917
6185079597
4009097089
2173083628
2146070550
1082097461
4021092682
6184051281
48083932
51095822
2198072903
2163024594
1136030743
6185006826
1084085863
1087091362
4016087347
176063319
1088096112
54072561
1084094389
121032029
2198027866
44086595
50098106
53098361
2163068864
7129037748
121038710
2199053152
1087096077
1091096305
6185031162
1036076965
1084092673
1086092905
1094081338
1038096226
1095099437
6190040565
6191078271
6189049370
6191039045
2150081240
121016206
6197038495
6180021619
7131034886
6187021741
2148096104
1061079956
2147055503
6186000736
1043083340
6188038800
2146054436
2147080782
2148059473
2149055226
2148014004
1045092288
1046081665
1064076363
2148068234
6188001039
2150075544
1063080791
2151023171
2148005641
2150002528
1067084605
2152011107
1047070050
6176075718
7139048681
6174042830
6175008660
1052075476
7138098934
7139020269
1059090960
1052098975
6189055869
1068091634
1068089319
2150075324
6176061989
6176070473
7140070851
7141068577
6178078881
1048087210
127048760
7138046440
6192034260
6193054798
27093556
6196034247
6196033646
6195009970
1050084160
1070088642
6193093729
6194048558
6175081376
2174063934
7139085767
6179034362
7140071178
2178027666
6192044966
1053097380
2152041077
2152041994
6192022538
1071087946
6194018544
6195009316
129066042
2178082665
6182020142
6198039261
6198048266
1052096187
6199032531
23089285
18072754
2179014741
1073085310
1076080357
25090667
7131038168
28082857
2178075352
2179031050
6198004907
6197070567
6199001003
22090255
6193016820
2179068233
2180045185
2180097516
2182011717
2182000129
7142029727
7131047634
2178060505
7142076629
1052087605
6198079312
6181020512
2179013983
2182006933
6169004403
6178033681
7143042370
6181014547
2183047023
2183097603
7143041887
7144009513
1056094354
2179088871
2182073166
7142054477
9153034883
7032098973
9157071164
1037089882
12083851
9158035223
9158068382
7143068822
7145000495
7145056300
2184007710
2184098417
6170046002
6170036711
6182084487
6183020417
7142064615
6170030031
1058085719
9149022671
6170026552
9149085814
2153056004
2181058222
19085947
32072097
2183023237
27099845
122002213
9148090535
7145062876
119080836
120091322
7148057912
9152041866
7148041576
6183012824
9152039363
7147033105
9151046084
7147077130
7131072436
123023926
6169035095
2153068513
35070359
7145097445
2154008517
33098583
2154061058
7132004754
2184013978
2184018341
2186005563
2187002457
7145038729
2188055264
2154094503
1000098816
2158026179
7145073224
9151038807
7148033920
9150070182
7151002439
7151075929
1024096406
1022099984
2157004809
2156080715
7147046323
7148057791
1028099084
2159027436
2129075918
9153091222
7149021896
7150013383
9153020124
9158054145
9153015224
9155088312
1028090008
9155015023
9156015873
1031092501
1032072973
9152052137
3091529
9157019990
3091266
9088083
9156078511
2157080576
7150017152
7151077633
9156025910
9159050035
9070755
11073059
9158049218
2098939
7149066498
2155076210
9155074966
1034088724
9159060934
9160032944
6171013219
6172013802
38073670
7071367
9158005641
1040082569
9159095522
39080120
39096701
9161001430
2133057387
1046088168
6174019360
6173076714
7044099705
9161036242
9161008122
9081975
7036094214
2156042664
2159070372
1001071083
4096230
2131091210
7035094300
7037092734
7040074160
2156014459
2155086204
2159086717
40072999
42071353
2158022846
2159082775
7137035872
1042098486
2131082757
6172073955
1046082156
7138027234
2159059079
7138017547
7035083576
7043091464
9156077331
6172085636
1046085831
1038087343
6172044026
6176034568
7140040228
6174011595
6174077298
9178041970
1018091748
9171033532
4144057478
2145087856
9171073501
7100022111
4144062467
9162057788
7140048997
2140003281
4141062787
7116058551
7117095742
1004083059
6178073285
9162018274
6187007875
6187093000
6184065121
9162049155
2132029515
2134066704
7115083059
9190071164
9191065475
9191038087
6187042536
4142099812
7116030485
6188021723
6189015435
9083080888
2140093130
2141077689
9191045975
9190012275
9190025689
7118051755
2132009661
9189024011
7114070726
4143035863
9080072665
9081092476
7118021125
1000081562
7118061885
7119022422
9163052626
2144035936
2131007772
4143051917
7118083585
9164070864
7119085628
7120047330
1003082490
7046084719
7120079364
2134058497
7047084840
7049098619
2144012979
2145014348
2132077997
2140017990
2134023104
7049074662
9165026158
2143053111
7115073451
9083077281
3045071870
9084070767
9163027514
9166031033
7121096525
6186086058
9168070571
9080094722
2144018803
7121035070
7121048152
9166066936
2135066420
1006073059
6185052727
7120030764
9165073380
2144060837
9166066257
6189001570
4143052160
7122019245
7091095261
9165021154
7122000496
2145071819
9168026493
9169036481
4144078474
7093092797
9168010677
7095091893
9169057953
1007084239
1008083330
7092079943
9170026280
7095086833
4145030377
7096090528
2145088129
7098092738
2145007671
9171002885
2135039627
6189083206
9080095082
6190096707
6192000092
6184033535
6181021532
6184049119
6182002080
2139060235
9168024667
7050091352
7099073169
4146043831
4147039040
4146089110
9171016929
2134071733
9066093825
1002092338
9067096510
1012093075
6181018120
6180058079
1006079190
1015083382
2135039706
2134039090
7050095676
9069086777
2137059340
2138039195
1014091477
9072085606
9076096546
6181022112
2136070428
9069077950
2137067300
9074097274
2138043315
2137003652
3045097820
2136089656
4148031427
6192001515
3053075985
4151005494
7104059199
9181060185
7106022690
7102011944
3046097793
2137079633
9077079290
6183057818
6184028126
7101018806
9172025566
3048089469
6191033887
9073086686
6182011869
2139082362
3045095559
3044078551
3046072467
9179071007
9173017826
2138038855
2140035099
4147074966
6184054331
6191007523
9080086266
9179084587
6186029388
4150018491
6191080863
9180080352
9081071694
6186013413
3052075674
3052094015
6192040016
9180074453
6193040286
3055082253
4147093929
6190068628
2118032248
2119017010
4151026311
9180072142
9176044648
7102079758
7103096531
7106060394
4152000443
4150032510
2116062913
4150081892
4148011396
7102087004
9174061756
7104048837
2116099402
4148073543
4153010345
9184009463
9185016078
4153019433
2121022773
2117035605
2116091347
7101036368
9176051883
2118083176
7107002197
2116016132
4151027312
2117055260
2116075937
7107011633
6194078252
7105005162
9176015609
7106041740
9177039812
4153029452
4147005228
6175025475
2102032826
6199052060
7000087232
2119026282
2120015893
6194047497
4153041534
4149033722
4154059839
9178000657
9181071840
6192031549
9183072887
3056081559
7109018453
3058072151
7108029751
9181090114
6193097116
9183068280
9174082725
9183096113
6193076238
9185077449
7108098907
9184049302
7103002987
7103028983
9186079809
9187089090
6193084527
9174064381
7104035451
4149023852
6192047869
6193093005
2121012541
2142058909
7110045909
7109020634
9186035928
6097076140
3058079475
3060098113
6100029691
9177074872
7110021327
7111040546
7104003776
7111039910
7110021192
6100045593
6195001432
9188039258
3058088052
9177017160
9175047784
7108096922
7112027931
4155009403
2125023729
6195034256
4154052582
9177018268
2122086718
7111045683
2123082482
7112011874
6105089954
7112050906
7113011276
6169002859
6177087731
6106052696
7113015010
4153087942
9188072678
6177035811
6107072841
9189071497
3061095724
6109040747
2125095843
2127006513
2127081466
2128041853
7114037180
2127089052
6100064286
2127079003
9189056576
2128057387
6169053062
6101097237
2126066010
6102010340
2128068897
6169080207
2100056083
9189001247
7112078207
6196055434
6169057141
2127033715
6170074196
6170097203
6171041367
2130031854
2129090019
2103038621
2101083945
6171080609
2130015756
9187002402
2101018808
2103004863
2101020012
7002096314
6178036468
6198088728
6179050677
2102079786
2104018123
2128050613
2101080995
7000092861
6109023524
6108001139
9135013168
7006086220
9137028828
9138086559
9134060710
9135040111
9135071760
2100065060
7002087301
7003091546
6109081039
9135086953
9136069381
6179032893
6180047006
6181022584
7018081767
2121028434
6101075314
9136068563
6171066392
6173038974
6174032359
6179061008
6196042578
6196067588
6174038814
9137029151
6170009828
9138075592
7011090888
9139013107
9137042353
6182030709
6171048599
6174068798
9144021732
9138037145
6104088133
6174087050
7052072679
7011090399
6197058871
7052095504
9139000042
2104024974
6172052023
6102021894
6102060051
6197061698
6176013248
6102051136
4143019152
6103097215
6104055253
6197081608
9145083623
9146003764
6199005772
9147022801
9148020244
6105036001
9149050456
9048097095
7024092194
6198014872
6198061754
6179004463
9149059753
7028087622
7063090423
7021086401
9145066079
6181014457
9147019271
7017095966
9141094925
9055086479
9060089384
2123098838
9058095411
7066075957
9148021022
2121084813
7052094324
2122065747
9053082062
2123091715
9142017952
6104050309
9050094206
2122076992
6138025068
2123005969
6106003865
7058072156
7029088309
7065090790
7068079852
7062084166
6107011569
9051085970
7059091843
2126004958
7067099833
6106016323
6105081226
7017075671
2126017083
6140063014
9053092399
2122098945
7069096955
6139012668
7015087941
6139041044
9056085724
6138047517
6182045731
6177062540
6140000240
9142099241
2113057875
9111041396
2108048334
9176023123
9120028859
2105067999
9143002748
6139049411
6140065440
9142052089
2103054900
9143076198
2104047536
2104092624
7065096652
6184065424
6184084788
6185015058
6183070782
6184044007
9130042286
9145056752
7018087316
9062083904
7022080157
9143029112
6141001456
9144016462
9144071145
192029815
9132023669
6150075154
9129076482
9129010322
9162009891
9164076864
9147004482
9130045370
2108061848
9127004296
9127038934
9131096431
6148029858
9128001681
6151068779
9161008821
6149069008
9162081619
9131014428
6184084557
9133030107
9161054091
9133042036
9134081981
193006448
193034494
194053237
9134029276
9129078148
6150092531
9163014091
194052981
9048093315
185024853
185077964
9133012231
9135004537
194018457
193053468
9106019591
194038376
9163055887
186004608
2109011767
2112035510
180052333
181024641
180073483
2110031962
9113024313
2106047096
9112090833
2111082392
9171025760
2109066679
2111049885
186006918
2113028947
2114015379
2113050844
181059574
2107096533
2109027208
2110080819
9113082828
186027167
9164080353
196006949
9171044432
178039097
179002319
9163093423
2114071104
2114061018
179011175
9172000624
9173001616
180009614
2113047038
179026493
9171088133
9171034515
6141073140
9174061170
2105082018
9064087378
196084646
9165058976
9109062116
9123023672
6140003510
9175058921
9163052715
6144019145
9173020847
9173035171
180029636
7019088001
9174019458
7021071757
9175023514
9114073784
9115053601
9171077203
9116052113
9120047809
196045948
9115042142
9176081554
9165029037
2113070695
9108013657
178080935
9175077394
7024078074
9065072971
2115021119
196021859
9120063894
9115083985
2105042059
9120062770
9108037988
9109040996
9108083758
7019097381
9177054936
6141031670
6142045329
9121083983
6146062336
7031086321
198073996
6146085869
9109082564
183012726
184071107
190051697
6143028865
6143049723
7024091134
9123038139
9124009185
9121076003
9121076737
7027090002
9108019404
9166030677
9117001850
197004245
6143016046
197041172
198023095
6144024703
9114056007
198092928
199051716
197063173
9124078773
191069540
9124034012
6146041999
9109076522
9123008701
9117041702
6144077742
9124052284
6145049779
6144070260
199033605
191039779
9117049158
198063113
6146051101
199033732
161009848
8189015619
9110041588
161087142
9166058691
9167048677
9125067539
192062593
9118062882
9118053294
9126009467
6183001234
197073585
198056739
8189028480
9166065887
9111017499
189064497
185004965
192025213
9168075981
187077255
188009037
9167001752
187030632
9168011889
188048528
192007648
190020178
182097228
183056701
185013593
189081140
182023534
9169065224
183082813
7031093028
162036590
163045158
164099015
9118034512
163001478
160018537
161041205
9119071604
185002189
9169079203
9169080386
9113009710
2109036030
9168059143
9169036012
9170078157
180039521
8193065156
9126026356
9178012985
9178088361
8192066268
8193078032
8194036658
8195022200
8196038104
9178003613
6147062791
6147014601
8191058767
8194013113
8195000432
160078721
9118060406
8196042108
8196061349
9179054326
9180039284
9118041979
9126084953
165049522
6144046131
165007943
9179019463
2082079579
6147059994
6148080458
2083083819
154086926
154092824
2084072497
9000089791
9003090522
163093420
9004096452
160060099
2083095758
162094703
163049697
8190047426
2084094489
155040904
8196067150
8198062501
9028083033
2089084238
2107065483
2091094091
9180086461
2105079524
2087081666
8189093501
9006091890
9179037881
9127054727
9029071574
9031083585
8196067747
9178082671
164035212
9117066851
9181046971
2107046677
9181056913
9031096667
6149096003
9159018113
9119099436
9030084947
9128035041
8191004675
156026906
9127064570
9003090841
9180074039
8185083198
9188041999
9128067681
9130006320
165029356
9129044748
8190046062
9158055823
2068098472
9186049855
2093095718
9009081059
156005602
9014093428
2094082672
8184085937
8186027087
9012071692
156071487
9013094112
2067073778
2095072183
9045085442
9012093078
2079098615
9032086573
9018087632
9030071065
9189019197
9007076673
9144049065
9147002852
9182044136
9183015074
8188041208
2053091984
2059088311
8187064832
2052096883
2058093976
8184029256
2054096033
149021403
149086740
9190027246
2045081425
9181087665
9181069164
9145077924
9156065164
8186077968
9190026469
2061089248
9184027141
2097092374
8186058572
9157078910
9036088645
9184010930
9038095989
8183046157
8188002416
2046073295
8184036675
9157094101
2049098360
8184057806
148028089
2046096581
2050082409
149005040
9158073393
2028080020
8186096132
2047083303
149081493
8158028712
9149008917
9186019842
9150085856
150089120
9121042637
2051086944
2030093149
8157060949
9115044422
8157075590
2030086088
8160088727
8161086812
9118050600
8158078935
8159097107
8161003442
8159029053
9115004021
9116093618
9117065614
8160048478
9119003984
9116066869
8158049212
9119077779
9120031199
9020083317
8161059332
9038096611
9020070857
9022089425
9117021813
8158048217
9120038733
8162082427
150084749
157029490
9146002291
2073080277
2076080121
9146076617
149081568
9120093600
8158082473
9118041237
9147032031
9182040555
9043081668
9040097185
9185064943
9021081335
9148023017
9025078556
8174065829
9024099098
2077080290
8174073235
8175034010
9148000759
9148070076
9145088538
9185042062
8163038970
9185095308
9147082540
9021078252
8174069994
157053668
9148089251
8175070363
8176032682
8174021970
158025292
9150060272
9149077824
159066104
8177069786
2035085695
2031089194
8164051012
151062909
152089641
8166089517
8180063705
142019599
142083709
2036091945
8165038439
8174052842
8177029252
158060812
159028089
8166025766
8177074563
9151060333
8177071570
142072937
2033078282
142013436
8176070257
8178010039
158055309
9152042914
8179070870
8179053471
8180000432
9153088400
8163093904
141073422
142040719
2036089909
141008026
8164081274
8178025133
142022029
9122009950
142052119
8180044448
9153007597
9153039261
2067081193
152070282
2070091450
147075135
8184006345
9157085836
9158015511
6159088080
6159023067
1195065157
8181004496
144000746
9122088961
9155088402
2039071368
9121064368
8178043370
9124098037
9125065830
144025109
9122084091
9153030931
9123051909
151067478
9124030026
2066084825
2042097165
153015328
9126067864
8182017742
147027359
153003274
145002833
9123002379
9155011789
9124011046
2008085169
9126003338
8182020458
8183024839
8184042346
9154078159
8182027343
153025469
9157082402
9156023826
9185022581
6132050906
8185020585
8185082905
9040081473
6159041611
9042096065
2068086485
9048080093
9145019636
9187005596
2063083736
9187051279
9188063432
2001097996
9141096001
136029207
2002099883
138084745
137092820
6127021121
139044984
6130044334
139040377
6131076162
129077851
6131079727
9143063723
1196002240
9042080719
9130089022
168066099
6160069871
6162030529
9132038983
6160041861
9143026990
6128042886
6161053686
1196093115
1197082514
6159040042
168016665
6162030140
9131010079
166087474
1195061576
1195091935
1196049733
6129038083
6131073219
6129027383
122027258
130069432
138076209
6129099931
6131086469
6131071565
8187082366
8187044132
6132022452
6133017566
2013086678
9126034948
131056226
6164049956
129059230
6108075301
6134037350
8188091815
123022715
123073106
123025114
2004095576
6133091618
8189023048
6134056620
9134047781
167059485
168013430
169082990
9126043432
1175024058
1176004094
8187050317
6136065760
6108070398
123083178
1176012994
1177086754
1178033565
124000372
124090525
2010090111
1179085377
1180052446
8190003009
6161036809
2009091430
9132088425
9133034154
6163029728
6164030438
6135065996
6110020102
1176026689
1177020891
6108084217
1178034696
6110088191
124002644
9133042163
131032741
6162081890
6163054024
1197087335
9133048778
144077229
145081024
9122078013
9134018664
9135045749
6165083485
145099144
1180066022
132097319
6123031828
9124065590
1198088784
9132099124
9127075595
2014086291
2017087385
9134035295
9136013345
9127091318
6109089997
1198096626
8168057622
133057232
9137011860
8167039218
9136089234
8168068467
2022085818
1199071103
6164020927
9135039056
6165092933
1177047067
6165094910
1180024193
6135060917
6167007078
8169022100
8170022809
6167073835
6166043956
9137054231
1177077731
6168046591
9129082506
9127087907
8190051674
6123084948
124039734
1180083279
9128086882
9128066750
8169013474
1185002923
1186001564
1180080652
6123035392
6124022989
140029785
140005378
1185065619
1181094130
140058957
8168029147
8169034153
1181098521
6124005310
9128066468
134004881
8191067943
8191027329
146017554
134035411
8190043183
1182077510
9130037763
6124050366
1182080125
1183083633
8190079294
2024091702
9139034232
9128019284
1182065426
8170069687
9137034714
134064475
1184013159
9024096051
8191047192
1184067906
140094818
6154023042
6156041588
6156087343
6153072247
6157074024
9029073566
6125071001
9142022457
1189029850
9140013312
6111029916
6126040312
1191082652
6112037276
1189098616
9140052092
6112074024
9140086252
135099926
136012980
6127006777
8168088928
9025093775
9027097710
9029096454
1192076505
166013769
1191051982
1191084153
1191049789
9029098858
1193085350
9130003366
6153035262
9026090790
8174041106
1190024940
1192084027
1192021231
1193084520
8172060280
8172027426
8173060050
6154059617
6155024165
6157003449
9031077389
6153018643
167002228
8171076248
8174037504
6154019385
9033089550
6155071393
9040076358
9033072270
6158051444
135066324
6126019567
138071782
9142058530
137009979
134020361
6125069290
137036668
9143016018
9141077095
136048634
137018695
6128082599
9143005910
6157012785
1186058713
6086099132
127052080
2000096511
8192044106
6112000592
1187062921
166079196
1195083375
6157079334
1194090118
1194027263
9111097227
112002405
6113006381
8194078824
9068084182
1161023803
1161012917
1194070389
124009510
6141060341
6088087971
6143037110
1185079766
1183055981
9110065200
9111084960
6142028966
6142097916
1187051781
1188020245
1186078230
1189057502
125054689
126084313
8191029400
126078318
9112062573
6142093048
9108073610
9109034152
8192079712
1189084762
125052371
8193001231
113005593
9062088403
9110036286
6140004500
6086093299
9112047935
1166095535
1167018999
6143094102
8196003370
6143027879
120012214
120092101
1166088194
9110077225
121008727
1163056478
8194066751
1162059603
127060371
112084856
6089089145
8197003209
8196018863
8197010587
1162073556
121048452
9113083339
1167005237
9114013940
6141060969
8197096006
6144034395
6145063152
9113065776
9081070068
1168041303
6144044011
6145087719
1162028221
6115016681
6115062199
6113075662
6146040685
6146091117
9085087891
6114039656
9076091413
103038532
6061088073
6061078867
114053788
9069099236
114094222
8196028224
1167088725
115082070
9081078360
128017315
6114089234
114051548
115066408
6082082767
128084710
9087088515
6145072344
128042645
9062081651
111069964
6090084888
6092084969
110065320
9072071980
6057093329
6068097993
103026519
110056306
