3123075162
3125035440
3126072151
3114075508
3115053993
3110063195
3127006719
3128055144
2141025414
3115059567
3116030171
3129031017
3126027145
3110011562
3126083188
3130016097
2141002073
2143001357
3110037998
2145036906
3124013024
3125066865
3114033643
3127003648
3106051389
2143025393
2144066447
3115065994
2141089759
4010085707
3128023853
3129064897
2144018593
3116053506
2145099505
3117084034
2127002090
3063099679
3065097649
2124052208
3110050326
4013083710
4015082376
3112032562
3116065299
2126010396
2125068640
3106028593
2126002669
3105006183
3106091445
3066087536
2126021372
3110085540
2142000236
2145026665
2146024730
2146037436
2147028163
2153026543
3078089198
2153063814
2154038264
2155025275
4015087703
3105065055
3106090130
3110073305
3097090681
3127076980
2146090932
3112004145
3121023327
2128023667
3122007634
2148044123
2149036257
2150060484
9100090119
3127070346
3100082564
3071074975
3071092534
3068083731
3111085067
3083084549
3119005708
2128041725
2129027092
2147040139
3143073639
3132044395
2129083707
2146032876
3134042464
3145026319
2141000236
3143083178
3118019865
3143085379
3133040467
3020088595
3025096403
3027096651
3133077832
3018098188
3145057074
8139011831
3097097702
3028074467
3091099778
3093088199
3081075771
3094088633
3067093652
4018081936
2147084633
3120074278
3108042846
3086085878
3122011885
2150020681
2151097737
2147078660
3086076960
3089086611
2149088354
2151006168
2152023315
3123001290
3122087359
3123022447
2149058006
3122066531
3124024934
3124081461
3124030749
3125073979
3126059986
3127011369
3095077985
3073085884
3075083530
3108087986
2154011177
3126017796
3127053867
3099080946
3100065371
3125044777
3101079306
3102049524
3126082399
2130093930
2131088695
3109040387
3101037184
3103040617
3104020178
3103077657
4116013555
3065096282
3134082984
3101062863
3061097609
2151064121
3126089025
3103043545
2152079630
2154024269
2123086851
2129088544
2100024685
2100073206
3029094984
3108075143
3105042846
2154036037
2153058224
3104015777
2130073270
3109088086
3158029001
2132051320
2093098334
2096092254
3066080439
3068091976
3029081009
4024086836
4026094297
2097072563
2098086183
3070073593
3069087019
3134080514
3111052480
2095098296
3023071568
3125080824
3126044148
2102035245
3110073424
3135073523
3126063246
3111019761
3112006920
2133032782
2102040682
3071092694
3125080943
2131027725
3145066719
2132051544
3134087099
3110075786
2103044419
3068096960
2104061100
3037080074
3111069898
2130066744
3073086753
3108056984
4019085748
3110064980
2134009628
2104031200
2105028243
4025080767
3033090809
3075076084
2100078242
3072084985
2104036106
3078097565
3025084545
3042089009
3005071561
3041090619
3028085405
2079096210
3194080864
2105059019
3076092333
3081088350
2105019759
3041089541
2107088570
2106022241
2105020163
2108018176
3135095706
4027095489
3078083114
3027075051
3031084347
3033071168
2074083282
2073099676
3033096162
3005084002
2107064705
3032079455
3036094735
3195060582
8137045952
9104007468
3195051045
3025088492
4016097929
3127048274
3004073268
3148017125
2087083971
2133083391
3197013962
3128020886
3126090427
3004072998
2134012639
3147034147
2079094152
2134057252
2081085961
2084085852
3127008009
3032094416
3034087781
2197030566
3085074979
3083080298
3087072181
3112018296
3195079484
2086072374
2088082209
3112054648
3147019776
3195088683
2199036956
2139051046
9105077897
2139089877
2112059209
2114042170
3154000937
3010071061
3198077446
3136030067
2078078485
3128064185
3196060981
3135034022
3011079088
3148056391
2084083318
3149052444
3036085341
2136042432
2108028605
2088090895
2197084382
3137029440
3040098036
2108088055
2108073646
3196067462
2108046738
2110040962
3042085304
3137061449
3148047961
3151081215
3137015636
3148079335
3044077451
3008099372
2106081451
2108081622
2109051537
2111098410
3013096133
3149025365
2198081709
2136028941
3129020856
3130014315
3093093215
3131028987
3090093622
2138007965
2137086672
3132002669
2138043959
3128034916
3152044308
2109079099
2134030104
3129028666
2136030719
3093088810
2138064397
3131037369
4124087139
2140026548
3091098339
3131066461
2139023902
3129031035
2139033945
2140047271
3096076858
2139089552
9103071084
4125035946
4122028477
3096082848
4125055954
3133002474
3131045568
4120081260
2196034960
4122057460
4122075081
4121027119
4123058981
3152090710
9104039121
3136051017
9106021717
2198032008
2197081866
4124022763
3138066871
3151025626
2199078752
3153065821
2199052079
3004091671
3151032680
3152041312
2044099392
3153060434
3150014485
3153081804
3011099368
2197075184
2199031494
2197049481
2041097363
3001070860
2049099993
3013076060
3011093981
3151039241
2108088752
2044089289
2052088272
3002076879
3005092936
2046073896
3010085006
3008097236
2015097673
3000094673
3016090187
3017070285
2014098047
3005090809
2179006239
2049091830
4019095840
4022095546
2111096235
3002090800
2052091004
3154037245
3004086166
2176084087
2197027809
4179030241
3198072443
3199044862
3018092467
4180008301
2037098470
3014070478
2198039481
3013079051
2044091142
3155078771
3016074060
2049084923
4022087872
2177047589
2018086880
2116076283
2018088501
2023093338
3018093522
3011072987
2017088697
3021088100
3199040491
2192035888
2117083472
2192059651
3154084534
3014095155
2114086042
3156010122
2018088947
3020084382
3156053465
2177034956
2117085621
2091071682
4180070411
2179000258
2178064736
3199040812
3011089715
2114071689
3027096936
2094070862
3018091063
3017085047
3021094828
4179067830
3014084620
2179026808
2192069429
2192032200
3030074570
3158028566
4179064274
2179016710
3179032874
2025074150
3023084286
2191064269
3021088649
2190038302
3156061852
2024088950
3199089774
4001093936
3022082339
3157015969
2119043827
4173051274
4183053355
2181061849
4005092062
2038084478
3027077585
4003090246
3013070167
3025070351
2193006031
2193019803
4173044289
3199066465
4121016284
4125080285
2009085897
2013098138
4184042977
4185008624
2014080433
3025088196
3182095523
3184031619
2120036837
4184066605
4185079513
2120040828
2189038560
2160089961
4181003901
2179053628
2120067593
2162008519
4185036106
4186064742
4172083321
3178083599
3180067144
2194004594
4185075972
2031096229
4174034678
2161022476
2118059075
3180060230
4186076682
2118069079
3180011707
2012090562
2179095029
4186031044
2183049676
4176065739
2181040602
4184038580
2120016775
2181084132
2120068261
3182067247
2190085828
4175046314
2032084666
4175065735
1184005628
4009081224
2194011575
3185065825
2195024867
3184076761
4175007747
1184013196
2121069642
2183014078
2182079343
2182087973
4181038877
1185037516
2183043248
3183078782
4175080974
4182082546
2194026495
2162067389
4178002983
2162066332
2163062143
2195055640
4178005088
2184033034
2162079883
1185085749
1197082135
2123049513
2184006191
2184042678
2123007922
3180075726
4179007981
4187053904
2188062478
2163011321
3186039369
2122064435
3186070469
3187040860
1198027037
4179036329
4187047930
2183023643
1186065799
2197033252
2164096623
2195097112
2186071606
2175003440
4176043459
2168036662
3187088027
2168011697
1194061268
1195007388
1186018261
2183033814
4187073701
1186089390
4179053146
2185064805
2163053595
1194076979
2192087594
2186055662
1187052307
1199010593
1199083471
3185042748
2185066604
3189068862
3187003637
1192032613
1199027280
2172070281
2174002268
3190057511
3191075327
2000098713
4182095222
4183062566
4181084986
4121022781
3181008856
2174026957
1193074837
2194037172
2175045430
1197010346
2193073717
2167055262
1188058330
2165081968
3192085404
1197023622
2194080388
4183096524
1189075924
2199029777
1177084895
1152049518
2165088250
2189060989
2189041322
2163084199
2189073541
2166022848
2190003325
2166073653
4187082904
4125097931
4187077939
1188025827
2185080778
2004070677
3191055627
2194044603
9104085776
4125075540
4125031085
2154083974
2156065907
2198017972
2153025781
1188063805
1189061985
1168015634
3000096347
3003073157
2153061360
3166060742
2175071975
1197021289
2145086350
2176040293
3193074519
2194047589
2195013561
1188028603
1170018422
1170072018
2195073714
3193035621
3192071224
2146036191
2147041912
3193032160
3194024395
2146076583
1190009270
2169022886
2190083509
2187040397
1169044525
2148024635
2146008771
2194055773
1170006454
2149046394
2195061918
2004081192
2008079267
2148081758
2150048715
2151023192
3162039538
2003078757
1172048297
2150006818
2190089687
2191057371
2187083462
2189039703
2169098531
2150085482
2196027177
2002084262
1171075209
2189000000
2190069732
2166056480
2168026586
2008070066
1189064371
1190079524
2190053153
2149057764
3165007614
2196013264
1171039092
2197040886
1172075369
1191054842
3161074081
2151039678
1172079570
1174024353
2197048493
1174089576
3188042234
3188095806
1170084939
4181033041
1177040422
1190084877
1172031663
3188085109
3161058594
1176021923
2170001575
2191094502
2198000401
1174029832
2152002345
2153014656
1176024051
2152063805
1175083925
1191023658
2150025001
2189043246
2190014916
2007080955
2153052501
1177058525
2190015780
1178043502
2139068100
1148051659
1151017489
1152016776
1175003716
2199003030
1191067104
2154095239
1191026568
2137047035
2138070688
2170013128
2178062749
2179024674
2171059070
1150040481
1151079314
2171070122
2140086661
1152065811
3162046461
1153042150
2141030160
2172033699
2155012523
1150076061
3190032388
1152098414
3163007105
3164081744
3164038093
2156061749
1181034614
3164086905
2157074784
2158050465
3163089469
2156059911
2179047589
2198048353
2158004249
3164003120
1110081541
2121013936
2123008274
1114066368
2123033413
1111087347
1111072258
1113031104
2121027056
1112038164
2119037069
2119069924
1113075798
2121020921
1114062519
1114065683
2182007716
2122084819
2124027574
1115004006
1115089519
1116011671
2182058133
1095085437
2144057883
2173080335
1153036160
1117033443
2125085886
1121035748
1122029578
2127071720
2183009275
1124033284
2128079487
3190057412
2120088287
3147007037
2181063596
1114020817
1114083446
2125003234
1117089095
2125013487
2126065348
1119013947
1153079333
2141047883
1154048136
2173017088
2127001879
1118098133
1120069472
2182079056
2127058095
1117055938
2125042353
2126053120
1117073722
2183049699
1117024495
2184081664
2173048347
2108056008
2143000624
1094093938
2128068372
2125069567
3147063376
1090085613
2102041469
2100000471
1129014624
1130001192
2113030750
2079073171
2141088768
2143052551
1192051448
2142077916
2173085230
2143088864
2193065967
1124053866
1120051589
2145006741
2109044261
2144073971
2174021631
1153041233
1191033226
2182086998
1125077294
1122074680
2101002221
2101051168
3146068326
1103001228
1103059985
2106079518
1124074884
1126024766
2103060579
2143051702
1125037453
1128007445
1104039811
2114006315
1126059017
2107040133
2107074953
1101036923
1123046248
2102023977
1125036527
3174059389
2111019184
2184037717
2115008363
3175023556
1126043981
1104075007
3147096225
1102095110
2108086197
1103088127
1127007260
2109049210
1123007342
3173079789
2183076427
1097083738
2141093820
3148067871
2142081692
2143074483
2110085526
3149060729
3149090707
2113056893
1091086317
2104004235
1129068079
1105062004
2112023220
1127052129
1127061626
3175076613
2185040268
1130029609
1099072569
2102077195
1133012269
1101096134
3178043867
1058096926
2169043400
1060087187
2103091420
2106005394
1131017560
3177061237
2105060170
1100035382
2111046947
3150072513
2105085288
2101028752
3147082571
2106064181
1100071559
2106090938
1131080330
2104044158
1094075853
2084086350
1099081592
1130069083
1131001378
3150018403
1132083990
3177075963
3146022712
1105038935
2179024921
1132006153
2179099128
1054078574
1128067698
3064074467
2045098802
2108004347
2112082017
2107043854
2108039683
2088091140
3176007559
2081080534
1103093923
2180056397
2109032522
3151062583
1103021999
2115085506
1106061575
2167017065
2111078678
1133068244
3149099603
2089097352
1108033955
2178074267
2168013491
1055071798
2086092055
2167071476
1129035883
2186015565
2168082252
2168089456
1135027070
2168084867
1107059831
2065085074
2160064116
1138070036
1183093908
2079092627
2169009812
2052081586
1059082057
1086091319
2166082493
2170020563
2063084265
2169078823
2054086722
2172045602
2055084917
2058090261
2061086353
2062079979
2066087883
2061075764
1106099748
1183068905
2092078550
2068084367
2170075249
2170079823
1057092699
2070097719
2073090331
1108026876
2115038655
1133083797
3166031744
1182026608
1181082017
2158049614
2159001113
2157075209
2159017168
1184016050
1131059420
1063095835
1066080829
1069075567
2073071474
1063084280
2054093272
2171083917
2067092454
1108064809
1136011072
1072099143
2187046241
3152048729
2161029107
2161024565
3055085301
3046095126
1030089274
1034080947
2187088566
2096083684
2057097604
1135030321
1136046970
2171075593
2093086946
1108079244
2179065264
2187031418
2117005970
1135064686
1071098609
1135040319
1071095314
2057087265
2117026063
2076070678
2078090273
2116044857
1137001138
1136014452
1137069388
1066082169
1110016302
2188041773
2188083190
1109058217
1110034675
1068083875
3045080282
2172021963
3174082012
1074086362
1138006013
2070076690
2073078877
3174066071
3175031408
2119057726
2188031981
1135080422
2058081745
1137083400
3175088853
3173073178
2064094292
1134049574
1067098570
3178063183
1075095004
2171034613
2066086207
2069082488
2117053354
2119044743
2065082563
1110080933
2067099109
2160074906
3049081642
1019094566
1024098636
3047088770
1112050479
2179060813
1021087312
1019073565
2119023955
1026084489
2164014798
3053073488
3060083142
2154011649
1192089117
1083082455
1008088048
2155066970
1001085756
1010083592
3061074185
1111054326
2173001807
2182026421
2181039720
1028084968
1078093890
2172067963
2163014165
2172037276
1137059070
2163027804
1031071983
3176060374
2118052774
1028078995
3177081309
1019072586
2163077207
1034087619
3055098869
2164042413
3057099674
2144075766
3176008119
1087091560
3177064787
2172093030
3186021323
3060070651
1032075280
2146082712
1195070046
1037072087
3191060438
1191023372
3187044728
3188038347
1194052849
1196015059
1193072205
1194097234
1196081331
1194086486
3061075096
2146041808
3178074932
2147067895
3178079533
3178069032
2147040919
3179076008
2147069372
3176045701
2166027994
1196065456
1197071328
1198062011
1199054838
1196096911
1198068513
3179067081
1036080315
2000093968
2154026586
3153036777
1004093347
1007093250
1011098339
1002083846
1004098121
2162004894
2165095838
3182063610
3183024468
3181015707
1042087480
1045085512
3181091007
1174016673
1173076114
3192069601
2166053947
2166065979
1014074353
1038078386
3179084923
2156047763
3189048268
1194051618
3180068179
3190069513
1039082785
1198067777
1041081454
2002097383
2001082943
3189060472
3189064868
1188016971
2156053215
2003070657
3153069402
3181032281
3195014760
2131059099
1187003016
1196082798
1198032612
2159056151
1188031432
7101065594
3191057920
3192057817
1175048960
1007085227
3181069287
2131088787
1188011627
7095097966
7099081297
7099096535
1174076319
3192005907
1189012086
7103031391
7103044527
1174033493
3194046455
1174098221
3193041960
1174093728
1185079374
1041095771
2130077403
1039073279
1188081511
1190023145
7103050063
1175068896
1176008371
3183003393
1177071557
3154074876
2148073411
7102014625
3196080741
3156002890
3183063276
3184040696
7101055697
3195041143
3185004908
3184042220
3196008038
2130079521
1045096977
3153084632
1189069588
2131032479
3196007727
1160040986
1161051953
1177084776
7103081297
1175076370
7104037840
7104068986
1177087730
1178034959
3195099829
2148073987
7104063090
3193007208
7105041192
3197092916
1159030577
3156043307
2157066350
2156075783
1159069212
1175012492
3185076863
3196000537
3154086384
1050090677
7105044005
7105070331
2158022293
1177076479
2156075471
1179051663
3186054535
1180034754
2157055031
2151043677
1160009396
1184002447
3157007043
3158002247
2159029094
1182026747
1183027578
2159060462
2157020165
1163024364
1183046290
1163059831
3167020627
3170080820
1140099805
2152064289
3168049095
3168069839
1160028537
7105057970
1162067987
2129036918
1139034079
2199081752
1139095113
3168084285
1053099559
1190025301
1185036871
1141031459
2129091526
7107004206
3158033601
3186040807
1050081754
3184084180
3187007198
3197069149
3198047925
2152047733
1050070975
2158001411
1183083108
2159092233
2129072249
3197080902
1180051131
7107072051
1143026858
2152063307
7108062577
3185091108
2188085009
3134012268
2184068530
2191073274
1149003330
7108037573
7106033895
3154056229
3199029738
1184005785
7094080033
2149030236
2158045206
2151049610
2159081678
1184061932
7099081889
3159065659
3187017069
1185081404
7101022714
2130080689
1144024583
2189001162
2191029274
2134052562
2135045119
2132047014
2133095017
3186046115
3185048443
2136048299
1163083262
3187012482
7108045876
2187091929
3157084413
1144036084
2188041684
1172056148
1142051920
2190086357
3186080805
7107049752
2136000122
2153043541
2134059918
1145040657
2187079053
2188008161
1164001471
1164052688
1146022236
1171078042
1142090433
2136022166
2192048691
2192026675
2191053033
7108056149
1164011064
7109059519
7109022933
1164004934
1165052410
2154080327
2189077355
3186076364
1168068989
2192003438
2194001115
2195026259
3132088497
2153032613
1166071998
1168034763
2192053871
1166080417
2183081314
3160036945
1191099039
1167098108
3171088114
3173042467
2130079606
7110009850
1140079455
2186041225
3171035228
3172000328
3159066615
1168003499
2184000938
2186011545
3188014898
1170017616
1170009031
1169068014
1169022686
2129074860
2133087020
3004097162
1166032830
1142050790
1167025958
2187041674
1172007698
1192020995
2154011752
1193019765
1193032369
3189082289
1152086699
7151043124
2115042764
2116032900
1157021621
7141047053
7142081900
2138095208
1154048615
2125085727
1150072207
2195047592
2195079940
1150049786
7145024273
2191011872
2136026079
2194022764
1147017527
3133054251
1146024177
2196006227
1148023955
1148086821
1151078352
3160053421
7142009914
1146088213
2195022067
1151002941
7141074738
7142073993
7143002419
7144040415
2136057415
7140098233
1193018789
1156038930
2139073859
7147098509
7147002307
2142008345
7149052082
7151088329
1156005799
7151060221
2138087632
3133097107
3135009369
1142036970
2116065125
1153046898
2115071769
3133096513
2196081707
2137042336
1154016899
3135053346
1157071775
3119020126
7144023973
1151090312
1152081652
2117082214
1154032604
7143009208
1155081377
2138011409
7147030533
7144033675
1155032513
2143029498
7150063868
3135078857
181068017
1129058550
2125005718
1135056082
2124061904
7144051738
3134021318
7147078625
2127011893
2140029855
178040511
182084840
1117081804
162017990
3141087475
160011407
169094838
1123053761
2105059886
1134046655
1126077854
7143074611
2126032721
2137078369
2138065739
1133067907
176024306
3133054632
7151084689
3133068668
2142033898
7151019842
3136058175
1130071251
1126078455
1132007392
1132072849
2141013469
7147087882
7147047857
2141019732
7149048563
176081251
1135050854
7151084610
1136031993
3135083663
161014185
3138033619
1117091843
1118069797
2127057435
2142084210
178007665
178079722
178079850
2128012081
7150084281
1114080504
1115004368
1116094420
179040633
182031378
2126064764
159056813
1119046069
1121036433
159003995
3138093124
3139067854
3140089053
3142058744
3143063038
1118036731
1116080343
1117069050
1119001717
1120054763
2128086024
1121086823
160097624
171039385
172029112
2104038722
2105052313
1121059056
160074034
1121048419
1123032471
162043552
1120068190
1122015334
1126088812
192040697
2109015881
2110047324
192049438
190061856
2104085267
2106027453
189008324
2107034632
3138028894
171081526
2104049057
173073338
2105072953
174069302
2107033399
3140033547
3143043259
190001157
2107049902
190079710
171066907
2129051693
191076791
173050470
2106004788
184014807
2108044137
190054683
2108032174
2106077392
1125015295
194044254
1126001146
191055554
1122065889
7153082134
3137050072
3140021617
3143051922
1128070545
1125001307
2108031111
193061576
1125078817
192062011
1124044710
194001946
192044760
1126013500
195038669
195047871
196036670
1126049090
1102011698
3119068496
3121006007
2111008393
1124082247
1126072484
1098085726
1100035905
1099081024
197004546
2120049888
1129050977
180008049
197098417
1100045400
1126020871
2121066408
1129061327
196067947
1127031603
1128065483
3140081127
3142080406
1127022730
2124075865
1101006149
1103081468
140080913
2110092442
2168092823
1104073226
1104036429
1105003543
2119050901
2120071560
3144078366
2119018264
3145014633
2121039924
2123013468
2123014244
2123081412
7154028272
2117087168
2120014275
2121070310
3145067532
3118013641
3118033526
3144058008
2123048746
2124098341
1129021224
1130024751
181051758
1133025048
1131026650
1132088402
1129058439
1131026925
140029259
2125050080
181093010
1131048786
177021541
2128031138
182047445
2128085527
177005248
179001393
2114037244
2072085314
139070199
138058784
2173067713
3128064128
2102062942
2131030389
3129078534
183032960
2114010055
3121037224
2129016317
183078528
2129086761
1136074594
1136091606
185013155
2100031754
2111017587
183044373
2113062112
2169002965
2111023832
2113090838
2169037242
2170055601
1105085737
199060587
139008736
2111056000
1103071190
2115062601
2171030958
1102023386
1126041045
2113072686
2114096020
199081847
199088511
196066587
1102054723
2110007314
3121027812
2072097491
2074084259
1140078678
1082099119
2179072290
2067085859
2179093739
2181013107
2070086372
185054122
2072085501
187084326
188050665
1105047600
1106050432
3124029133
1085080785
3121010972
2182014688
2076097081
2170082383
2074093661
3119018460
1137067844
186036883
187015526
3123001455
187033975
163041234
2045076999
3125074672
1108031284
1107035378
1138084597
2114078775
2170074776
3123051238
162083228
1107046490
3123076899
3124080154
3125010094
2078070352
1138061293
1106035492
186076166
3124063557
3123021344
1106048645
1138084244
1107021378
3125082961
2079085756
170056247
2172025672
3167092414
1139054447
3126033613
1108062835
1087075875
1108074753
163049935
163028839
2172087225
1138041865
3122012344
2172009807
170031637
1110001269
162058424
1089098342
3127095419
1111042147
2160030147
3170073598
3172072118
3004085325
166047630
167032528
165081574
188097835
1141022317
2100035694
1138062414
164067990
165026224
2078091536
2102042831
165089898
166066193
163026124
3127043834
164070394
3125049303
2100072877
1143006669
2031093952
2033096611
166030331
1112093925
2080086894
1090071398
2049087591
2053097420
2056084767
2053082636
2058099052
2101088173
162084149
2061071494
166056949
1113023080
1113084419
1141049552
2175081814
2014096622
2084075596
2087091519
2061087467
2026092508
2029071294
2031099689
2036083859
2027073086
2172036995
2008093355
2089097913
2090097134
1111089448
1111033655
2174078268
2059095178
2037098582
2183003253
2039085379
2032093302
1110038793
2043087501
2011086137
2172045356
2183002572
2012097652
2040090663
2175005568
2010099446
3130009408
3130080709
2008075197
1110070261
1107077125
165068690
1089086912
1109086625
1110075211
2094092236
2177042510
2178027940
1111066205
3106086426
136064441
1115084816
135001613
4159074031
4158010782
2103063535
1110087691
1111060826
2086093940
2096070178
3130002957
3131024188
3101027619
1092099578
2089076698
3130084577
1114062547
3103045686
3104001179
1114063271
2097094045
3102067548
3104012993
3103021633
3103064150
2010096454
3132051852
2175017580
1096078259
1116001777
3104092533
3105056505
134027776
3104099323
134015005
2100005137
2063083619
2065084615
2064079095
2091073541
134046295
2175036412
136084655
167033194
2175072927
130036443
130074823
2176062283
131006420
126076302
2176031459
1142026777
127007087
1018097058
2179003433
1076087293
2177055841
138072541
2100000069
131045303
127074374
1116075047
2178074912
2180025336
2070088183
115033914
115087889
3117049852
2068076661
2182008900
2175041339
2180032592
2019074769
1015078180
3120067403
3117072189
4158038111
1012092428
1013074760
120008317
4156095117
1011088938
1019072850
3111049932
3091084297
4161012451
113051652
3082093466
2005074164
2006092831
137058336
131088016
2026096326
2030082420
2032095836
1195027704
1195088087
3107052291
3108056534
3088097697
3087088169
1197024881
1198010952
3108098610
3109047185
2034075179
2036097500
3116094805
3083099865
102040186
103043674
3089083784
3110008616
3090079567
3108073402
3110014297
138052943
127044961
3108031381
2021088693
3111005395
3112010705
1025096143
129011580
121030025
1034096165
1035093497
1001098811
1024082919
106014834
109030377
129066626
121044971
2032083843
4162040299
1015090197
1196083504
120046284
2005090162
3115037343
123040248
1022094678
4164025414
105055048
103059957
123044155
1028096710
1019086288
1010082943
130019411
3112093724
1025075576
3093091273
104051032
129064876
3113083839
3111075996
4162035673
105009000
3096095505
4162074589
1198047081
1017099417
2010079593
4163065426
1032088380
122012117
4162035142
104064878
3112063460
3173086589
2174084963
2175068162
107015581
1195087898
1033087832
3114050248
3114040688
3115073102
3115023940
2025094415
4164005832
118015393
4164081505
124035894
2021092868
117016552
2132040761
2133063662
4165082456
2019080985
1144051168
116077524
2015070599
1196068314
3091096368
125034222
3096093994
3099086750
1034084728
107054722
2016081823
118019598
108090730
3115035922
108026558
94094961
4157059831
120066774
4157005818
1176026938
1005083447
4167004859
108017056
2020073888
101006022
4166036079
101075882
1002091556
3065089055
3116013719
4165004345
2041080601
101062376
4166061132
109071921
1009078396
4167022669
126066864
1199080264
2024091991
4166067526
4156020110
2004075854
2003083132
3071081552
97095095
1199025223
3100072673
3100097839
3064099899
3061099127
3063082465
99096830
99098697
100050908
3066083194
2041083251
3100062972
92071850
144029088
144059436
145002544
94096698
95093635
141072742
142098348
1174045466
141044131
142030163
143088787
144041941
143019864
145028623
1145066727
1176029041
142043254
2134046530
1143057178
2025094656
1065095562
1144051852
1145076169
2135020706
1144004428
1145090523
1146043128
1147072591
2173076893
113079577
1176081109
4163098527
142079197
118058785
2175084976
118099338
4167030971
119069216
146003499
3116059169
150016184
1177028106
1063091348
4168067422
152077710
143026677
1175087426
146088404
147078271
1058074758
148059110
149042557
151016056
151045291
1178071951
150061446
152062283
152096925
4167046233
119070349
2021096679
1055084708
154050190
4169096013
1068094753
141057788
1173079173
151056949
119049552
1175085198
4170076438
1073090439
4170088813
156028995
157003631
147066523
192089807
1068098233
52088820
148048783
44085845
156066639
110082243
1058099002
152040789
4169065653
111076175
4165005867
119094730
4172007630
157058460
157084610
192073298
155062742
148034855
1058086789
1072076784
73087198
119086988
152027788
154080290
102015667
2024080406
112091043
4171077219
1189084955
148058127
193003644
1191012266
1192037166
194085232
151011409
1190023723
194076701
183076237
1191004365
50087353
46086507
192064256
112082306
183016633
195033025
1191015447
67098993
184043464
3073085632
102035181
42082150
186012176
196055132
1191025904
3080083580
1192062473
3080089801
1194080684
193075229
3046090452
4171059238
3049084335
181057699
74094646
1189006753
1190051353
85080906
78095121
81097978
1184017869
1191088709
102016011
182025206
41093901
1193036036
184087145
190080951
183065301
1180083549
1181057953
1181085531
1182090128
186087921
180007188
180070359
1184036957
1186061018
75087618
85099386
1181088402
1182097107
1183094826
1184031881
180062391
1182049674
3047092876
83097849
89083582
195062133
67087855
70091635
180041043
1186038840
191082471
88089933
191068967
1186041506
1177052596
197061889
198033081
1194002365
63098442
198056389
192037258
1193043634
3087098197
1189054262
22098512
3078095870
197084138
190044348
56082665
197088216
58092439
199026809
3050099643
56086524
60086484
60072989
187050885
172034494
188056040
171017319
59070497
1178038123
54088053
188064684
189077102
171083267
1180021918
1181001969
1178088530
189067531
1195017017
1178078325
189058195
198083618
3082090505
190080628
188099700
171030634
1149078155
162034974
162090201
1160053211
17096600
49070662
1158092506
1158045159
1160007779
3005090323
1162023527
1163008883
162004798
1159073516
3007070663
1155089838
1155075296
1165003614
3033095522
1169027417
1170061622
3027098428
15076084
9097825
168010509
3044086163
1161032439
156032048
157028370
3054081549
3027099604
3028077976
3059087881
1157079600
158010598
1163007737
1187060405
1155059556
1187040168
1188067631
169071458
3008090515
170064282
1159073281
163029439
164079286
3054089789
172062160
1162097612
14086209
1189059424
169019497
1165038081
1165055117
1167033086
1168003005
1167071287
1168086645
1169035639
3013092465
1151010081
2082144
163032680
3037086080
1187084420
3040092605
1163075510
1166008162
1187033386
158048976
1168092107
3009071683
1151029871
1152013349
165080193
1189032776
1152074659
3028098767
18095667
1151059910
1153033886
19092262
1166044427
151002306
172057059
174033392
1151031831
169039730
1144054336
168032137
1142083515
1153040955
1172066145
3056093826
151001035
1173048887
1143098740
172009228
151055320
165058155
1144088361
2137010308
1158017506
3011081033
169068464
3015090373
3033089296
1172073022
1143000749
171022132
152044362
3174088853
2175083265
2175073949
2177024190
1148009133
3058090767
1144013114
2134087886
1149009918
151024317
152051022
3012090812
1151024604
2176055034
2138097934
151075710
1144039598
2138022196
1145097226
1146073785
1171060614
2140006513
1188028632
3059081201
1143009548
1157088995
166058573
2195049617
146082075
1150006346
1159040640
2195050105
145064392
6085238
1157081815
1158069740
1147045442
1144071573
1146070586
1158051640
3021081758
1159036425
151077616
1145082578
1154087109
1156006993
1159021112
1148059330
1148065744
167021016
160032660
1146022525
3012087528
1147043712
1147002512
2195014335
2194031048
1147085543
2194035989
144018626
145041350
1166077523
1149054395
167089031
1149024161
160068362
161082575
156070576
1158037044
144039555
3018076969
2194080853
161078222
3020089320
1156050892
25094029
153033647
2193027055
2193060709
3022099277
161016586
28088057
3024098662
1157027308
3023099863
1160040151
152088684
152039377
2195066729
1160082873
1162013932
3038084360
2192009880
161007003
155032403
148066220
1161064855
1127083662
3042081691
153089799
158072010
148089575
152070890
33092491
2194089473
155050930
152042856
3039081348
1166068078
1164029885
1165046936
1166084506
1165067817
2192078483
150028081
1163083547
2191092414
2196040850
1162080725
1163054161
1127051405
154026677
2191080955
148067851
1155055453
36091415
1128061593
1160056703
149010470
3175083062
1149043335
1127037757
2154058714
1130000120
39078885
149077740
2156011705
1126083705
2156043011
1130019198
148083510
154050848
1156021478
1156052299
2191008296
1163046573
150051195
2192028772
1164003049
1165050309
1157027988
2193042031
175071717
176022317
2156038791
2156076142
2163011798
2199077199
139063014
141035888
3000088008
3000070784
141080764
1130043180
3002094614
2165065696
1131070219
142057783
121068538
122066120
137007471
137016210
7025076597
7030093463
137018886
1115013489
1115047376
7031093165
137038452
100024506
139011299
2158003423
7031079960
2165078438
2165013343
2175070852
1136015625
2174064606
7027084448
135051503
1137013608
7029073958
1115005646
1130061840
7029088454
2156038790
1130078021
7035094989
101095404
7081071173
2164042880
2159049617
2164023707
1118088634
88073388
7026070356
1115072177
1116039474
7032099300
100028351
100057205
7074085001
100016707
2162028358
7074084802
1116081241
7030076457
1116071435
2164017634
1117063487
2166002829
2167025636
7087098570
7075075398
2167040940
7089085955
142060617
2157059117
1131027106
1131030185
1132069867
7072088053
7078075692
2161065952
2162077036
7081089039
1117081160
101055601
1132073301
137022637
1133035841
1133058771
2164073732
101069607
96096482
2165075875
2165082505
2166033875
7086096724
98089088
2167009013
7078085637
97076188
2166002282
1135054405
1136070399
7090098601
7092084540
7091082197
7093083472
1117049199
2165058674
2165086206
89087863
178003601
81079468
81094440
92071255
7091076991
2159039831
6198083826
7000083025
7001093017
7004082050
94087943
92096896
87099383
177012074
2198044975
7012096303
1121086148
1122046087
1123080826
1126073433
7045091517
1100000944
1097093040
1140022217
2159084419
2161014597
140097619
2198068916
2199033558
2164063587
177022211
6198069250
7001078694
82097564
1138017760
2166020346
1119051819
7000085917
2167053092
2168019004
76088090
7011085357
7008080651
83086393
7006090944
7009098646
1120032960
74080578
1120019418
71092017
7015094132
1118086621
1120029939
2166046938
178018918
2167031643
178040268
179023375
2168008331
2156043011
70072393
1138053702
176072654
7125086437
1122077151
130015901
2166087985
65081425
177088905
7016077387
1124082427
7040091982
1122061156
7038096709
2161006700
130085945
143080490
1120032492
68082728
1097093930
1099099423
1100071594
1120091847
1124058713
1124032779
2159017642
66080440
7046087082
1125077146
7038088756
1096080448
7049099530
1100010674
1139059305
1137057093
179064811
7047095323
1125050454
1100040773
7049082009
1100021395
7054092054
2166086451
1139020896
2162024716
2161034598
139078288
1133042047
1134089251
2195071938
1102040872
7054094262
2163017340
2196060429
7053086849
1139064139
1131049923
1101097543
69089832
102058252
1101086053
102067370
1100030697
103001007
1103050035
7055099509
103010580
1102092404
103055111
1137063218
1103060182
1138081474
2168034837
7059089990
7061072395
7059074687
7062084095
7063091962
1103006878
130060837
1140067349
7068078773
1106044314
1106090444
7067078259
7064097415
7061089798
105030952
1104055225
1105004849
104063853
2168029519
1104054390
7125086750
123031643
1142027039
124051726
1141043255
124015667
1142026364
7127059228
106057700
1105049342
7067097727
7127070407
7128043256
7128071342
125013497
2168017801
125084901
126055963
7065073158
106073282
106059758
2173051959
106026346
107065682
107036235
1104091629
2168087099
2169084894
2170039191
126098403
2171007594
2172021991
2172062543
1106063650
1107086763
107062506
7071081594
107020787
2168069097
2170003569
2172032241
2168044893
2171069132
2172082447
1108003118
1109007384
2159088518
57090754
4007086229
6183053036
1078082967
2169025487
2172016104
128050493
129068562
2176085526
2173017524
2174071634
56097648
60088716
63088505
1107049362
62088055
1142030832
1112042664
126038141
1142000360
175016819
4013098428
4017083465
4015088885
2174058752
2196085012
2196008464
2197008790
2146071511
129059691
4002078185
4005083994
4003075464
58084900
1110062805
4005090909
64077257
63082337
1110046173
121012899
2159061143
6184020279
4010085960
4002089976
1079092560
126063033
128082150
7130008843
2174079986
1111024904
4016070960
2174089006
2175051237
7129054316
7130084749
7128066395
2146023171
4019072385
6185027413
1111021360
2163064341
6184073021
7071091777
140071072
4015099717
1040077493
6184080146
6187070398
6186043293
6186049263
1095093622
1042091927
1091080930
6185086703
4009083953
2174084604
1111051819
4018083761
4021094736
6185021959
48088440
52082540
1136028182
2163030759
1136008523
6185063880
1085090273
1087094694
4017092787
1086096623
1090070566
54083869
1084096044
55093099
4019091068
1086072564
50098256
53099087
176047631
7129087709
121067363
2199057728
50083936
6185007743
6185031265
1036082184
1086077255
1092071459
1095082744
1039084674
1096072365
6190056482
6191079722
1045093654
1065073189
2150081818
121057464
26087915
6180023811
7131037537
6187028180
2149065033
1061081688
2147061990
6186011279
1043094649
6188014251
2146062914
2148003957
2148071859
2149057304
2148042814
1045093240
1046083756
1064078696
2148076663
6188015211
2150079457
1064092964
2151024431
2148016529
2150062376
1068076181
2152011775
2150051581
6177063069
7139058489
6174000765
1047099205
6190030639
127028228
7139021266
1061094676
1053094125
6189041292
1068079794
1069075179
2150080284
6176048968
6177018337
7140071306
7141000486
6178079817
1048095617
127049325
7138052878
6192060266
6193060551
6194065267
6196035289
6196037767
6194057017
1050084550
6191085048
6194017420
6195009347
6176031809
2176040152
7140041775
6179057691
7140023611
2178033051
6192045378
1053098975
6176088769
2152045225
6192075869
1071073174
6194078772
6195010653
129087387
2178091710
6182001967
6198052196
6198057754
1055086332
6169017386
23090355
26073472
2179020213
1073085944
129089645
26087609
7131040925
28080438
2178087776
2178043446
6198005790
6197071074
6199029691
2152031875
2151073657
2179074192
2180082329
2181007838
2182016556
7141034635
1049099257
1141089446
7142004050
7142079999
1052092204
6198081329
6180063317
2180018217
2181065141
6169005243
1049097750
7143044651
2183010785
2183058794
2184003540
7143043177
7144015240
1056095098
2180000081
2182077516
7143082427
9153031696
7032086129
9157075570
1037075776
12089883
1036092708
9159058527
7144012792
7143004260
7145082579
2184050134
1076083038
6170069101
6170079006
1052091112
6183024755
7143033264
6170034160
6169045825
9149042508
6170030002
9149095436
2153056708
1041099370
19099599
32082786
2183084300
28083483
122005123
7143030432
7145086523
120008108
112052475
7148058763
9153024621
7148046447
6183018328
9152049834
7147025936
9152020843
9149099834
7131005670
123027724
6170065777
2153073826
17083086
7145053252
2154027081
33091426
2154064343
7132005593
2184066837
2185042389
2186015734
2187004843
7145060364
2188024858
2155003111
1000086017
2158031814
7145075647
9151058036
7148035520
9151031591
7151004738
7151078008
1024097241
1025076289
2157031999
2157066013
7148015344
6183064863
2158087370
2158072280
2159058048
9153062855
7149001542
7150001221
9152090126
9158075689
7148058621
9155042901
1028091416
9154096224
1027076073
1030096949
7150068435
9152099234
4087268
9154054617
3093405
10091810
9157034929
2157077953
9154013650
7151079349
9156082287
9159016827
9073550
11086387
9159025873
8073055
7150032651
6171022978
9156004761
1034089565
9159040332
9161004300
6171039377
6172024285
38084433
7077584
9157083422
1040090067
9160089322
2155094533
39096987
2159094310
2133061382
1047094690
7138022998
6173079000
7045095306
9161037772
9161012023
9090390
7037081596
2156047393
2158075050
1001098888
9159085290
7034091860
7036089994
1039099357
12084081
2156023105
2155097208
14092500
40092747
42071694
2158034723
1037082942
7137065591
1043072156
7032089828
6172081965
1046086953
7138030363
2158065763
7137082060
2131095337
7043098398
9157078693
6173001249
7137050163
1038090694
6173044075
6176015339
7140041122
1002079382
7140016212
9178042655
1020090464
9171051005
4144060531
2116009055
9171097616
7100024143
9170072026
7140066944
7140049371
2140059066
4142091503
7116065407
7117067684
1005082480
7140052935
7139045743
6187033113
6187093134
6184065850
9162049156
2132050583
7034085651
7115085383
9190086613
9190061878
9191056423
6187090320
4143066483
9191057925
6188067863
6189042762
9083083781
2139077287
2141074492
9191051142
9190035587
9190046644
7118051875
2132012604
9189032371
7114084400
9078088684
6189051291
9083077951
9162062529
3044091941
7118062678
7119027059
9163077961
7039092467
2131087549
4143056325
7119064308
9164071490
7119087999
7120079114
7037087542
7046085638
7120082463
2134061379
7048083120
1006093556
2144014309
2145019253
2132083977
9161072849
2134027586
7049088262
9165080329
2143054436
7116015294
9083081787
3045089968
2140022690
9163017189
9166037008
7122000142
6186027513
9168050523
9080095907
2144041360
7121043370
7121063618
9166068672
2135092305
1006081361
6185054715
7120030898
7120057380
2144060980
9084085033
6189078909
4143059603
7122022329
7091099376
9165056384
7122032215
2145083861
9168074969
9169021016
4144078778
7093085388
9168071210
7095094490
9170027835
1008072992
9162006941
7092087813
9170045938
4143088299
4146029078
9169042265
2146006477
7098096413
2145023116
9171004593
2135047324
6189065224
9180031223
6192007316
6183013922
6184037814
6180084953
6184049341
6182003101
1016082577
9169013894
7049096479
7100022619
4146067775
4147053285
4146069616
9171063252
2134082404
9067085800
1004098607
9067097512
1010094744
6181018853
6180015613
1007092207
1015084436
2135057514
2134044545
7050099438
9070089417
2137064848
2138041370
1015081969
9073070459
9077075274
6181043128
2136076555
9069096987
2137081403
9075078584
2138057928
6182031469
3047078859
2137022889
4148080440
6192004742
3053083019
4151022684
7105003658
3053082415
7101036814
7102013558
2141064644
2138080424
9077081176
6182081431
6184087024
7100073169
9172040633
3048090166
6191038141
2137035054
6182087248
2139093203
6190015491
3048087673
9178068769
2142015794
9173050117
2138043402
9172053794
4148021314
6184081946
6191015425
9082098061
9179084714
6186049927
4149078048
6190090920
9180082528
9082071890
6191056005
3051071676
3052097889
6192057811
9181054177
6192078647
3055082891
4147008266
6191020475
2118035132
9173098124
4152081533
9180084654
9174080641
7102067649
7103060371
7106064439
4152001342
4151009697
9174040572
4150083318
4149008544
7103010444
9175087811
7104035028
2118034433
2120085155
9182009352
9184016588
9185047051
4153039004
2116066557
2117072878
2117058823
4151015278
9176066247
7106017572
9175087228
2117010887
4151084331
4151050822
2116024506
7107028019
2119055406
7105013662
9177020994
7106080805
9176062125
4152079355
4147089185
6176034135
2102041784
6199021797
2100006953
2119032526
2120023121
6195007695
4153041770
4149031325
4154044889
6093082395
9182045671
3054097442
9183084475
9181079678
7108058937
9186049307
7108031986
6193067712
7108059942
9183084004
9175001290
9184019449
6193088855
9186016215
7108099219
9185060268
7103023671
7102092416
9186082379
9187031073
6194016993
9174066408
7104036908
4149042962
9182094004
6193096502
7107049291
2142061363
7110093720
4152068993
9186036416
6097071678
3058085627
7109055558
6100047715
6195010721
7110026698
7110080408
9175072380
2142026556
2142026447
6100052597
6195022959
9188045124
3059086425
9177018063
9174069817
7109056497
7112040384
4154074086
2125040545
6195092021
4154037408
6093098282
2122096732
7112004430
2123094145
7112025779
6105096437
7112053005
4155061786
6169019059
6177047559
6106053002
7113036408
4154018085
9189055808
6177068469
6108029168
9189072935
3061097609
2125061161
2125096544
9177017673
2127088211
2128046396
7114060140
2128000623
2128028082
2127090109
7114000136
2128030209
6169068432
6101028560
2126068495
6194063357
2128031530
6169082206
2100060157
9190007459
7113085851
4155081374
6169097120
2127039516
7112030715
6171018731
6171044978
2129057079
2130036452
2104018578
2101089810
6172000677
2128082099
9188086078
2101022689
2103007150
2101029623
7003092637
6178064795
6198089726
6179054449
2102099636
2104022286
2127055162
6108088789
7000083260
6109079739
6108061289
6109030874
2129011806
9138049235
9138088064
9134063838
9135051551
9136039969
2101004843
7003071251
7004081138
9135014134
9135089236
9137025352
6179054476
6180048001
9049089189
7018097341
2121053243
6180047241
9138018639
6172064511
6173054549
6173070168
6180067058
6196025410
6197009469
6174061823
9137065858
7008074352
9139043448
6181007784
9139065559
9140031667
6181028865
6171049490
6174071570
9144022505
9139026365
6104088169
6175010581
7051087775
7051083884
6198027442
9141046219
9139034775
7006082036
6172077785
6102026772
6102062954
6197082363
6176032461
6102056413
4143039374
6104001261
6104072517
6197082014
9145091934
9146004177
6102010010
9147066427
9147041421
6195061337
9147054156
9048088810
7025089421
6174071713
6198087365
6181002875
9147054554
7061094029
7063079986
7021087222
9145085016
6181074982
9147065285
7018074398
9141095142
9056089669
9060080443
6106067955
9058087200
7066086673
9147038969
2122023781
7029082427
9141076069
9053083867
2124085461
9142055660
6104051890
9053075663
2122077604
6138040912
2123047002
6106031765
7058096838
7030073982
7066070852
7068085359
7062095807
6107019886
9052087828
7060081934
2122031007
7068070364
6106022714
7065092751
7017081572
6106068406
6140082099
9053092703
2123069379
7069097561
6139014328
7015095087
6139081928
9056088151
6138055295
6182046394
6177043992
6140031425
2112052215
9110067265
9111044781
2108050079
9176025289
9120032298
2105072063
7055097004
2125090612
6140081153
7058073751
2103065717
9144011350
2104048333
2105007524
2103061250
6184097507
9054087083
6185023710
6183070822
6183099131
9144044459
9145057509
6184067401
9062099437
7023085641
9143098440
6141081143
9144073647
9145003897
9131036918
9132027597
6150085141
9161047619
6148086561
9162024014
9142010947
9146077543
9130047394
9126036651
9127005439
9127083994
9131059532
6148073981
9128001803
9160011271
9160068162
6149084123
9162082144
9131036038
6184089024
6151010656
9161059864
9133044094
9134035178
193030092
193035416
9162017672
9134081337
9129015798
6150058955
9162040532
193002648
9145000020
185047865
185041385
9133055137
9135008536
195004996
193017494
9106058711
194061925
9163061163
2106064813
2106078150
2112017253
180064973
181037980
180057981
2111009248
9112058553
2107005413
9113040782
2112006275
9171044178
2108082142
2111075633
186008016
2112085708
2113088587
2113079151
181007234
2107045033
2108073142
2109054552
9113067044
9164011741
9165016656
9162096128
9171026394
178009668
179006341
9164070115
2115050645
2114061611
179012219
9172007479
9173002380
7017075255
2113064833
179057268
9171098935
9172018953
6141003802
9175077573
2105089198
9172054418
196085954
9165086074
9108098544
193093719
6141001881
9175072192
9163036604
6144021282
9173021792
9173054525
7018074583
7019088593
9174022278
7021084882
9175025358
9114077830
9115056789
9115080684
9116059438
9120058975
9115051619
9115043086
9172087133
9165099739
9166016878
9108057625
179023990
9113068747
7024078393
9116063118
2115022104
196022104
9120095323
9116028462
2106002487
9120086939
9108059090
9109043107
9108084773
9116003827
9177071295
6141056625
6142079446
9121065693
6146064332
199000880
198083725
6146089913
9109084448
183003877
184093728
182007084
6143033500
6144029034
7024095806
9123043514
9124014433
9122019854
9122020621
7027090275
9108038826
9166057410
7023089640
197028355
6143020235
197041746
198002232
9122048348
9115003642
198063283
9122004726
197048577
9124084893
191083597
6144071380
197053237
9109081757
9123039497
9117068344
6144079119
9124098743
6145067171
9123088635
199056443
191053887
9118015049
9125014075
7032097078
199078838
161027212
8189019578
9110043072
161077989
9166080935
9167095530
9167077408
192077284
9118012745
9118054268
9126017717
6183003533
198061680
198073154
8189038947
9166048578
189041848
189065171
9169066215
192065297
9169000157
187077255
188012372
9166062553
187083324
9168012274
188088364
186075401
190023337
182089314
183077724
185045794
190016198
182087454
9169065304
183049736
8192076465
162037986
163058523
164072836
8189039421
163061770
160039851
161084774
9119086907
185019890
9170013952
9111031814
9113013049
2109068277
2108081248
9169061262
9110053909
180099610
8193065811
9126029486
9178014126
8190079396
8191079184
8193048093
8194058524
8195084152
8196040929
9178029260
6147064047
6147049247
8191062184
8194022034
8195059345
160083821
9119070543
8193027870
8198008547
9179074734
9180041087
7031091211
9127000226
160018498
6145010190
165025135
9179058973
2082098114
160012725
6183022694
154041976
9119081131
154072293
2084073877
9001082092
9004091978
163073014
9005089014
154025541
2083078673
162081696
163063093
8190097504
2084094755
155065780
8198030304
8199022344
2088083658
2089084899
2107065734
2091081205
9181003017
2106007291
2088086991
2089080304
9006093834
9179040411
9127056052
9030093340
9031089834
8199002710
163067532
164071072
161025229
9181047086
6148035509
9182008428
9032074365
6150006027
9159037395
162051519
9030096856
9128041422
8190072700
156033169
9127066152
2088092614
9182007401
8185084747
9188060608
9128068736
9130076685
164085712
9181064611
8190046385
9158057573
2068098869
9186055865
2093096181
9009070884
156075100
9014093681
155079273
8185087113
8186029689
9012074159
156007348
9014071186
2067085596
2095094886
9045087219
9159035705
9031090189
9032089742
9018076376
2080094401
9189059955
9007096533
9144051422
9147007443
9182044180
9183045956
8187083348
2053096623
2059091562
8187065071
2053089295
2058095444
8184032246
2056072271
149032320
149078882
9190064070
147013080
9182076563
9189087749
9146016118
9156031101
9146030859
9190087566
2061080342
9183064192
2098070256
8187006473
9157035350
9037070499
156007578
9039087293
8183024749
8188002700
2047082079
8183029349
9157071899
2050089359
8184058115
148011066
2046072261
2050087782
149023647
9159000073
2028080811
2060091422
2048074685
150016244
149051318
2076095789
9186020491
9151023052
141011789
9121085012
2053080945
2030094679
8157061078
9115049530
8158073356
9119026822
8161033552
9117057020
9118053177
8158082821
8159072381
8160066470
8158065765
9115085661
9117002846
9117077467
8160049129
9115096843
9116071474
8159029842
9119054891
9120039396
9021077671
8161071846
9181049224
9039088223
9023099238
9117090842
8158049124
9120053305
8162061839
8160014765
157001217
9019076258
2073085358
2076084350
8160087337
149098819
9121008877
8158064217
9118098340
9147060417
9040098061
9043096911
9040079664
2063094310
9021088879
9147058588
9025092668
8174069455
9025088240
2078099646
9189083536
8175037783
2063087226
9148047873
9146021995
9185044356
8163008827
9185078386
9148015398
9022090246
8175039630
157056417
9149021855
8175056095
8176077513
8174022279
9149040661
9150012813
9148085764
159033862
8177055629
2035086363
2032086109
8164072799
151063401
9154094707
8167001669
8180055437
142025697
142067721
2037078985
8164069062
8175054368
8177052893
158067537
159043520
9152004943
8177087641
142052954
158061595
142077399
8162088275
142018473
158081118
8178020210
2037083913
9152043451
8179072254
8179053724
8180022549
9153096734
8164002396
142027009
142043766
9120003582
141033975
151035745
8178027835
143089579
9121099611
142065259
8180054254
9153011907
8181002866
2067081830
152074415
9183035586
147042598
147042561
9157088883
9158042068
6160006046
6159027124
143025569
8181007654
144037340
9154074726
9155046375
9121009536
9121052850
8178063594
9125002770
9125069729
144027527
9122087983
2040071476
9123054947
151069505
9124056293
2066089391
2006072276
153052707
8181038795
8182000532
147022934
153073498
2042091578
9124013650
9155050385
9124012604
2007091219
9126004080
8181081963
8183064847
8183035719
9155047581
8181035485
153065290
9157045885
9157012008
9186010498
6132054089
8184092202
2078096518
9040085762
6160012919
9185032190
2069091857
9188010598
9145001953
9187006129
2063091812
9187087539
9189046927
2001088055
9142029535
136029593
2002074053
138020355
137095419
6127022485
139055848
6130022667
139086009
6131059913
129089240
6132001190
9143075594
1196002981
9042085522
9131000254
168028260
6160075906
9131006157
9132044193
6160042148
9143053005
6128026066
6161073455
1197004527
1198014096
6159052539
168020216
6162060772
9131030869
166072631
1195039053
1195098411
1197020800
6129018871
9144068982
6129067799
122045546
130079757
138076782
6129054192
6132050074
6132042837
8188020510
8187024257
6133034685
6133047847
2013093142
9126063340
131057935
6133081591
130026852
6108077021
123003953
8188092809
123020865
8188063240
123017203
1174089522
6134034423
8189062779
6135008139
9135011855
6163089922
168093200
169094136
9134003591
1175026098
1176068053
8188043425
6136069260
6110028968
1176043383
1176060846
1178018743
1178080438
124001366
124059658
2011071558
1179018403
1180059285
8190034460
6161050190
2010075685
9132094005
9133088213
6163030546
6164043903
6135079501
1175025622
1175096531
1177069116
6110006234
1178058330
6110070715
124019998
6164063305
131036726
6163052809
6163058875
1196062074
9134080681
144054488
145082049
9123025078
9134056612
9135088483
6166004877
146010661
1181000725
6168010975
6123094818
9124072466
1198093701
6163032669
144048890
2014088226
2018070860
9134094933
1198064276
9128055691
6109031943
1199008333
8168026828
133057246
9136089044
8167076255
132031611
2019093617
2022093686
1199073836
6164045492
9135055573
6166016286
1177049749
6165042868
1179064333
133098406
6167010329
8169018035
8170015410
6167079337
1174033769
9137056601
1178017355
6164052984
9129087002
9127092522
8190052886
6123064954
124097107
1181029146
9129019641
8167081909
8169051885
1185039127
1186002833
1180082902
8167082247
2018078592
140020208
140001358
1185066363
6166074273
140059043
8168087669
8169034348
1182047919
6124069487
9129043994
134010094
8192013822
1184026314
146018622
134043726
8190021796
1182057070
9139002338
134081902
1182067028
1184003738
8191048830
2024096058
9139066198
9128039826
1183024484
8170083870
9137037762
1183075613
1184050551
9025081578
8190073816
1185036864
165084627
6154066347
6156023413
6157020484
6153027783
6158003459
9030091496
6125077583
9142024415
1189082611
9141015677
6111044451
6126063434
1191086157
6112046825
1190034275
9140052681
1185065240
9142018996
136002058
137006976
9140020647
8169054827
9025083800
9028099195
9029072453
1193000104
166061075
1190086414
1192015720
1191031398
9029099235
1193090028
9130049054
6154014654
8170088496
6153065961
1191055579
1192099707
8169089136
1194009829
8172089689
8172079021
8173081280
6154089833
6155031522
6157083237
8172007351
6155089257
167009524
8171067338
8174038722
6154046371
9033098618
6155052631
9041071775
9033079370
6158065514
135075348
6126039009
138074083
9141089775
1199054216
134089053
6125070008
6127065024
9140060421
9141084306
136060375
6128073658
6128082797
137074110
9035072790
1187011689
6086083794
8193039578
6130002568
8194014433
6112067611
1187023888
167028531
1196015664
6157080250
1196069735
1194028348
9112019970
112012704
6113008405
8194002688
9068098406
1160075269
1160090902
1194077750
124028396
6141061327
6088091545
6143047381
1186088163
8192013093
9110079509
9112000140
6142003528
6143007295
1187052265
1188021387
1187009616
1189000339
125055516
126084484
8192087402
126085185
9112066445
6142098709
9108045347
9109036475
8192085973
1189077427
126004056
127044983
113010706
9063080994
9110041372
6141009366
6087089143
1166023822
1167010999
9112072311
6144030459
8195067951
6143031803
120067127
121009195
1166091234
6142054377
121030923
1163060183
8195052514
1163011731
113063868
112072642
6089090761
8197006084
8197083024
8197073027
1162085158
121048563
9113086107
1167005939
1165004459
6141061051
8198012571
6144039314
9083078558
9114046065
9082082570
9114014865
6144023556
6145095230
1162041306
6115018495
6115062404
6114004287
6146069951
6147002207
9085080597
1163021253
9076093862
103094700
6064096229
6060098102
114057039
9070088850
115025463
8197035168
1167093237
115084798
8197014144
128017704
6092083116
6088093039
115080508
6082086684
129003222
9089073274
127066166
128062769
9062092653
111077841
6090080771
6092086670
110080140
9072073653
6058092059
6069070995
103031322
110026461
