11
29
129
17
9
49
29
33
79
49
79
139
39
349
16
49
59
89
99
129
179
49
129
15
98
25
59.9
79
99
39
19
29
39
39.9
19
55
20
4.5
139
22
39
29
59
29
79
19
49
27
29
39
99
99
88
5.5
39
89
39
99
49
9
19
29
29
49
28
69
29
35
13
39
32
119
12
159
49.9
29
39
69
299
89
49
29
29
39
39
79
99
39
138
69
118
159
99
39
59
59
89
198
5
49.9
139
6
25
19
25
19
129
59
299
19
13
99
45
239
85
119
99
35
49
149
15
69
49
29
49
32
199
139
29
69
15
89
45
99
69
49
19
29
45
79
39
9
49
19
80
16
159
99
59
18
79
69
79
99
99
35
19
10
49
39
135
48
35
49
5
99
29
31
59.9
99
29
29
69
89
69
59
39
169
29
189
59
19
29
99
29
29
29
29
6
458
69
69
49
10
59
98
119
59
118
29
49
14.5
69
99
35
29
1.5
23
49
39
15
109
59
29
75
99
19
19.899999999999999
39
69
39
69
299
29
169
79
49
69
39
59
79
39
49
99
23
99
9
99
78
59
129
89
29
19
35
15
49
65
39
29
19
45
179
49
38
19
21
45
29
29.9
208
19
39
19
59
119
29
35
55
59
19
65
22
49
49
29
69
19
49
39
59
29
179
79
19
29.9
39
69
129
59
169
500
99
19
79
79
99
15
19
69
79
55
78
9
159
99
49
55
49
45
99
29
95
65
49
89
19.899999999999999
23
69
3.5
49
89
39
25
25
49
49
60
52
79
65
39
69
39
89
19
45
19.899999999999999
29
46
19
49
139
139
49
19
149
69
299
89
59.9
55
200
39
79
19
239
19
35
259
149
69
22
65
46
45
19
49
49
75
159
45
49
96
39
99
59
12
58
19
39
79
29
55
49
59
19
15
59.9
25
39
15
129
59
49
39
69
19
299
120
11
29.9
6
79
99
59
199
89
9
99
39
99
72
22
29
49
19
69
19.899999999999999
39
89
39
69
25
35
19
99
96
25
159
59
39
88
99
99
59
159
25
15
90
9
29
16
19
98
29
79
138
139
35
69
59
25
148
29
1
15
29
195
299
59
39
69
65
75
49
59
39
19
29
99
17
29
155
139
23
89
79
5
29
15
5
99
39
39
49
89
99
49
19
119
19.8
49
199
49
79
25
89
219
39
79
19
29
59
199
20
99
19
145
79
159
49
39
79
99
49
119
99
11.9
39
139
19
139
39
75
98
65
23
49
19
27
59
29
169
79
15
158
85
69
128
15
5
79
49
29
139
19
19
19
55
159
39
49
198
69
59
179
69
99
79
29
49
119
99
25
55
59
25
109
79
19
49
29
159
29
39
49
29
39
25
49
275
199
69
59
279
99
39
49
39
39
25
195
39
89.9
69
49
49
69
19
15
99
39
149
189
89
99
79
29
32
59
69
23
35
12
20
149
19
59
96
39
39
19
79
99
15
19
29
39
29
49
29
59
99
15
219
29
95
59
199
139
59
29
19
12
89
119
10
159
27
129
9
49
39
39
59
29
29
500
139
49
19
78
75
59
59
59
39
19
29
39
29
59
11
59
19
89
39
29
39
159
99
128
119
79
59
49
69
29
9
89
88
19
11
29
19
39
11
10
29
49
29.9
25
60
29
69
59
35
39
139
89
79
55
79
75
13
39
29
35
35
59
19
199
159
24
239
4
29
19
27
179
49
168
29
39
24
29
159
59
69
5.9
29
29
19
19.899999999999999
39
26
299
29
49
13
165
49
59
99
89
99
65
12
109
29
21
69
69
12
99
219
29
29
69
165
23
39
29
49
19
79
29
79
85
21
25
379
29
49
49
49
19
94
249
39
39
99
69
33
129
39
129
29
29
129
35
49
15
69
29
79
19
29
49
55
69
19
99
79
89
30
159
219
29.9
139
15
9
29
29
19
26
39
119
69
149
58
69
59
149
11
83
29
49
139
39
59
39
22
15
26
19
39
25
19.899999999999999
129
39
99
19
29.9
79
132
45
185
79
5
16.899999999999999
45
19
24.9
169
65
39
98
109
39
399
12
12
19
17.5
19
49
25
89
59
198
45
12
49
9
119
79
229
19.8
89
19
19
35
59
69
99
29
29
55
49
15
52
99
29
29
129
49
59
75
25
29
59
79
11
39
45
12
49
35
79
59
149
99
9.5
79
119
99
129
49
99
19
149
29
19
69
195
169
559
59
20
139
69
59
7
29.9
89
135
45
49
9
49
99
25
29
29
168
139
21
19
79
39
199.5
25
59
29
29
29
29
29
29
9
19
329
25
6
5
69
49
99
49
69
96
55
129
19
99
49
55
19
99
41
19
99
23.8
55
69
59
69
39
39
29
139
98
29
19
49
99
39
199
35
139
129
35
29
135
39
99
25
29
79
89
10
59
99
99
49
69
39
19
169
75
48
35
15
19
29
29
69
49
9.9
19
19
69
39
45
29
159
45
19
49
29
49
48
69
13
38
39
4
39
19
99
29
39
59
179
29
15
69
16
55
149
59
69
49
29
35
39
49
89
29
69
39
39
49
79
34
39
89
85
169
169
29
19
19
39
22
39
39
139
59
99
79
139
39
29
35
19
35
159
59
145
49
129
99
99
19
99
79
169
99
45
99
39
199
89
139
199
99
25
49
99
79
45
139
25
19
39
79
13
149
22
25
69
29
89
69
65
15
49
23
29
39
89
39
149
89
79
29
35
79
88
19
38
79
79
69
198
79
22
69
24
13
49
49
69
59
49
145
39
19
15
139
149
25
99
59
18
49
89
21
49
49
22
19
29
89
49
45
5
29.8
39
35
109
59
119
59
59
69
59
23
39
49
159
188
99
22
289
45
49
29
8
19
15
299
358
129
128
89
1.9
149
89
149
3
19
26
95
139
49
79
119
16
69
29
89
169
49.9
49
29
59
169
39
25
329
79
19
149
69
49
99
9
39
279
69
139
115
4
35
49
69
29
199
29
399
119
33
49
49
19
19
99
79
19
179
9
29.9
119
49
39
9
99
78
29
7
99
55
99
179
25
179
9
99
69
89
22
25
25
19
19
45
29
69
19
99
29
69
29
59
19
35
199
49
95
59
29
99
39
18
69.900000000000006
79
65
139
125
179
59
75
29
29
39
89
7.9
89
99
159
52
58
89
119
49
12
149
29
25
16
39
29
19
29
11
69
45
24
29
52
2.5
8
169
35
99
12
79
29
29
69
32
79
19
129
19
139
59
59
145
2.5
89
19
49
5
19
35
29
99
15
53
29
49
9.9
49
15.5
299
89
29
69
17.5
139
13
99
139
19
59
39
75
38
59
119
29
25
69
89
19
49
69
25
59
13
89
29
195
79
98
25
29
39
25
299
19
99
3
79
25
11
89
19
35
60
69
79
79
25
38
89
29
18
29
39
37
49
19
39
69
59
29.9
29
29
89
109
5
15
19
35
29
19
29
89
89
55
55
19
39
19
39
55
59
25
49
29
159
29
39
69
39
29
49
219
29
29
5
49
69
75
39
69
45
19
79
89
25
189
35
29
75
15
199
125
125
49
29
7
158
179
99
59
49
24
19
69
89
76
25
59
79
59
199
88
99
89
30
119
269
19
139
39
49
69
79
59
99
65
39
69
69
29
13
149
99
39
9
49
49
19
39
79
25
25
21
119
59
8
259
29
69
129
25
25
19
69
39
58
169
149
79
59
19
19
15
99
20
55
79
59
128
148
19
5
19
39
109
29
75
129
99
239
39
59
99
169
25
99
49
22
19
9
79
19
59
13
39
19
19
9
35
15
12
89.9
175
69
29
148
5
36
99
139
179
25
39
59
39
29
99
49
168
99
49
49
179
15
119
269
28
35
69
55
65
49
69
49
19
15
79
75
79
39
39
22
39
249
69
29
29
159
49
69
49
59
29
29.9
19.8
15
195
19
59
75
49
128
79
129
19
219
29.9
99
69
199
39
29
59
10
35
9
29
4
119
119
29
79
59
39
19
49
29
49
79
99
119
49
39
139
49
59
29
35
45
89
19
89
89
19.899999999999999
73
339
79
109
19
69
49
49
39
31
17
19
59
25
49
119
39
19
15
29.9
15
29
45
69
25
39
29
49
139
99
39
69
129
6.5
69
49
19.899999999999999
29
12
5
69
89
11
69
99
25
29.9
49
19
19
11
49.9
39
3
179
19
39
29
20
39
119
119
99
5
65
69
55
79
15
9
30
139
45
79
29
49
49
59
59
11
99
2.5
59
49
25
59
39
59
29
23
49
55
45
1
35
35
49
19
99
15
199
179
99
65
19.899999999999999
36
59
59
8
99
149
119
29
138
129
19
69
25
29
29
299
19.8
59
7
119
15
59
29
69
199
49.9
6
79
79
22
69
25
7
7
99
7
59
69
29
99
35
16
35
69
59
89
33
39
49
79
22
49
99
79
79
129
59
79
79
89
69
39
59
15
49.9
49
19
69
69
99
15.9
39
199
29
39
19
75
69
119
178
29
49
19.899999999999999
29
69
49
15
109
59
29
7
75
59
29
69
29
39
199
69
49
69
119
39
29.9
199
59
69
399
29
89
9
35
199
19
11
29
6
7.9
13
19
99
15
39
59
19
99
6
149
79
2.5
10
59
49
108
89
34
49
19
79
39
49
79
69
19
29
69
39
19
99
55
35
85
99
59
129
159
259
59
169
109
35
29
39
75
29
38
49
99
6
49
45
39
29
99
39
49
199
22
85
65
75
79
68
59
69
29
29
49
269
39
78
129
49
15
205
55
88
89
79
59
59.9
29
69
69
25
19.899999999999999
45
39
74
139
199
59
65
59
49
99
59
139
249
98
85
58
79
99.9
69
39
49
15
149
139
99
29
109
239
88
55
29
56
49
39
39
55
59
29
11
59
19
29
35
159
129
99
39
19
49
29
75
69
29
16
39
95
45
29
49
49
9
9
39.9
89
19.899999999999999
49
298
159
39
25
19
79
800
19
99
119
169
19
4.5
189
49
35
15
19
79
59
179
99
29
59
39
79
29
99
25
45.5
49
59
239
5
29
18
29
93
29
80
49
85
29
39
105
119
29
139
9.9
158
85
19
45
169
169
39
228
198
55
79
29
39
299
19
69
79
179
99
91
19
35
299
49
29
1.9
39
59
199
39
39
49
99
19
248
149
29
99
49
55
109
45
85
39
69
29
198
49
19
99
39
139
39
89
59
69
25
179
39
65
49
45
59
49
239
49
29
59
159
24
39
49
35
29
69
11
69
89
139
29
119
59
17
248
49
49
21
89
29
149
139
59
29
99
15
59
19.899999999999999
79
25
19
39
219
19
59
29
69
298
69
159
19
188
29
60
149
79
59
119
29
29
7
29
12
19
119
49
85
89
49
29
45
69
59.9
138
59
19
39
59
39
39
79
89
199
69
39
39
15
39
88
49
23
29
179
45
59
99
45
12
49
22
89
49
69
39
29.9
79
219
35
39
39
49
59.9
65
49
99
49
41
229
49
119
34
39
69
89
79
65
19
159
49
9.9
35
69
108
59
39
15
45
29
25
99
35
79
99
139
39
29
99
19
85
19
65
39
39
19
75
29
49
22
109
22
49
99
13
79
69
49
49
339
29
49
118
119
69
199
39
79
259
21
59
15
49
15
49.9
29
45
79
75
99
49
119
159
19
60
69
59
15
39
99
45
19
79
45
15
99
45
189
79
39
69
25
19
109
99
45
19
39
49
39
89
59
99
149
69
69
15
8
39
39
69
19
39
65
29
49
39
13
55
49
39
29
65
149
69
35
69
65
22
109
139
18
7
99
5
59
29
35
99
109
25
19
39
39
89
79
9
39
29
19
96
99
5
149
59
49
39
75
15
39
59
35
23
39
16
29
35
99
89
109
11
39
199
49
79
59
39
399
128
29
69
199
59
239
19
39
29
129
27
29
9
15
65
129
99
99
49
59
69
89
89
19
69
79
19
95
19
15
49
19
19
119
99
39
59
89
85
49
19
6
59
19
79
39
59
109
99
299
169
29
49
69
29
79
29
39
29
62
95
75
69
69
99
39
69
15
10
9
99
299
49
39
29
119
88
39
29
119
25
5
15
109
79
29
19
46
49
29
89
199
19
79
145
128
19
59
45
5
88
68
29
98
139
199
89
49
19
149
29
59
49
39
39
59
19
9.9
89
129
11
289
39
39
189
49
15
39
128
179
159
45
79
249
45
49
29
6
79
79
25
99
39
89
179
79
149
19
159
49
39
29
119
45
419
79
39
59
49
119
59
29
99
29.9
15
59
29
39
385
49
11
69
15
55
35
65
29.9
59.9
25
155
89
9
79
49
239
29
39
79
19
55
39
39
19
19
99
27
105
14
59
39
119
45
199
59
99
91
65
69
149
69
19
29
228
89
99
99
75
9
49
39
22
118
15
49
119
139
218
59
33
89
129
79
29
85
29
3.9
89
179
199
19
19
65
129
59
99
79
15
39.9
39.9
29
42
59
69
29
69
69
49
99
9
29
22
99
45
159
39
29
89
59
49
119
99
25
139
99
69
49
29
38
119
19
99
35
12
259
19
9.9
39
15
19
119
35
50
12
5.9
88
269
20
99
179
44
269
79
19
15
149
75
59
85
19
109
19.899999999999999
35
75
49
69
159
13
5
29.9
49
39
29
90
99
189
89
29
59
149
19.899999999999999
19
25
29
29
89
29
139
89
85
13
59
115
19
21
139
39
29
59
29.9
159
69
79
12
49
33
89
29
19.899999999999999
69
49
25
19
168
199
15
49
49
69
39
9
19
25
79
39
89
49
69
49
25
75
89
188
96
99
39
39
9
119
49
119
19
47
32
45
139
49
199
299
35
99
29
49
39
249
25
39
159
49
129
19
49
69
79
29
69
139
19
69
19
69
19
49
69
19
69
99
79
69
458
65
59
89
49
19
58
59
128
35.9
59
19.899999999999999
39
89
69
25
5
79
228
29
99
89
99
39
39
39
79
69
49
99.9
29
59
79
99
15
23
59
49
39
129
15
19
89
29
119
49
199
68
29
139
45
59
49
45
59
59
99
119
279
49
10
49
49
49
18
49
219
9
109
39
15
89
59
9
19
99
149
9
19
5
169
48
89
99
75
79
7
99
69
79
19
39
49
19
55
39
19
35
79
189
19
89
21
19
45
29
69
89
109
59
75
299
107
139
19.899999999999999
19
69
128
39
199
29
119
39
29
79
65
59
69
99
99
19
19
25
169
59
49
79
59
119
299
29
69
129
109
10
29
20
198
19
35
25
49
107
129
69
105
45
29
179
19
43
89
79
99
79
39
49
139
99
35
89
89
5
199
19.899999999999999
19
69
89
15
35
169
69
99
19
59
39
6
139
19
149
45
19
69
39
109
49
22
59
89
29
139
99
35
35
99
139
139
89
39
129
35
16
29
19.899999999999999
14
99
49
29
11
79
35
69
55
69
95
45
29
379
99
169
139
19
59
59
29
11
89
69
59
29
45
49
29
29
39
49
29
109
35
118
19
49
13
35
29
39
39
49
69
79
59
15
39
25
59
139
68
39
29.9
99
45
19
58
69
99
29.9
38
18
99
29
19
69
29
298
39
39
79
69
119
29
199
59
17
29
25
49
109
29
39
29
99
39
17
29
8
55
198
29.9
29
89
89
69
159
119
99
79
19
99
69
35
199
19
49
99
11
98
139
39
59
39
29
53
39
29
49
99
49
99
79
19
49
99
29
25
39
87
39
25
5
45
49
25
19
89
149
39
29
185
13.9
6
29
105
29
19
69
13
49
39
99
179
29
29
198
109
30
98
79
39
29.9
25
59
99
39
89
49
28
89
49
39
159
29
85
89
19.899999999999999
39
75
19
159
339
139
99
109
3.5
59
49
22
15
22
159
46.8
159
5
19.899999999999999
39
99
29
49
29
59
29
88
95
25
99
13
39
169
79
35
99
9
13
49
29
89
39
35
99
219
199
5
19
59
149
29
99
19
59
29
139
59
89
9
49
9
19
39
19
99
59
10
15
15
458
49
479
69
29
75
89
19
45
29
39
58
15
39
23
129
49
49
159
49
59
99
55
29
39
49
49
79
5
69
39
35
28
25
119
19
75
59
49
17
49
15
30
159
89
39
139
29
29
49
49
99
19
89
49
29
49
59
19
29.9
139
88
29
19
29
49
10
59
99
39
148
29
65
99
9
18
25
39
69
29
49
19
399
17
59
79
3.5
19
15
29.9
99
29
29
23
79
37
25
45
299
29.9
65
59
39
89
89
22
99
69
39
49
39
39
29.9
29
19
19
49
29.9
8
19
35
119
50
229
79
39
15
159
19
39.9
39
19
139
29
79
19.899999999999999
119
169
45
99
29
99
29
25
19
299
24
59
199
78
45
59
69
49
59
9.9
69
59
129
75
99
89
89
4
99
79
69
9
59
35
49
139
35
259
29
69
29
22
55
49
19
39
39
22
39
19
9
19
25
99
125
275
135
49
39
29
10
35
299
29
39
39
19
99
35
79
69
69
99
39
48.75
12
39
129
129
429
89
268
79
19
279
19
29
85
19
49
249
59
39
69
65
39
13
128
59
7.5
13
99
55
19
99
29
99
29
39
46
49
49
169
29
6.5
49
49
29
7
19
195
29
119
169
69
89
159
12
29
99
59
59
8
49
79
71
23
199
22
23
15
39
19
29
79
139
15.9
69
98
49
5
79
39
9
99
34
269
399
20
55
19.899999999999999
99
45
19
118
99
20
99
69
199
138
195
39
29
39
188
29
80
15
99
29
49
88
69
25
49
89
69
199
79
85
5
69
125
32
19
89
15
119
158
19
75
148
22
26
19
139
89
29
72
49
7
39
89
29
6
29
25
49
99
89
49
159
65
29
99
39
29
249
49
79
49
129
69
99
79
20
15
115
34
149
59
249
9
69
29
155
69
49
49
55
49
89
19
49
89
89
39
39
29
39
49
49
35
129
69
59
5
79
39
39
59
279
13
39
49
159
99
15
39
79
69
139
39
9
29
29
139
59
19
75
55
149
12
35
188
3
21
49
179
355
99
59
25
19
49
299
39
12
49
19
39
35
49
16
29
35
39.9
3
13.5
49
19
39
19
39
149
29
32
35
39
35
29
8.8000000000000007
49
29.9
29
15
190
139
299
13
22
49
29
20
39
179
29
15
5
49
85
69
1.5
39
39
89
69.900000000000006
75
69
39
35
59
25
23
49
99
79
79
115
39
95
69
69
29
35
6
125
19
59
65
55
19
19
11
13
21
29
39
79
29.9
149
3
99
21
59
59
168
29
89
29
69
58
29
159
118
15
79
25
39
49
69
19
11
65
39
29
99
11
149
49
25
32
259
55
65
4.5
99
139
89
69
49
139
3.5
59
23
139
49
69
19
89
49
59
69
39
29
279
49
35
15
49
65
29
79
5
85
39
59
13
179
99
49
125
19
29
19
49
49
39
19
19
49
99
25
49
158
238
49
89
22
28
35
99
69
39
9
19
39
69
89
49
99
39
199
69
69
39
79
159
21
169
98
49
35
45
29
49
129
59
19
29
39
79
99
59
29
49
69
29
29
69
15
19
158
79
69
22
25
15
89
65
29
59
165
29
69
39
65
39
95
25
9.9
99
5
45
69
29
99
49
59
319
98
17
199
29
49
48
29
59
55
49
159
49
109
59
11
99
69
45
45
15
19
5
99
39
39
208
89
119
25
69
149
69
59
39
49
99
25
59
49
39
1.9
15
39
39
19
19
25
119
19
119
29
69
9
39
29.9
29
99
55
39
79
29.9
29
69
109
49
15
39
239
29.9
19
23
22
25
65
99
258
79
69
119
59
39
29
29
99
55
19
109
185
79
31
69
49
75
19
25
79
59
59
29
29
20
49
29
59
19
49
69
19
19
79
5
169
19
79
2
29
99
99
15
49
29
139
18
49
49
17
49
15
138
79
59
49
179
49
15
49
35
99
99
200
29
119
49.9
39
19
29
79
45
29
29
19.899999999999999
99
75
185
49
49
19
49
39
69
119
59
109
19
58
169
79
59
49
16
25
29
109
19
20
99
79
88
20
89
69
11
159
98
19
49
69
119
35
151
39
19
79
99
39
179
39
39
75
69
25
429
119
139
39
109
39
59
49.9
99.9
49
69
79
29
85
39
59
1.9
99
229
49
29
15
25
119
69
19
29
199
89
13
19
39
45
39
59
179
19
29
30
9
99
29
89
189
29
29
15
39
79
89
89
55
45
49
148
159
29
19
19
45
55
39
29.9
35
79
36
39.9
69
3
29
95
179
69
19
49
149
99
159
149
49
59
99
13
49
31.8
69
119
99
39
39
15
179
89
29
129
9
35
99
85
39
79
79
239
129
19
9
89
99
19
9
59
128
69
159
129
238
119
75
59
169
59
29
68
59
59
69
39
49
12
89
29
29
39
199
29
19
19.899999999999999
59
19.899999999999999
39
19.899999999999999
139
19
138
45
79
62
35
99
69
19
9
135
49
135
59
13
59
15
59
55
39
29
29
95
19
10
35
29
149
59
199
79
49
29
45
69
99
79
29
59
9
99
49
49
35
21
39
59
9
45
65
19
69
219
11
159
49
139
53
49
13
45
89
119
99
59
59
19
29
35
29
69
29
119.9
89
99
18
99
79
69
39
24
359
109
15
19.899999999999999
39
49
69
49
19
295
279
70
149
189
41
69
109
49
35
145
39
99
59
29
65
39
17
45
19
15
49
39
95
49
35
139
69
119
45
19
236
59
9.9
49.9
17
35
149
18
39
17
79
99
19
129
49
65
39
299
99
29
169
219
29
49
119
99
79
39
169
39
69
49
7
79
15
59
39
75
99
39
15
79
59
59
39
45
39
49
15
59
99
129
15
29
29
13
29
59
169
49
79
25
69
169
35
49
79
19
99
59
39
198
15
9
69
69
29
39
79
9
98
119
69
69
59
99
59
49
49.9
59
119
39
10
19
29
49
109
29
129
49
29
29
53
115
79
199
29
59
79
33
148
68
35
19
29
59
32
59
2
69
29
79
12
29
59
19
69
69
59
198
89
59
49
59.9
19
14
149
79
4
79
88
39
49
15
139
29
39
89
45
9
49
149
79
59
23
9.9
99
149
219
75
29
88
29
69
79
89
139
19
39
29
59
29
49
25
89
14
45
59
69
85
39.9
39
99
55
4.5
25
119
49
10
109
49
19
20.8
39
168
69
2.5
19
35
39
13
149
119
19
15
25.5
79
99
22
29
29
229
75
19
49
25
119
29
80
29
169
149
155
49
29
25
49
9
199
9
69
65
22
59
149
119
79
49
69
39
