29
29
325
119
85
59
35
19
218
59
15
19
29
89
15
9
159
39
19
299
15
45
25
6
125
19
49
12
19
99
15
279
39
29
59
29.9
99
29
79
39
49
89
1.9
49
29
159
89
40
69
99
99
69
39
89
59
35
20
99
79
119
29
119
59
29
119
59
16
99
29
119
22
29
59
19
49
28
5
29
49
79
49
69
69
29
79
69
22
45
12
89
19
23
99
9
69
39
36
19
75
29
34
108
45
98
69
79
69
39
99
7
69
96
29
99
29
119
228
6
39
49
39
129
497
69
199
39
7
159
19
69
8
299
9.5
59
49
39
59
59
69
59
69
49
49
9
69
49
4.5
199
179
199
139
19
25
19
99
15
39
179
89
12
59
69
69
45
199
59
59
39
11
99
79
49
49
119
49
19
89
29.9
149
29
29
69
29
29
22
49
39
49
15
49
139
45
99
279
15
19
69
12
49
85
29
399
79
109
49
39
35
135
79
9
95
29
49
19.8
19
19
69
22
29
29
139
49
105
118
169
9.9
69
49
4
32
299
23
99
49
9.9
109
79
69
45
15
42
29
29
169
9
39
29
39
29
45
169
88
11
39
39
19
55.9
269
69
99
98
52
99
25
29
12
139
199
35
99
99
13
29
229
39
59
39
49
89
49
169
15
35
19
49
52
6
99
29
89
99
149
159
148
99
199
8
115
49
69
69
49
49
95
79
159
88
29
19
79
59
19
49
6
59
49
59
39
39
298
19
69
69
29
29
78
39
99
59
25
99
29
29
49
119
49
85
21
19
19
15
29
11
39
65
139
45
49
39.9
13
199
49
159
49
39
149
45
199
79
49
23
49
39
39
119
49
149
35
149
139
59
22
69
89
49
59
39
109
169
19
21
49
99
68
49
39
239
69
59
45
79
29
79
29
69
29
60
59
75
159
25
85
29.9
89
118
49
199
29
65
99
109
49
230
29
139
39
19.8
69
59
25
49
15
29
49
29
149
15
19
149
29
149
79
89
105
89
59
39
79
500
159
23
49
99
179
69
25
19
59
119
55
29
29
199
15
49
19
39
21
149
49
59
49
69
32
25
85
148
49
59
89
169
99
49
49
99
238
69
39
29
19
99
19
45
15
39
29
29
39
149
18
29
69
45
13
49
19
69
49
12
59
29
99
99
79
159
39
16.899999999999999
49
49
89
39
459
3
99
79
69
79
138
69
69
29
59
69
99
45
79
55
69
39
39
85
7
119
9
5
69
49
9
15
15
99
22
119
99
149
89
69
39
320
89
69
119
29
69
98
149
39
139
19
39
69
12
49
29
35
23
45
79
49
59
168
69
39
19
149
35
59
99
39
49
85
18
39
29
29
22
19
29
69
37
5
19
35
18
25
39
19
29.9
79
99
179
13
25
89
59
29
39
198
25
109
59
69
149
49
128
39
179
69
79
59
69
49
49
35
39
59
69
89
149
69
79
125
19
19
29
39
7
29
65
49
69
99
39
59
19
89
69
158
9
159
19
29.9
38
59
25
79
99
189
68
69
59
139
19
6
139
79
55
19.899999999999999
49
39
15
69
25
89
24
45
9
49
83
59.9
99
49
35
69
39
89
3
19
29.9
22
38
19
99
139
19
19
189
39
19
229
99
49
99
55
49
69
45
22
69
189
19
19
59.9
39
69
59.9
11
49
25
49
34
39
149
149
108
29
39
59
69
60
69
2.5
52
99
79
69
22
15
2
199
12
3
29
29
69
11
169
89
39
49
51
188
299
3.9
89
29
45
69
42
98
19
55
259
79
35
45
49
119
69
29
59.9
49
69
63
129
19
79
21
19
15
29
55
29
15
25
59
49
149
99
29.9
79
160
29.9
29
39
69
19
3
79
12
69
69
39
1.5
35
29
49
59
49
39
69
6
15
29.9
39
25
69
39
59
49
22
143
169
59
69
19
19
125
8
29
139
29
179
89
39
59
39
69
3
19
5
39
10.9
29
9
15
49
79
179
29
115
188
59
295
9.9
22
49
9.9
35
29.9
49
17
39
29.9
55
27
18
29
58
89
35
79
19.8
15
18
39
99
33
19
25
17
55
89
49
23
79
39
15
19
299
59
99
169
129
22
109
15
89
458
800
169
13
25
25
89
119
49
49.9
99
59
99
69
29
58
49.9
109
99
29
9
79
39
149
29
13
69
39
39
79
155
19
99
12
69
178
25
99
89
15
149
9
5
19
19
49
69
89
13
29
35
89
39
39
13
99
49
39
59
59
35
15
79
29
29
59
79
25
49
49
29
149
29
75
59
3.5
49
29
15.9
29
29
99
99
29
49
45
6
95
39
29
29
236
149
19
75
59
49
19.899999999999999
89
19
279
89
39
79
93
49
19
79
59
17
59
22
35
109
29
59.9
99
65
59
139
98
45
59
9
12
79
89
39
369
19
118
39
89
19
39
79
39
159
39
139
99
22
9
15
13
16
12
7
9
129
29
19
35
49
46
69
19
69
68
59
129
59
35
59
198
78
49
29
25
22
119
29
159
49
12
13
25
99
79
69
99
29
15
9
219
17
40
11
79
79
11
59
99
19
79
29
199
49
69
16
29
99
49
29
25
39
59
119
268
10
69
29
698
29
29
69
39
79
158
29
79
9
168
39
35
49
12
99
29
22
49
25
39
79
39
9
39
29
59.9
59
29
29.9
179
49
19
29.9
38
66
159
29
109
29
179
99
219
55
25
299
146
25
29
19
39
29
19
39
199
59
129
99
15
89
159
11
39
69
239
79
45
49
39
85
99
59
29
49
22
399
65
39
99
3
59
39
69
89
19
99
29
49
79
109
35
5
19
23
45
39
46.8
49.9
39
158
149
59
89
89
139
45
29
129
99
15
19
25
199
75
19
89
169
119
49
79
75
19.8
15
19
168
49
5
99
45
25
69
159
60
39
49
59
79
29
79
129
13
29
39
79
69
69
20
29
29
89
45
39
59
13
65
159
39
19
69
25
169
59
119
99
69
79
65
49
22
59
55
139
139
29
49
39
79
19
18
21
25
99
25
20
21
22
69
99
15
49
49
79
55
5
69
79
39
49
129
29
159
25
59
49
69
29.9
119
39.9
79
45
29
29
2
99
79
29
99
11
29
79
29
59
119
15
35
29
139
25
79
39
89
79
179
39
119
39
59
25
59
79
79
45
39.9
229
180
89
19
15
22
89
49
139
149
149
169
161
99
19
49
79
59
19
59
79
159
20
49
99
79
39.9
29
19
99
89
139
59
79
29
129
49
79
69
99
39
96
89
99
159
85
69
49
29
59
35
16
119
32
95
19
99
19
39
69
29
39
29
49
98
29
79
29
59
20
39
69
22
39
39
89
19.899999999999999
359
39
29
52
9.9
19
85
29
15
85
69
199
29
23
39
69
29
39
19
99
69
19
63
35
17
35
79
88
29
12
75
29
5
69
119
79
149
8
29
139
99
39
59
12
17
79
99
99
79
59
139
239
11
17.5
39
19
108
119
3
195
69
169
19
39
109
99
39
99
139
99
5
299
75
19
69
159
29
19
17
89
19
25
49
29
69
129
29
49
7.9
8
9
19
12
15
99
59
45
15.9
80
29
188
35
69
69
19
59
79
35
99
79
49
35
79
29
35
89
135
11
69
69
49
35
79
299
45
219
199
69
39
79
49
29
99
19
19
79
99
46
25
69
15
29.9
19
19
69
49
25
99
79
219
118
99
25
49
49.9
19
59
49
69
88
19
139
29
59
29
89
99
49
39
99
15
79
39
69
159
99
15
19
69
12
15
69
39
159
39
399
37
199
109
89
99
12
16
5
35
125
79
19
88
69
29
4.5
30
49
29
179
99
129
29
5
29
69
17
69
89
15
39
29
129
299
99
99
10
269
12
69
79
49.9
109
39
149
30
59
9
89
85
29
29
149
49
25
45
4
15
79
79
7
109
13
89
60
7
99
13.5
79
29
99
25
39
39
49
89
69
9
39
49
12
25
79
89
79
49
19.899999999999999
49
19
69
29
109
49
19
25
99
21
159
89
49
99
39
33
149
59
199
195
10
19.899999999999999
17
59
3
49
69
55
49
69
146
89
49
25
45
43
35
99
89
99
11
59
47
39.9
188
20
9.9
35
79
79
29
89
99
69
55
59
35
19
5
29
125
179
99
39
49
19
29
11
69
19
25
35
49
169
19
65
69
100
15
19
10
79
35
15
55
49
3
29
98
49
19
75
19
89
139
29
79
89
219
49
10
119
159
199
45
33
79
99
99
49
149
22
9
79
89
39
29
19
718
49
246
19
59
49
39
29
85
59
29.9
165
89
159
129
83
15
49
119.9
9.9
79
39
59
69
99
99
29.9
29
99
45
13
19
19
25
29
49
85
39
49
99
129
75
69
59
29
119
99
119
59
59
59
20
139
169
49
79
119
15
59
19
159
69
59
79
179
59
39
8
49
39
119
39
69
29
25
159
39
29
24.9
35
49
29.9
49
89
99
15
49
69
25
99
119
19
29
49
359
168
29.9
59
79
19
39
99
39
79
55
20
49
12
39
19
29
45.5
59
29
79
69
15
59
89
25
199
248
29
29
79
59.9
199
77
39
99
59
129
129
49
39
99
27
308
69
29
39
39
79
9
59
9
25
15
27
49
89
49
69
99
35
149
199
79
39
2
39
29
19
39
9
49
19
125
19.899999999999999
159
199
4
79
25
76
89
18
39
49
79
29
109
29
19
29
22
151
139
69
25
49
88
79
129
59
15
69
109
15
95
19
29
18
15
33
29
119
109
109
39
39
39
9
4
249
99
179
59
35
89
29
39
19
25
22
79
79
29
175
199
79
9
65
69
29
15
39
9
39
1
59
39
59
7
359
59
99
85
59.9
2.5
79
69
29
49
39
49
19
21
89
5
39
59
169
49
39
59
129
99
39
83
19.899999999999999
149
29
21
39
59
19
79
99
139
29
29
39
79
35
49
429
69
259
159
127
119
259
199
79
29
79
45
29
69
159
21
29.9
29
98
79
189
69
39
29
59
55
49
19
29
79
99
49
145
199
59
29
49
29
59
39
85
219
69
79
89
99
99
29
99
15
39
35
39
59
99
29
36
59
219
5.5
29
45
119
39
20
69
68
35
39
35
79
49
69
199
47
239
35
89
29
99
99
159
9
69
29
65
88
399
119
19
129
22
69
29
79
89
69
99
19.899999999999999
99
25
65
49
11
39
59.9
99
49
195
99
89
14.9
49
299
49
69
12
23
49
89
25
49
75
50
39
149
219
99
55
29
21
39
39
79
69
11
59
49
79
29
65
3
39
49
69
25
69
89
15
105
65
49
89
49
169
169
129
29
199
39
42
29
148
59
35
238
35
22
69
9.9
96
39
15
259
69
59
15
79
59
5
59
139
49
89
49
69
35
59
249
39
39
45
29
15
29
19.899999999999999
49
40
359
39
19
119
16
165
239
159
59
89
139
99
19
65
49
12
29
19
9
159
109
19
85
149
159
69
95
69
29
29
99
79
169
45
19
14
59
36
19
129
23
19
29.9
129
29
39
49
23
138
169
69
29
49
19
89
75
55
19
298
19
59
49
145
29
199
79
13
38
3
199
49
39
39
69
59
39
29
29
19.899999999999999
89
95
99
19
39
105
59
29
2
19
6
59
39
129
59
19
11
29
35
79
11
89
9
9
7
89
49
39
39
29
17
9
59
199
259
39
23
15
29
29
45
6
15
45
89
39
19
22
45
69
81.5
99
89
119
35
99
99
39
19
99
25
69
188
99
17
19
23
59
125
89
69
49
15
29
69
59
19
39
129
39
59
39
49
279
88
35
69
99
129
179
69
79
99
39
29
19.899999999999999
29
29.9
49
49
55
29
9
45
39
29
99
39
35
119
49
29
39
49
35
45
59
39
29
59.9
5
19
49
109
299
13
39
69
39
27
19
79
39
109
23
119
22
49
199
109
22
69
39
49
19
55
15
55
43
45
79
299
55
159
59
55
199
99
10
55
59
35
20
39
33
39
25
29
12.8
9
69
19.8
35
29
59
69
28
25
99
29.9
55
98
69
59
119
4
33
49
13
69
79
39
55
59
68
99
59
19
39
59
69
45
5
59
22
119
39
29
139
39
39
21
69
19
49
19
13
49
68
45
29.9
49
59
11
35
39
79
58
39
49.9
79
19
29
69
19
29
88
69
49
159
29
15
118
79
59
79
84
99
129
89
29
25
39.9
49
45
49
29
65
25
119
6
49.9
99
69
199
22
99
69
79
119
128
109
49
43
27
159
17
79
98
49
39
75
39
15
55
180
39
25
65
49
69
139
19
89
79
39
79
39
7
35
180
89
29
69
79
35
31
19
29
29
19
39
139
39
199
279
19
29.9
59
99
59
25
99
15
39
39
25
29
50
59
39
19
59
59
119
59
89
119
99
119
6
55
35
45
29
99
69
59
59
39
9
69
289
39
29
99
19
199
49
19
19
59
3
49
99
99
29
69
29
45
279
49.9
39
29.9
29
59
285
39
459
229
19
39
195
22
9.9
89
99
69
9
22
99
19
29
15
19
49
19
39
99
69
39
29
39
11
129
59
69
59
25
79
19
99
15
69
159
139
19
59
15
49
39
15
89
19
188
39
25
149
129
89
21
79
69
19
49
19
109
79
29
29
39
29
39
44
49
39
49
149
65
10
179
39
39
29
90
29
59
39
49
55
99
59
59
19
35
39
59
39
29
145
79
21
29
39
79
219
139
99
119
167
4.5
59
15
108
29
23
39
299
9
29
39
29
25
179
159
139
79
35
49
109
3
25
49
59
39
59
19
139
13.9
279
59
29
29
39
60
119
25
69
17
29
159
49
59
29
29
89
39
59
89
13
69
129
39
49
29
19
99
19
29
85
49
58
90
55.8
39
29
2.5
88
15
29.9
19
59
39
49
23
69
19
119
128
49
259
60
35
29
29
189
9
59
39
19.899999999999999
39
49
89
9
89
32
35
75
39
65
69
29.9
29
29
29
299
98
69
29
89
49
29
59
99
189
19
59
39
29
99
99
33
49
19
29
138
29
29
85
55
49
189
29
69
139
69
59
29
49
49
25
19
25
79
99
49
29
19
99
149
49
39
49
99
19
59
45
49
49
29
79
69
19
29
69
29
20
129
59
15
79
159
39
89
99
139
39
75
39
49
19
199
85
69
19
128
17
49
29
15
49
35
29
29
105
88
9
49
49
29
159
39
99
249
5
29
19
99
289
99
718
5
59
59
199
19
59
19
29
99
69
29
29
94
59
29
89
49
19
59
239
7
59
159
179
49
39
19
49
69
69
49
59
69
25
9.9
109
69
99
49
35
69
89
49
108
149
23
21
220
28
129
19.899999999999999
119
19
19
49
115
59.9
199
39
99
85
79
19
39
85
5
135
29
19
109
25
29
29
10
79
79
59
39
19
15
49
99
29.9
29
99
19
69
69
29
129
69
19
49
29
23
29
39
29
29
89
88
159
49
109
99
49
25
19
4
7
59
39
59
55
39
139
49
79
89
25
179
99
59
49
69
65
15
29
269
19
29
259
109
85
29
159
29
89
129
119
11
149
19
39
12
69
39
179
65
189
59
79
185
29
75
158
19
49
29
89
19
49
29
49
128
29
15
59
49
3.9
59
59
47
39
149
9
25
119
59
99
59
45
89
49
125
99
68
139
19
49
35
11
59
29.9
19
359
69
199
228
3.5
29
49
49
79
159
15
49
19
13
49
29
159
7
39
69
79
118
29
49
119
79
65
119
39
85
99
49
49
55
79
69
59
39
9
39
17
9
19
59
99
22
17
199
65
120
29
79
39
99
19
29
98
69
45
479
49
49
25
6
105
29
19
49
79
59
39
27
79
149
19.899999999999999
49
39
29
79
39
59.9
99
12
59
39
35
9.9
49
29
29
39
55
149
29
29.9
409
149
49
25
99
29
29
69
19
17
69
39
19
19
129
19
99
89
9
139
79
29
49
119
159
718
248
19
29
2
49
59
29
12
69
49
29
189
69
85
69
59
9
198
39
319
79
49
69
59
39
179
188
39
29
7.9
19.899999999999999
49
69
29
89
50
99
55
39
59
69
29
29
19
39
5
79
21
120
39
29
29
55
159
19
19
39
29
169
129
99
99
19
129
32
22
29
99
22
49
99
49.9
69
39
15
49
29
12
119
19.899999999999999
159
39
69
25
19
42
69
139
69
69
19
79
59
99
29
45
29
79
39
99
25
99
279
39
75
35
89
159
29
29
49
75
199
15
15
99
29.9
29
19
15
25
11
39
99
69
49
54
49
7
59
29
159
29
175
78
29
65
79
39
19
5
39
29.9
11
59
98
69
165
99
55
49
19
19
15
49
39
119
79
119
19
59
29.9
49
199
109
139
33
11
49
19
39
55
15
95
9
49
59
99
119
99
159
129
25
69
25
4
69
89
199
69
65
39
59
15
65
25
69
69
75
109
49
29
179
79
259
29
29
3
69
4
59
138
13
15
39
49
115
29.9
49
139
19
119
39
99
9
39
35
39
99
109
89
15
99
249
68
15
39
29
39
79
69
8
39
79
49
22
79
65
15
19
99.9
79
149
59
29
79
119
59
16
29
19.899999999999999
39
13
199
29
5
29
139
49
19
29
139
59.9
69
19.899999999999999
55
25
33.5
6
269
69
139
79
29
99
35
15
89
29
22
15
29
39
5
39
99
29
159
19
3.5
69
29
169
29
79
99
99
109
359
149
29
79
49
25
89
29
15
69
25
99
29
29.9
89
65
29
39
11
9
88
29
99
59
99
29
39
17
23
19
75
49
19
39
19
9
39
59
29
69
19
9
17
59
29
29
49
49
19
22
69
85
199
159
239
158
49
98
59
99
69
80
75
29
19
39
23
69
169
49
29
10
59
29.9
149
29
159
29
39
79
15
119
59
39
299
55
49
29
49
29
45
69
99
49
19
145
119
49
7
16
89
29
17
59
39
19
99
89
290
69
29
89
89
65
159
25
19
29
89
89
39
59
169
49.9
39
139
19
13
12
109
69
19
29
149
49
39
65
39
25
49
39
19
99
29
199
39
49
13
129
119
22
25
139
49
119
19
399
39
29
79
25
29
88
38
59
159
119
69
119
32
79
72
5.9
39
19
19.899999999999999
22
13
59
69
59
159
99
9
25
59
15
69
49
3
23
69
13
49
69
128
9
59
33
59
90
79
169
29
69
13
99
126
19
23
69
29
18
89
13
8
27
25
29
15
29.9
89
59
39
69
95
35
65
95
15
39
69
19
189
59
65
69
9
59
19
69
29
49
59
35
199
159
49
79
29
59
75
159
199
85
69
59
29
59
159
3
49
23
169
39
279
19
158
49
29
29
35
89
139
39
49
69
55
59
42
6
29
39
29
39
39
19
229
23
119
139
89
39
49
119
11
45
79
49
39
159
29
265
13
99
9
59
29
59
42
39
49
11.9
199
99
29
13
79
49
99
29
39
85
129
39
9
19
109
279
89
35
59
55
29
19
65
75
39
99
15
69
29
189
19
9
69
39
119
85
29
29
99
99
59
29
79
29
49
39
45
29
45
69
49
89
39
59
299
49
29
39
99
28
39
39
15
89
99
15
59
79
99
99
99
34
25
49
19
19
25
69
59
49
69
9
49
49
49
15
39
10
22
9
79
59.9
69
29
3
39
39
89
69
39
99
22
199
49
9
49
39
79
65
49
49
49
59
89
39
159
79
59
12
39
49
15
189
17
200
59
99
99
35
19
15
65
159
99
69
39
29
49
15
29
65
25
75
99
45
59
219
29
49
49
29
69
69
22
65
19.899999999999999
9
29
19
99
79
49
39
7
199
79
19
34.9
29
39
12
99
39
50
39.9
109
4
19
29
49
59
158
19
89
29
25
19
109
35
19
49
2
49
35
39
29
29
25
49
58
149
59
29
118
59
35
155
58
69
39
20.8
99
39
39
179
69
89
16
59
29
15
12
59
59
79
79
49
45
7
75
15
12
9
399
58
28
49
79
85
59
55
145
59
19.899999999999999
7
99
29
29
19
45
29
199
9
79
79
25
89
59
88
39
39
119
39
19
169
99
15
99
139
69
49
19
39
55
139
39
59
19
29
288
19.899999999999999
119
9
6
39
15
39
23
69
59
99
29
89
39
299
79
279
7
109
52
59
35
89
49
11
49
35
49
11
22
15
15
35
69
69
19
99
59
29
59
59
199
19
99
59
29
39
65
89
65
75
49
19
99
29
69
89
29
89
79
199
29
15
19
69
119
39
199
99
79
25
79
59
49
39
39
49
19
39
29
139
55
18
55
85
35
10
15
49
119
11
9
47
39
29
39
98
29
49
99
149
21
69
55
59
59
29
19
79
19
24
69
49
59
65
79
299
59
19
139
88
3.9
35
49
69
45
49
19.899999999999999
29
89
20
29
25
15
59
59
25
149
49
139
49
49
65
139
29.9
59
15
49
49
25
79
29
39
59
9
10
6
69
33
99.9
135
69
39
99
15
45
5
139
42
149
88
79
79
108
179
88
35
69
99
59.9
129
69
19
159
39
59
21
49
9
22
59
22
89
85
13
99
29
119
15
5
9
99
19.899999999999999
199
29.9
29
15
89
59
69
19
17
29
79
29
31
299
19
119
79
59
49
129
5.9
49
49
46
19
15
22
59
99
31
19
79
19
79
12
69
99
99
39
29
59
79
29
29
29
89
135
59
29
9
22
55
33
45
59
19
29
9
39
12
45
8
29
39
79
149
39
29
99
79
109
49
259
59
149
39
69
19
89
79
18
39
59
9
39
82
55
47
19
79
119
212
9
29
45
15
105
85
69
158
25
49
29
85
228
49
179
69
99
49
399
15
139
5
128
19
219
89
99
119
165
95
52
17
49
199
49
89
349
19
11
39
69
22
59
29
29
106
178
17
15
15
49
49
29
219
49
59
119
139
19
65
15
129
13
49
129
49
69
49
49
35
39
69
199
69
19
21
22
39
29
19
15
99
35
49
89
35
99
219
39
69
39
88
17
8
138
39
59
128
29
139
25
49
23
29
5
59
19
149
39
79
19
199
3
99
29
49
25
189
29
199
49
49
59
69
55
19
99
99
15
39
179
39
69
24
11
17
49
39
29
29
89
299
79
69
9
19
39
50
39
29
299
99
19
15
99
189
49
149
55
59
219
79
25
27
29
35
59
24.9
59
25
59
89
75
31
69
129
39
89
79
279
15
79
39
19
19
119
99
31
259
65
10
49
29.9
35
69
89
