149
19
15
89
22
185
39
59
9.9
43
39
69
28
22
59
109
59
39
68
35
59
25
99
7
25
39
19
99
59
29
95
9
89
69
19
19
49
69
25
30
79
45
35
69
99
35
159
22
10.5
19
59
49
29
29
47
19.899999999999999
269
19
25
49
15
139
9.9
23
119
13
59
39
158
25
39
49
59
119
75
39
32
29
159
45
359
49
5
29
139
15
29
29
29
99
18
149
99
79
65
239
149
39
15
115
75
49
89
79
19
21
69
25
9
189
99
25
39
59
25
89
199
35
25
79
39
228
139
49
89
89
29
15
109
19
79
19
15
55
219
109
98
35
69
81
79
29
69
79
89
79
45
22
99
99
99
29
98
29.9
22
29
59
19
97
16
39
49
119
16
33
69
79
129
32
29
69
99
41
99
44
35
22
15
139
89
31
19
19
99
29
99
19
25
35
30
59
49
49
59
10
119
29
59
5
79
25
49
25
69
29
99
59
29
59
89
19
89
159
99
229
49
139
579
19
199
18
19
49
25
1.5
49
39
49
39
109
29
125
21
69
299
59
29
55
149
45
19
79
49
49
59
22
8
129
19
39
29
78
29
65
29
30
69
19
69
39
29
29
185
69
69
79
39
79
65
149
55
59
59
69
35
79
119
149
29
39
49
59
79
29
119
149
29
179
91
55
29
59
19
59
35
79
29
189
25
29
39
25
139
99
49
29
6
99
89
109
69
16
169
12
29
179
15
59
69
79
179
19
89
99
19
29
45
79
29
128
99
119
9.9
29
11
199
19
249
49
49
25
17
239
29
49
125
49
59
55
19
11
39
15
99
49
169
49
29
67
89
19
89
18
99
29
169
19
79
89
149
29
69
19
29
55
39
25
39
45
29
39
79
99
39
89
22
169
15
79
49
5
35
59
29
159
35
29
29
15
29
169
128
39
139
35
49
49.9
118
109
49
155
149
19
69
35
99
159
25
99
55
59
3
29
29
79
45
12
29
69
23
38
35
35
65
195
99
88
49
99
59
29.9
55
109
39
89
199
79
59
19
119
29
89
19
45
39
39
24
88
718
329
35
7
179
13.5
269
79
29
59
16
199
59
69
6
169
49
15
99
29
69
15
19
119
49
29
138
49
13
139
99
19
119.9
79
39
29
129
69
49
99
79
79
79
269
119
35
19.899999999999999
19
39
2.5
49
59
16
85
69
22
29
79
169
89
37
99
149
19
69
25
35
139
29
15
49
5
79
49
99
29.9
125
49
39
19
75
55
49
99
89
29
99
89
169
39
139
13
18
69
159
19
65
94
89
3.9
27
5
29
49
299
55
15
89
99
155
84
59
39
149
49
89
5
25
89
129
89
99
29
69
59
299
29
59
19
49
69
49
69
19
99
88
17
49
39
5
25
17
19
69
69
95
79
6
19
75
45
59
166
79
99
9
23
19
169
49
89
69
29.9
29.9
69
19
99
49
59
39
19
99
99
79
175
89
75
59
89
49
3
13
69
39
159
139
79
69
169
29
19
19
139
17
9
109
19
49
49
268
35
99
29
129
16
199
79
29
27
69
8
69
79
79
19
59
49
48
29
49
49
23
36
119
139
299
179
129
99
29
59
29
25
99
89
89
4
109
10
49
19
9
49
79
49
11
79
35
29
79
89
69
99
55
39
29.9
69
59
69
42
49
80
7
25
39
75
21
39
3
9
139
169
109
99
115
49
69
49
49
119
89
35
55
39
9
69
99
25
179
29
119
59
29
39
69
29
89
30
39
79
29
198
129
149
169
13.5
109
25
99
69
69
59
158
229
49
29
500
99
29
15
19
169
109
59
155
45
39
27
115
19
10
99
19
9
139
179
99
69
39
7
39
25
19
19.899999999999999
99
59
19
3
2.5
25
49
39
29
29
65
30
19
59
5
79
50
69
79
15
15
68
19
89
79
7
59
39
19
109
15
39
40
88
68
25
69
419
59
75
47
9
9
99
39
29
39
25
29.9
69
59
29
59
21
39
76
79
11
29
59
31
79
49
109
39
49
79
109
5
39
49
9.9
19.899999999999999
19
129
13
149
39
79
79
49
55
118
19
65
99
59
99
29
29.9
12
49
39
29
135
69
29
69
19
25
329
89
13
15
19.899999999999999
39
45
19
55
29
69
69
39
39
29
35
27
29
29
29
19
149
69
89
29
69
59
79
19
93
159
13
39
25
3.5
39
39
10
69
79
19.899999999999999
69
29
169
11
29
159
69
89
18
25
279
35
29
29.9
49
49
29
89
59
119
49
9
95
59
29
69
180
278
19
29.9
99
145
5
55
69
65
69
35
38
119
13
169
30
39
12
29
39
19
39
10
39
29
29
129
49
49
12
218
59
9
25
129
159
89
69
39
29
69
45
21
88
259
79
49
49
69
89
299
59
199
6
39
188
15
21
19
129
25
18
99
29
89
199
140
148
39
99
49
59
189
29
39
85
99
15
49
79
12
179
139
15
99
39
115
49
59
108
129
49
399
79
19
99.9
55
39
119
29
69
7
59
65
6
49
15
88
79
39
15
9.9
3
199
99
279
75
29
19
79
69
119
79
69
93
49
299
389
4.5
69
59
4.5
6
25
85
149
59
25
30
99
55
25
199
69
21
18
19.899999999999999
168
9
79
49
25
35
34
69
59
59
28
29
99
29
69.5
12
58
6
26
59
99
89
149
99
89
149
49
45
39
39
19
35
129
99
59
69
89
49
278
35
158
65
39.9
49
109
99
7
168
19
29
19
13
59
45
179
22
39
31
159
19
99
29.9
99
69
49
149
29
15.3
99
59
25
89
69
129
99
69
139
219
33
69
4455
49
99
29
29
45
15
89
189
49
75
500
149
49
29
119
69
25
14
39
99
29
79
69
79
69
500
89
79
55
6
199
169
16
149
49
159
35
39
49
39
25
29
49
49
59
19
39
138
49
25
29
199
19
49
59
79
85
99
39
19
59
13
39
99
79
240
89
99
29
34
39
129
27
19
79
29
89
49
25
69
74
79
89
89
199
29
39
159
458
24
239
89
19
19
139
9
99
29
39
89
17.5
59
39
20
69
49
29
159
59
99
138
29
29
87
49
139
59
39
89
29
49
99
11
59
89
9
23
69
79
49
99
79
89
19
79
199
128
49
218
109
39
69
49
13
19
49
59
19
39
79
85
29
239
29
79
169
69
69
55
79
59
35
35
29.9
39
39
60
25
29
159
39
69
69
35
89
49
69
119
65
69
19
19
115
16
9
149
169
7
35
149
19
269
14
89
19
99
19
99
99
25
39
15
49
159
119
29
59
27
59
25
39
11
19
49
69
19
19
25
39
99
69
99
49
49
49
12
3
99
49
299
79
99
29
16
109
15
99
99
199
35
39
49
29
35
22
69
89
19
4
11
70
99
599
69
65
70
79
49
29
79
6
14
49
99
9
39
29
19
69
65
55
3.9
89
19
15
129
13
39
39
15
29
69
11
129
49
35
29
149
39
99
39.9
29
79
79
29
59
15
12
17.5
79
19.899999999999999
15
59
29
49
199
15
6
69
79
115
21
29
49
7
49
59
24.9
89
11
10.5
99
29
119
75
159
15
45
29
169
15
169
79
89
89
99
99
49
99
45
45
159
39
15
21
49
17
6
119
19
29
19
19
159
25
29
59
49
99
69
48
59
35
69
59
32
69
19
89
99
69
229
39
15
119
8.9
119
39
49
31
15
19
139
49
109
199
139
119
49
49
89
299
158
49
118
79
49
79
9
49
199
69
139
65
29
99
119
19
15
62
29
299
29
69
13
159
6
35
39.9
3
119
69
39
12
49
22
19
19
55
6
59
11
499
15
49
39
29.9
59
89
35
59
9
19
89
19
15
79
39
75
149
19.899999999999999
19
98
149
159
39
19
19
21
59
149
109
19
21
25
89
29
21
19
19.899999999999999
59
25
29
89
259
29
5.9
199
29
59
85
29
20
185
169
95
22
149
79
69
139
29
99
29
10
22
119
45
45
79
69
6
29
29
199
99
55
6
89
199
29
88
59
20
83
79
59
99
45
65
65
29
29
185
89
149
99
15
19
15
19
179
32
175
79
29
15
69
49
5
99
79
89
19
25
89
15
299
69
69
49
12
49
35
45
79
49
169
85
29
9
19
49
199
29
15
39
79
19
29
9
19
49
79
49
89
59
19
29
109
16
39
49
19
139
89
69
25
15
59
49
49
99
55
15
59
29
69
59
79
109
13
19
29
89
15
49
39
99
11
89
59
69
29
99
25
5
79
29
53
29
800
29
99
59
49
9
22
139
59
19
38
15
129
119.9
119
76
128
16
89
139
59
59
89
39
69
12
39
29.9
19
59
145
59
69
85
109
19
69
189
59
99
158
119
29
139
129
45
89
29
179
39
99
119
59
59
29
9
79
59
59
6
29
79
19
29
59
69
39
95
75
19
55
39
89
19
99
35
89
35
19
22
19
119
76
89
39
29
39
39
59
19
16
59
199
59
9
29
13
35
108
99
59
49
139
49
119
49
39.9
22
19
65
39
99
49
49
39
149
65
69
199
49
89
29
179
39
25
99
4.5
19.899999999999999
109
9
29
55
19
59
69
29
29
89
25
79
59
359
12
89
65
145
1.5
39
149
29
139
79
13
20
25
99
39
69
139
79
88
5.9
109
39
19
22
39
99
121
49
45
58
45
29
19
99
49
79
35
19
59
59
65
99
169
155
2
49
29
39
25
19
35
159
79
22
35
79
39
279
159
15
139
29
39
89
39
129
189
17
29
99
49
29.9
129
29.9
89
55
29
29
69
49
30
59
129
99
39
79
29
139
5
148
99
289
159
69
29
55
35
79
79
59
19
255
19
39
29
39
119
159
15
179
69
59
39
17
19
85
79
29.9
29
199
25
79
19
25
49
19
59
69
69
15
19
7
8
199
179
49
49
39
169
29
99
19
59
99
35
126
298
19
49
19
17
19
35
15
34
9.9
99
59
69
19
39
59
55
889
69
39
19.899999999999999
45
39
45
29
79
119
99
85
199
39
88
59
39
29
25
39
59
49
168
20
19
19
39
59
35
49
19.899999999999999
26
39
65
19
59
49
79
39
5
29
29
89
69
49
35
99
39
49
49
99
9
49
195
139
59
49
39
69
19
69
23
59
159
39
19
25
69
79
15
49
35
199
39
79
119
49
79
15
99
49
9
39
19.899999999999999
29
119
11
139
59
11
35
25
19
59
19
29
29
25
59
105
45
25
7
99
11
159
39
39
89
19
99
39
49
45
19
59
119
25
35
65
99
59
179
79
99
70
29
69
55
29.9
119
29
39
89
35
139
35
139
79
69
50
39
49
29
35
239
99
148
49
99
39
29
29
21
59
69
39
35
19
39.9
59
29
99
19
149
299
15
89
199
29
428
99
59
17
169
59
5
19
99
13
39
9
9
109
16
59
9
69
23
65
6
9
79
199
39
59
29
69
85
75
39
49.9
49
99
79
35
49
39
96
39
79
29.9
89
19
39
99
29
29
39
29.9
79
119
19
59
19
10
59
59
79
19
19
29
69
59
48
65
49
15
29.5
39
99
99
168
69
99
29
19
39
89
49
9
65
39
78
59
45
99
29
99
39
29
29
8
69
10
19
119
19
59
49
39
49
45
39.9
109
179
99
55
45
99
69
21
29
35
19
49
49
9
119
19
159
19
39
99
259
89
19
25
20
125
39
29
37
19
15
19
9
39
39
69
69
98
99
49
35
29
59
39
49
29
49
39
88
69
39
99
69
1.9
99
69
59
69
198
49
29.9
25
39
55
49
79
169
25
11
59
59
89
39
69
29
79
5
9
19
79
29
19
49
29
69
49
19
59
9
69
21
29
58
195
79
9
49.9
19
13
69
29
118
88
35
10
39
98
15
25
128
279
69
69
39
89
25
12
19
29
15
35
279
79
2.5
69
49
85
6
39
55
59
49
65
5
19
89
35
35
109
89
45
15
39
49
15
55
65
79
39
39
59
119
65
119
59
49
49
29
69
89
39
579
69
39
59
99
29
99
49
79
49
59
49
99
10
21
179
49
39
39
39
99
29.9
79
159
138
95
29
49
29
1.9
29
29
259
69
26
179
99
248
45
29.9
15
39
99
99
699
25
35
2.5
15
29.9
69
29
68
90
99
39
26
9
19
89
15
105
29
199
79
99
17
59
49
55
19
69
155
19
149
39
199
139
79
59
7
25
99
79
39
29
269
49
179
10
45
49.9
29
35
99
29
25
59
89
39
23
45
9
12
59
69
19
99
79
119
29
89
15
179
29
19
55
18
39
59
19
99
89
39
15
49
9
32
139
119
73
9
9
49
13
89
19
55
29
68
139
29
69
189
15
29
229
59
29
39
59
139
19
29
10
59
79
59
65
49
75
8
25.9
129
99
79
39
29
149
29
9.9
295
10
39
35
39.9
3
49
19
49
69
69
25
7
88
59
39
29
19
69
55
59
39
99
35
225
188
35
75
19
49
69
129
19
35
329
69
227
85
25
29
19
29
59
119
69
39
75
49
39
25
65
268
79
75
69
22
199
49
29
49
39
89
29
29
35
69.900000000000006
79
29
55
25
39
55
29
6
79
59
119.9
22
29
2.5
59
139
39
85
25
39
2
79
75
49
99
59
69
29
19.899999999999999
29
49
99
27
79
19
379
49
65
69
35
45
188
39
39
63
49
15
119
579
19
19
35
49
99
19
29
99
35
89
69
59
6
99
17
49
69
5
19
19
179
15
49
90
59
29
9
3
49
11
5
159
800
29
69
49.9
79
59
65
149
99
9
99
259
29
199
59
49
79
35
45
19
99
6
89
39
99
49
39
13
69
79
3.9
99
19
69
279
119
29
99
39
65
69
35
29
29
69
57
89
29
89
49
95
19
25
89
22
23
59
69
119
89
69
69
25
59
19
49
39
119
39
99
49
49
119
6
98
99
800
39
49
25
18
89
49
29.9
19
89
49
39
19
52
139
19
79
69
69
99
19
29
25
49
99
59
349
15
99
99
149
119
69
39
49
39
45
25
1.9
39
49
39
29
199
30
129
149
29
49
49
65
29
59
49
248
29
39
39
79
49
49
79
79
119
39
182
35
85
49
39.9
39
69
15
49
59
39
59
9.9
15
59
139
19
35
49
149
399
79
128
49
39
15
69
65
119
49
399
35
11
29
29
599
69
21
29
13
29
169
23
99
13.9
49
59
19.899999999999999
13
19
125
29
69
59
95
99
29
39
17
49
129
12
59
29
69
49
129
29
89
79
35
49
139
49
195
45
95
39
39
69
20
148
29
39
29
39
139
119
39
43
59
199
49
19
39
59.9
99
45
29
99
49.9
20
49
55
69
15
69
69
99
27
29
39
59
19
89
59
119
99
49
39
19
99
19
49
238
108
39
29
29
99
59
129
35
29
195
128
155
11
6
59
69
29
29
109
29
69
69
199
49
30
119
59
98
19
11
79
78
69
39
179
219
49
79
35
69
69
42
109
69
19
149
29
36
19
49
109
39
49
18
45
139
49
89
20
229
49
15
19
89
39
35
29
19
79
79
29.9
99
59
69
198
99
99
8
45
59
49
29
19
718
99
31
99
39
139
69
49
15
139
79
29
4
39
35
29
99
39
129
39
89
59
25
149
79
83
39
39
35
119
69
129
39
109
42
49
339
39
35
22
39
45
69
39
24
55
89
25
99
29
98
89
69
29
29
22
39
49
129
149
69
99
19
29
239
13
29
79
149
99
1.5
49
39
109
69
69
166
49
39.9
59
25
7
98
99
45
19
39
139
99
69
19
19
23
12
4
79
12
89
49
3
39
159
99
59
59
39
29
19
19
85
159
89
49
79
39
15
59
29
17
15
45
129
79
199
69
139
25
10
24
399
49
5
29
39
199
59
119
39
89
29
311
129
59
19
39
29
19
35
49
79
29
99
19
18
79
59
6
25
49
69
79
65
69
79
99
9
29
128
15
49
159
46
149
109
21
15
149
59
89
21
19
89
59
22
139
39
29
59
69
25
83
29
2.5
39
39
49
159
99
99
119
22
49
49
75
29.9
79
28
25
22
69
69
89
398
21
19
59
99
59
25
25
25
45
128
69
49
15
49
3.5
15
5
5
29
39
45
49
59
39
79
69
39
32
39
109
99
3
188
95
49
29.9
65
15
49
75
19
15
199
35
88
29
79
39
29
99
59
128
69
39
22
45
35
29
39
89
35
65
139
9
27
89
37
69
49
49
99
19
69
39
179
55
9
25
99
149
19
79
22
29
15
19
35
129
19
79
59
289
49
65
99
25
99
99
39
59
29
339
29
22
3
39
69
49
49
19
6
29
119
139
99
45
29
79
29.9
69
19
19
99
5
79
39
19
15
99
20.8
39
20
99
99
12
29
6
65
59
59
49
19
13.5
79
29
149
229
149
79
159
25
149
12
59.9
49
79
19
5
129
19
45
19
29
29
49
85
219
359
29
99
39
55
149
199
19
29
99
9
109
49
35
19.899999999999999
25
9
39
59
39
69
99
19
17.5
45
59
4
19.899999999999999
109
39
79
49
49
29
19
139
99
19
139
19
35
25
99
109
39
29
199
29
139
59
69
21
219
119
49
29
45.5
79
59
9
35
119
29
55
59
39
25
29
19
39
49
159
79
99
85
167
179
89
39
39
69
49
45
49
69
149
25
49
239
49
45
128
39
89
21
59
129
59
75
49
49
95
49
139
59
75
75
17
55
59
159
19
29
49
119
59
20
69
139
19
29
49
6
29
35
85
99
149
99
160
39
59
29
69
198
109
109
129
79
29
119
49
25
45
19
25
29
39
15
59
29
8
75
129
59
19
39
83
11
29
49
29.9
49
39
69
65
99
45
79
39
15
149
148
79
109
29.9
119
69
19
99
21
59
279
49.5
19
49
29
99
69
99
85
39
22
89
59
69
39
119
19
59
79
69
69
9
119
12
89
31
69
19
135
99
59
78
39
59
79
30
49
29
79
69
149
49
69
19
69
79
79
119
49
49
99
39
27
59
99
13
89
89
19
179
49
69
55
29
25
29
89
65
55
19
39
83
50
39
7
39
59
59
19
10.5
49
69
79
19
71
19
19
69
49
89
109
75
45
69
99
79
25
12
49
48
129
119
45
31
29
179
29
59
128
59
29
59
75
39
49
139
11
29
99
59
75
99
29
69
13
15
15
49
35
59
39
165
7
29
59
19
55
199
13.9
199
29
9
13
99
129
13
109
189
29
15
29
45
129
3
279
59
8
59
29
59
59
29.9
150
49
78
219
85
115
179
159
29
85
29
25
59
29
99.9
159
29
149
59
69
219
69
79
9
39
31
79
59
85
39
29
79
75
59
89
29
19
1.9
25
128
8
9
69
159
3
39
39
89
35
25
79
119
49
149
49
29
21
49
3
99
55
39
119
58
99
99
69
15
45
15.9
55
99
119
69
13
45
29
115
89
123
128
69
29
98
6
16
39
39
49
99
79
39
9
159
59
99
139
79
29
107
119
79
89
59
59
119
159
39
79
9
39
79
29
39
99
399
259
99
65
99
99
99
11
39
79
19
79
199
39
5
33
49
149
49
29
23
59
5
7
49
109
49
19
9
119
109
159
69
249
126
49
75
39
15
35
105
55
229
69
49
69
69
59
20
25
219
59
99
169
49
29
29
7
29
45
29
19
15
79
69
39
19
59
87
22
85
59.9
29
22
29
69
55
25
19
49
89
27
179
75
15
25
89
29
279
69
16
65
179
59
79
125
59
29
159
69
279
85
69
49
9
55
59
59
8
2
29
389
29
29
15
11
7
69.900000000000006
69
119
59
19
21
99
59
19
19
89
119
45
23
89
22
29
99
27
89
69
59
19
79
29
119
69
49.9
12
17.5
19
39
49
15
49
139
19
55
59
25
29
39
79
25
35
89
89
149
99
89
29
19
39
39
39
29
35
79
69
39
59
11
49
159
96
29
99
8
125
33
159
149
49
15
29
188
29
39
49
215
39
280
11
79
35
65
119
149
15
49
39
59
129
96
219
39
89
19
9
12
39
99
49
99
9
29
169
39
99
99
39
258
29
89
45
79
69
45
49
125
49
29
29
109
29
39
99
19
59
29
39
159
73
49
59
59
199
25
99.9
69
99
149
129
39
9
99
29
59
99
19
14.9
59
69
59
69
149
79
49
25
39
69
19
15.5
49
89
29
269
11
49
39
75
29
65
65
69
8
45
99
7
57
11
9
198
159
49
29
35
19
95
59
35
79
29
79
99
259
15
99
29
55
159
29
69
129
39
19
500
9
109
29
1.5
69
9
39
39
65
49
29
55
99
49
39
39
99
10
12
49
19
39
89
59
99
79
15
9
49
49
99
12
79
99
159
19
79
4
22
79
139
27
119
109
39
39.9
90
48
17
55
49.9
59
109
49
69
59.9
39
99
49
19
49
49
139
39
19
18
45
25
45
39
49
5
25
19
29
32
399
128
59
45
19
99
160
13
5
5
15
49
189
199
35
29.9
59
99
35
49
3.5
29
39
99
69
19
49
11
19
99
239
79
35
89
39
29
39
119
19
69
9
58
68
49
69
49
9
19
39
89
39
99
79
65
19
15
49
39
9
89
39
49
158
29
99
29
35
6
59
89
69
168
22
59
21
109
7
39
29
35
99
1.5
149
15
75
39
35
19
19
39
5
13
59
89
29
99
299
39
59
99
56
29
19
45
115
29
29
4
59
19
29
69
69
12
149
39
59
99
69
22
49
49
29
99
29
9
199
259
49
1.5
29
19
29
65
49
99
105
59
79
59
25
49
39
49
39
19
59
139
49
79
89
59
39
49
15
19
49
125
69
39
29
109
44
59
89
19
78
19
230
79
99
49
59
59
29
79
13
69
29
8
59
13
139
49
29
99
45
49
39
39
35
69
6
39
219
38
39
59
25
99
69
79
99
105
29
89
49
59
69
19
99
12
99
29
29
49
99
89
39
59
39
39
79
27
139
79
75
69
59
49
159
9.9
199
19
99
29
59
69
22
15
39
13
49
15
23
79
75
49
69
39
39
75
158
59
11
139
49
29
7
19
29.9
219
10
65
229
98
39
39
119
39
4.5
139
69
139
19
59
29
39
49
157
99
39
189
159
278
89
29
59
99
15
27
45
19
259
99
29
11
13
19
25
99
200
49
55
79
269
39
29
159
69
9
278
4
179
49
49
15
22
15
19
59
185
169
69
19
259
69
119
199
79
149
