99
22
29
59
23
19
139
189
39
39
89
75
89
359
199
89
29
79
119
15
37
19
5
79
129
239
19
15
99
69
89
39
39
239
9.9
69
15
27
99
18
59
59
79
42
59
59
29
59
79
49
13
29
9
3
159
5
69
69
9
29
29
69
39.9
199
59
49
69
119
149
29
99
29
39
3.9
268
7
89
119
59
49
49
39
129
16
29
89
89
119
119
88
149
59
29
69
119
49
99
29
79
99
19
29
39
139
15
29
59
49
79
69
59
39
55
49
169
59
39
181
35
48
98
55
39
79
79
79
89
19
12
49
33
39
15
19
69
59
39.9
29
209
9
128
139
69
109
19
149
299
3
39
79
165
179
19
49
159
99
200
4
45
89
198
49
29
79
39
29
29
199
63
39
21
149
46
11
59
39
49
119
29
59
29
4.5
39
29
89
45
19
199
119
79
49
49
25
125
19
59
49
19
65
199
29
89
89
39
19
15
49
39
29
49
19
29
11
69
25
7
119
29
5
199
39
29
29.9
19
39
99
39
59
99
29
5
17
89
59
19
49
119
89
25
5
155
99
39
39
85
229
39
49
25
59
159
119
2.5
7
49
35
89
79
22
25
29
99
79
69
69
59
29
29
49
69
7.9
19
27
53
39
29.9
4
69
69
199
39
75
65
45
55
29
19
59
99
29
59
19.899999999999999
99
9
89
50
59
199
89
69
29
9
15
13
19
169
10.9
49
238
99
29
199
168
85
99
39
50
19
25
99
49
179
489
49
69
39
9
19
69
98
169
39.9
59
99
59
99
149
19
29
69
29
49
29
29
59
149
99
49
59
19
25
109
79
45
39
25
159
99
159
19
79
139
35
79
22
99
89
5
29.9
99
49
49
99
29
3
179
29
19
119
45
13
129
148
18
39
49.9
99
15
19
219
6
139
20
7
9
31
39
29
88
35
19
19
88
75
19
23
69
39
179
69
45
139
19
11
219
35
79
49
99
59
79
99
189
39
25
69
49
79
6
39
69
59
29
179
99
198
95
109
22
19
29
39
49
145
99
18
19
39
59
11
89
179
35
379
13
240
29
79
15
59
199
89
15
45
85
128
29
35
99
29
9
59
29
89
29
39
88
49
99
129
79
99
15
79
139
22
49
13
79
19
29
79
19
59
69
139
199
128
129
89
59
39
49
79
149
79
49
29
35
9.9
49
5
49
139
79
99
39
49
49
59
39
19
49
19
49
118
69
49
29
125
139
119
149
65
9
6
45
19
35
99
99
279
49
158
59
95
149
26
29
69
59
49
59
69
39
49
59
55
39
69
140
69
18
49
79
89
49
79
29
109
99
49
159
89
39
19
39
219
75
39
8
15
39
19
39
15
25
59
35
29.9
289
39
149
39
65
17
4.5
99
49
69
15
89
69
89
29
69
79
59
179
99
139
49
29
89
49
3
79
119
25
29
159
39
79
25
29
11
65
29
65
85
19
79
139
59
69
99
129
99
79
29
39
159
99
129
39
99
79
49
69
79
43
35
59
158
29
29
49
29
33
25
29
99
29
45
29
19
69
19
199
79
7
19
269
29
119
19
29
39
59
49
6
55
59
29
29
39
89
49
35
199
39
119
69
29
99
6
139
19
9
19
195
19.899999999999999
85
89
39
29
9
29
65
99
15
299
89
49
27
49
19.899999999999999
25
69
39
29
59
69
139
40
39
25
39
99
79
9
19
85
65
69
15
79
59
49
19
25
89
29
99
39
69
21
69
25
59
49
29
49
119
29
29
15
49
59
149
91
59
119
25
69
5.9
29
15
15
19
29
75
99
55
43
45
59
79
59
119
149
69
79
20
19
3
500
8
89
79
59
159
129
69
65
59
149
69
59
89
19
4
179
89
3
168
19
29
46.8
29
29
78
39
9
9.9
55
35
99
99
99
139
79
89
20
49
69
79
12
29
69
45
89
99
149
25
49
59
25
99
45
29
139
55
65
49
59
29
89
269
149
29
99
89
1.9
69
69
99
65
39
125
7
179
199
25
69
179
39
8
19
159
39
59
59
17
279
59
29
119
115
58
199
19
199
99
39
29
169
49
169
59
109
79
69
39
288
99
59
29
219
499
19
19
69
279
19
115
19.899999999999999
35
99
11
19
59
25
59
199
29
29
39
29
111
49
15
99
45
25
479
79
99
45
69
29
29
49.9
59
13
115
89
89
19
59
14
59
69
39
119
68
49
79
75
89
98
79
99
69
49
99
29
89
29
49
29
39
18
19
29
199
119
79
185
19
99
199
69
99
268
109
188
149
49
69
49
399
22
79
59
199
79
59
55
39
49
20
19.899999999999999
83
49
69
25
22
139
5
25
99
9
18
49
15
11
59
19
138
59
29
49
115
199
39
29
11
49
59
25
99
15
69
22
149
69
179
139
129
49
55
99
99
58
99
29
89
99
99
59.9
69
23
25
19
65
109
59
69
21
49
49
39
89
99
59
49
139
69
69
79
29
55
49
29
99
39
89
9.9
225
89
49
79
25
49
139
85
69
188
29
19
129
19
45
29
29
49
139
45
49
13
38
59
45
149
45
15
15
19.899999999999999
69
49
49
89
69
29
35
49
69
25
119
129
39
25
39.9
19
29
79
69
79
99
12
29
149
199
19
2.5
39
139
228
126
55
129
25
59
139
59
199
29
69
23
169
189
49
19
79
99
49.9
49
99
39
9
69
119
169
32
15
75
259
148
85
99
39
59
79
32
29
5
15
59
79
15
89
49
59
129
98
29
29
79
139
45
69
15
98
39
22
3.5
11
58
18
39
139
89
39
99
19
25
69
59
59
19.899999999999999
120
79
12
89
25
49
39
29.9
58
25
53
59
149
9
109
128
39
19
139
119
69
119
69
129
29
119
35
39
99
15
129
129
39
99
29
55
69
149
79
49
11
129
39
39
69
39
29
79
88
59
79
49
79
69
89
99
39
39
39
5
199
59
65
15
29
458
239
119
85
49
19
99
39
179
39
19
35
75
35
59
18
29
39
99
45
49
25
19
149
18
99
29
109
25
13
99
25
95
98
59
119
78
59
159
49
59
19
39
45
99
29
35
7
29
45
149
39
39
39
39
20
12
99
69
79
79
39
55
89
65
119
29
45
13
58
49
79
75
89
4.5
19
69
139
28.8
258
65
9
29
55
49
79
169
22
49
99
49
79
119
39
79
99
199
59
59
49
79
99
19
69
39
29
19
79
89
23
29
45
29
59
229
9
39
65
109
39
39
85
39
119
19
119
24
198
32
59
15
25
25
19
69
279
69
159
79
25
268
95
5
99
39
6
39
89
39
19
89
39
49
35
7
35
119
39
79
35
29
129
49
29
99
129
79
219
45.5
149
15
69
49
59
29
39
189
29
69
39
65
59.9
119
29
69
69
19
29
49
119
79
69
49
69
69
59
105
155
59
129
69
199
159
39
39
19
89
23
21
39
149
21
59
119
19
167
59
179
79
55
49
55
39
69
89
35
88
119
119
69
79
69
99
69
79
69
128
99
69
69
52
89
29
49
12
9
69
139
29
79
19
89
158
12
39
49
29
29
35
59
69
119
21
5
39
29
329
9
39
29.9
109
9
19
13
59
1.9
49
4
139
69
39
29
49
99
55
39
39
89
89
49
49
59
49
55
299
29
65
29
29
29
69
29
149
63
93
89
59
59
69
99
9
79
215
11
65
39
19
99
139
39
143
39
69
39
59
35
79
359
99
25
95
59
39
49
49
99
169
109
35
13
99
25
39
99
89
198
81
29
129
45
19
139
39.9
39
15
199
49
45.5
39
198
49
149
79
45
19
39
49
199
89
59
25
45
159
99
49
19
29
99
69
149
29
49
59
89
198
55
19
139
58
35
99
49
58
95
35
39
19
59
9
29
19.8
149
109
19
20
19
25
239
32
69
29
65
35
109
99
69
19
75
109
25
19
19.899999999999999
279
59
9
69
49
4.5
79
4
79
158
89
39
39
22
17
99
179
59
85
59
15
45
39
12
29
39
99
49
39
59
129
59.9
79
79
29
59
49
39
49
49
16
65
39
18
55
29
39
79
158
9
26
9
59
29
5
59
299
59
39
59
99
135
29
25
99
29
199
99
3
159
109
49
69
69
89
119
109
39
29
45
39
25
49
15
89
22
39
23
11
59
89
49
89
85
29
15
149
79
99
19
89
19
79
99
19
88
29
69
99
59
99
139
149
79
59
89
45
22
12
55
55
88
39
129
69
29
39
46.8
39
19
39
15
29
129
29
22
89
89
39
39
59
99
9
89
65
69
29
29
29.9
39.9
89
99
35
39
19
49
69
29
139
259
5
59
19
59
59
9
75
25
39
69
59
135
83.7
19
99
49
89
95
19
17.5
39
29
169
39
89
129
49
65
75
239
39
49
29
99
39
39.9
79
7
99
269
11
25
19
23
10
39
15
58
65
189
69
19.899999999999999
4.5
49
29
39
69
49
79
79
11
22
29
11
29
29
129
109
39
15
39
29
19
26
99
9
22
85
89
49
29.8
49
15
69
65
9
21
199
69
39
11
119
55
15
29
5
29
89
15.9
89
219
39
59
15
19
28
39
105
59
8
49
39
69
29.9
19
39
75
25
139
18
128
19
79
17
58
199
13
29
22
49
92
155
19
69
9
49
99
19
39
179
29
59.9
79
65
39
29
148
35
29.9
139
19
59
22
49
3.9
5
59
119
299
39
59
19
49
15
39
49
99
13
19
59
11
21
29
25
139
12
19
16
19
39
9
7.9
139
29
17
11
75
129
199
99
29
45
49
9
9.9
69
59
299
25
58
115
6
29
29
19
12
49
15
99
119
29
39
109
20
99
169
119
49
19.8
55
49
39
39
39
89
19
29
13
29
49
25
18
55
99
59
29.9
72
49
19
21
159
689
29
89
5
59
55
65
29
59
139
65
99
59
29
129
29
29
39
89
169
49.9
55
19.899999999999999
29
19
29
29
99
25
93
149
85
109
29
99
22
19
49
59
78
29
29
79
69
29
49
25
99
49
29
169
29
12
35
19
99
6
99
57
25
75
49
119
179
99
89
29
39
35
109
179
59
149
12
59
49
59
29.9
109
129
9
29
15
29
85
49
39
19
25
13
59
49
29
2.5
39
39
29
35
39
59
59
46
29
29
17
49
6.5
55
59
139
49
29
19
159
69
29
29
59
25
39
159
135
35
199
59
39
19
35
11
49
99
25
39
19
29
25
19
19
59
89
59
125
19
99
35
29
39
169
168
179
10
49
139
89
79
12
29
39
59
159
39
99
27
12
20
49
15
15
99
49
89
79
15
359
99
35
89
29
89
39
10
19
69
139
139
69
39
69
29
148
75
49
79
38
95
35
29
39
99
19
19
79
119
89
149
49
13
89
27
35
59
88
225
19
129
29
89
49
169
59
99
29
389
19
11
89
199
39
15
30
79
169
29
99
29
39
29
9
39
45
39
99
79
82
29
39
15
25
159
21
79
149
15
45
49
109
59
69
79
29
39
35
11
89
3
59
13
19
119
119
12
15
29
99
49
69
75
59
23
85
29
99
9
15
45
209
79
13
8
19
38
22
55
29
49
75
19
15
69
29
69
19
19
89
69
149
39
72
79
29
29
69
199
69
49
39
17
59
39
75
49
69
89
89
139
69
11
109
99
119
159
25
299
159
129
148
8.9
9
29
119
99
1.5
29
99
55
2.5
29
28
16
149
129
25
79
59
99
29
35
29
99
69
55
95
59
29
29
29
5
29
9
9
19
139
11
49
18
167
99
19
19
19
29
19
79
59
95
159
69
59
18
99
7
79
49
88
135
129
9
19
11
19
49
195
50
168
16
69
17.5
105
35
39.9
49
149
39
158
99
69
39
79
149
2.5
9
39
29
49
75
15
29
39
49
19
29
19
49
399
17
39
99
15
59
69
105
99
39
29
19
99
25
29
15
49
149
29
159
5
29
35
15
19
238
55
99
29.9
128
15
25
69
45
65
89
39
89
129
39
163
35
198
99
59
69
89
99
32
22
29
19
179
69
80
19.899999999999999
59
13
45
9
22
10
23
49
219
99
29
13
199
9
19.899999999999999
319
9.9
99
25
79
34
9
49
49
80
29
79
19
99
99
119
22
48
99
65
339
69
29
89
19
19
17
14
89
59
39
89
49
29
165
9
25
59
39
49
99
22
59
29
19
29
149
55
89
75
11
21
39
89
16
19
149
79
49
29
5
49
109
149
79
39
49
129
22
29
45
49
89
199
29
49
59
99
19
39
19
179
39.9
149
39
29
39
59
99
139
59
99
89
15
69
9
149
138
49
199
89
29
18
99
49
25
59
139
69
9
45
69
39
19
30
56
12
129
119
39
69
39
29
31
29
69
69
39
69
75
19
49
45
59
169
129
19
59
168
139
13
99
5
39.9
199
88
29
3
139
199
129
29
29
29
39
49
49
89
59
35
119
85
89
4
19
35
15
59.9
150
49
39
29
29
49
59
19
45
19
6
25
49
25
29
65
49
65
59
29.9
88
19
119
189
139
128
139
29
29
59
63
139
129
49
49
99
119
69
9
24
109
15
149
49
49
5
39
19
55
99
79
35
9
59
59
45
39
5
39
109
39
89
19
19
15.9
129
22
149
35
19
19
59
189
21
49
29
19
139
19
79
199
15
15
25
29
79
49
109
45
19
55
39
10
19
69
25
25
39
219
29
35
139
29
79
99
8
159
59
19
49
49
99
69
29
27
99
19
3
89
49
15
79
15
69
209
79
25
22
24
89
49
5
65
79
49
19
9
22
169
39
75
39
15
258
49
59
17
5
59
8
59
39
23
11
9
8
19
39
39
59
15
79
25
45
19
15
79
39
39
198
69
59
59
35
159
49
99
99
19
59
24
25
59
39
89
49
159
16
189
69
49
69
35
85
21
59
99
9
149
55
89
12
29
199
39
79
55
99
79
39
69
35
99
59
109
79
69
29
19
69
35
15
45
49
19
29
29
109
89
45
29
25
89
49
29
79
25
15
59
189
29
39
99
39
109
29.5
159
39
189
68
39
89
79
9
69
339
59
29
39
49
39
159
59
25
69
29
39
29
35
19
29
69
159
29
21
148
59
25
29
29
59.9
69
39
69
99
59
198
25
109
79
19
29
29
15
55
59
29
39
129
29
129
269
19.899999999999999
169
29
139
39
49
89
39
75
89
109
99
25
119
39
109
49
39
12
79
49
19
29
39
20
79
88
259
25
249
45
59.9
259
129
149
219
37
29
89
149
59
65
29
11
89
8
29
129
15
29
39
49
9
19
49
59
10
49
19
1.5
12
49
59
29
39
29
39.9
9
89
59
249
21
19
37
49
55
15
35
99
27
19
159
69
15
59
49
49
29
39
199
29
199
98
49
19
69
129
39
59
139
79
139
75
35
75
99
359
25
198
9.9
89
75
45
59
39
59
59
129
99
119
99
59
99
29
299
79
29
165
49
10
19
69
99
39
33
128
39
159
39
49
49
13
99
39
139
6
49
29
12
49
29
35
129
25
19
49
69
49
35
69
169
49
65
75
49
69
159
79
99
22
79
104
69
79
29
19
22
59
59
119
12
99
17
199
45
19
199
81
98
99
39
118
52
99
38
35
19
59
169
299
99
59
29.9
39
59
259
39
7
68
21
99
39
59
99
99
65
49
89
59
139
69
134
49
119
59
39
95
20
49
31
139
279
79
19
68
159
119
159
50
99
29
69
29
109
10
78
159
149
49
239
119
85
9
99
29
49
125
19.8
25
99
69
19
49
42
69
29
39
89
22
79
75
29
29
29
25
49
35
14
35
39
55
199
125
19
169
59
39
79
69
89
45
59
29
99
79
49
109
89
39
49
15
49
149
49
79
29
39
62
11
98
39
78
129
99
148
5
29
19.899999999999999
39
99
39.9
9
29
55
15
99
15
35
59
15
19
99
118
49
29
17
299
39
15
29
149
89
12
15
55
69
15
49
29
49
89
69
105
99
29
119
59
199
19
199
59
39
35
29
128
19
89
79
49
79
29
29
25
99
69
65
69
169
39
199
80
89
45
65
23.8
43
109
19
99
129
89
29
49
69
69
125
49
119
129
49
57
39
6
339
89
99
59
79
59
69
22
289
59
89
139
178
138
149
7
19
279
25
39
29
59
99
59
69
39
29
49
22
49
59
4.5
69
89
29
23
15
89
99
29
39
29
199
29
65
119
69
79
59
49
29
119
129
299
19.899999999999999
59
29
69
79
139
99
15
99
129
39
59
55
19
39
45
7
5
29
69
189
39
13
14
249
125
55
151
69
29
109
39
39
59
39
39
79
5
79
13
299
8
14
23
22
19
89
37
29
79
29
89
149
7
99
459
49
179
15
269
29
109
35
259
90
35
39
69
69
29
159
6
27
69
15
49
199
69
139
39
19
39
89
19
119
29
35
19
79
25
179
12
65
29
89
19
32
99
55
22
99
29
259
12
75
4.5
29
65
39.9
39
19
49
499
99
49
69
19
35
29
239
89
139
159
85
99
119
99
69
149
99
16
9
99
49.9
22
139
39
15
89
29
49
39
14.9
22
69
19
99
419
49
149
29
149
59
79
29
59
29
99
6
99
79
17
59
65
129
39
56
9
119
59
45
39
119
30
19
439
49
49
49
59
49
59
79
79
9
39
99
69
19
69
9
79
49
49
109
29
19
15
85
29
49
29
69
79
49
49
29
29
39
149
29
49
29
59
49
249
139
49
29
15
39
12
29.9
35
69
22
49
119
69
59
11
69
129
119
69
89
65
29
29
15
49
29
35
31
149
59
418
79
55
99
39
15
59
149
49
125
9
9
29.9
45
38
39
79
49
29
299
29
149
25
20
239
29
219
69
47
7
69
8
29
79
119
29
29
59
49
20
29
45
69
29
39
20
158
108
149
29
175
229
69
199
29
59
89
19
99
119
39
59
49
22
59
139
29
29
39
79
8
22
39
29.9
29
19
99
109
119
7
39
379
19.899999999999999
39
15
68
17
29
21
59
69
29
69
5
49
16
39
49
69
79
19
25
39
59
149
11
98
25
29
129
21
39
68
79
49
199
59
13.9
89
29
19
299
99
69
19
8
88
99
19
89
149
15
29
19.8
99
99
35
49
19.899999999999999
69
139
129
22
15
35
39
29.9
39
49
19
99
99
139
3.5
59
49
29
179
139
49
39
179
188
49
29
19
99
49
79
29
29
13.9
59
19
39
79
49
69
69
29
29
159
5
129
11
9
25
219
125
49
39
99
29
19
65
109
79
15
59
99
9
15
159
269
19
39
59
12
13
129
23
52
39
79
69
9
89
15
9
29
59
29
139
89
29
79
65
49
12
59
39
89
219
299
25
59
19
129
39
199
89
29
59
199
159
29
69
58
24
89
5
15
25
169
69
19
12
79
99
4
149
99
155
59
89
22
38
39
38
19
49
158
49
129
279
179
9
59
29
39
29.9
39
29
69
59
79
29
7
19
79
119
149
39
35
45
58
99
279
79
139
139
75
79
79
29
15
79
169
89
15
47
58
49
189
89
39
29.9
135
83
139
55
69
75
159
79
99
79
19
55
59
49
59
99
49
89
49
69
59
119
29
29
89
99
27
15
59
29
22
29
139
55
69
89
59
25
99
45
119
99
69
25
49
25
269
13.9
115
59
89
99
29
29
98
99
68
125
29
39
29
17
49
258
69
19
29
29
49
39
39
7
219
19
28
96
79
39
99
139
29
15
39
228
45
39
159
22
59
109
125
2
19
49
39
75
39
79
189
135
49
25
89
29
59
15
89
59
29
79
59
29.9
35
15
59
6
39
15
29
49
49
89
19
119
49
29
22
22
125
89
89
29
89
25
79
29
149
18
119
19
49
109
29
29
49
109
99
79
15
99
39
49
99
89
25
99
99
79
23
49
39
69
33
99
8
45
69
29
39
29
19
29
15
23
35
19
22
85
99
98
29
99
79
149
99
99
39
129
47.8
45
29
76
198
99
69
29
69
75
49
19.899999999999999
29
59
69
69
75
49
119
39
199
98
29
19
19
49
29.9
99
16
39
29
89
29
99
78
69
59
139
29
69
69
29
149
5
26
58
49
39
579
149
39
39
25
119
119
69
49
19
59
129
29
69
159
29
9.9
29
25
99
29.9
25
35
59
19
79
3
69
49
48
49
99
99
99
339
39
10
159
69
49
199
19
89
166
119
49
145
39
59
29
29
19.899999999999999
39
89
59
139
109
39
119
368
229
19.899999999999999
59
69
49
89
69
13
15
69
59
69
225
79
65
15
79
35
4
89
69
59
75
59
49
39
39
19.899999999999999
79
15
19
15
199
239
59
129
169
19
55
59
49
59
79
179
35
59
69
49
99
99
159
69
29
19
99
35
149
19
39
29
39
129
69
18
219
49
49
39
49
109
225
49
159
19
79
49
119
85
29
179
159
69
59
29
99
62
89
32
49
89
79
49
39
59
129
15
19
49
29
45
39
39
149
59
85
119
65
85
19
249
39
49.9
15
19
63
19
119.9
5
319
139
29
69
236
29
49
69
259
59
19
269
18
59
129
139
22
39.9
65
69
79
39
159
79
19
29
59
196
158
35
65
59
319
239
39
65
69
59
49
15
69
99
89
299
39
35
29.9
39
29
45
129
29
69
99
39
55
39
4.5
139
9
75
99
15
22
99
29
29
69
10.5
38
159
99
49
59
9
15
18
69
29
15
18
79
99
49
49
65
89
85
29
199
25
65
89
69
3
165
35
139
15
15.9
39
39
39
139
99
4.8
21
15
23
69
29
39
11
19
49
59
179
59
89
29
19
39
59
99
139
9
69
119
39
69
79
149
29
479
18
15
39
99
99
159
69
89
129
189
59
9.9
165
39
159
379
99
49
19
89
11
9
49
39
14
59
29
25
29
246
189
49
49
29
45
39.9
25
139
59
79
29
21
59
25
19
65
129
15
139
65
16
39
59
39
157.5
29
89
199
45
29
29
69
39
109
58
119
49
39
99
96
39
39
59.9
129
99
29
99
19
29
49
5
239
29
99
27
49
128
59
19
65
75
89
99
99
25
39
29
25
29
39
139
39
27
39.9
59
69
39
49
11
49
29
39
366
59
29.9
16
18
169
149
29
19
29
16
89
169
2.5
59
69
29
45
29
29
169
29
159
29
29
29.9
49
39
49
39
19
19
12
128
9
29
115
149
168
99
35
21
15
75
19
39
119
65
69
15
239
199
18
49
