33.5
29
49
59
19
39
7
35
39
29
39.9
25
59
169
99
59
79
49
59
29
55
115
79
29
59
35
75
39
99
79
19.899999999999999
125
49
39
45
13
139
79
29
128
15
29
69
18
99
59
39
59
109
29
25
39
69
45
39
19
279
59
43
199
12
89
59
29
15
129
49
5
29
8
19.899999999999999
59
198
69
29
59
29
15
139
79
59
55
39
9
299
49
4
259
5.9
15
45
15
99
199
259
25
69
59
69
79
39
49
25
189
89
39
39
15
49
139
15
99
89
79
160
125
9
178
39
229
149
99
39
59
299
279
89
55
19
29
39
89
13
189
19
25
24
89
29
5
109
9.9
19
39
39
169
19.899999999999999
69
99
39
17
99.9
19.8
9
69
98
19
179
55
19
39
99
39
89
119
19
89
19
88
49
49
35
29
229
45
29
49
89
6
12
129
59
29.9
29.9
49
39
800
69
69
9
25
49
49
189
55
59
89
19
259
85
29
39
8
169
29
59
299
8
39
29
8
79
15
39
15
59
49
19
69
29
128
119.9
19
55
79
69
19
45
19
29.9
29
79
39
85
88
49
99
11
159
119
89
49.9
99
195
168
69
55
45
39
69
339
199
49
718
39
139
35
75
19
15
139
19
59
89
159
29
29
155
139
49
119
19
138
89
59
49
69
229
39
69
39
29
59
149
19
69
12
89
39
19
159
39
39
29
89
39.9
95
229
79
29
49
69
49
39
49
19
45
39
69
19
39
6.5
49
159
29
69
79
76
17
60
59
139
758
39
17
128
89
139
1.9
19
169
89
45
339
89
149
69
39
49
29.9
38
39
29
29
13
99
79
39
69
25
39
79
79
25
99
79
29
59
59
79
35
99
99
89
59
129
29
49
58
79
89
29
19
88
39
89
59
9
29
69
29
99
7
49
9.9
189
79
45
59
49
80
29
69
39
75
99
218
23
69
49
49
49
99
89
22
49
109
39
35
59
15
22
69
29
19
59
199
179
29
99
15
105
119
55
99
69
39
59
49
29
39
38
23
39
59
59
19.899999999999999
118
49
119
149
19
85
59
29
148
19.899999999999999
49
49
458
155
35
15
139
59
69
59
29
59
59
45
79
29
65
29
149
99
29.9
119
159
99
65
69
45
45
79
25
119
299
94
99
171
59
39
89
49
25
39
29
98
39
119
69
149
35
39
45
35
39
88
70
19
29.9
59
45
39
59
19
39
49
11
129
85
20
89
59
39
9
59
99
59
39
99
29
5
79
65
59
19
69
85
29
29
59
68
49
19
49
109
139
29
199
89
299
3
399
65
59
35
29
88
69
79
179
1.5
35
22
49
159
11
20
29
29
39
35
149
49
366
79
19
239
148
299
89
35
35
279
15
29
79
49
29
5
39
99
65
159
109
19
99
109
9
99
15
539
59
49
129
98
299
39
49
199
45
49
29
79
49
89
44
89
89
65
39
49
19
49
79
59
69
15
55
79
158
109
49
45
169
149
19
49
45
29
59
299
25
55
149
39
45
169
45
35
159
39
49
89
39
19
49
29
29
49.9
10
19
95
59
49
59
21
39
45
15
29
99
15
19
59
19
79
49
129
19
29
69
59
22
18
59
79
289
219
39
59
15.9
79
78
29
35
35
79
39
99
85
39
199
29
19
29
59
79
29
85
99
29
19
159
179
22
19
47
29
25
29
89
55
39
19
79
33
5
12
59
98
39
49
15
29
149
59
79
39
79
29
37
99
79
39
39
109
35
79
49
179
16
19
39
65
139
39
69
75
59
299
4
39
39
29
19
29
99
29.9
9
28
75
65
49
13.9
69
1499
3
129
149
119
29
99
69
89
35
89
129
35
29
85
89
29
79
109
15
79
49
29
149
79
39
99
54
19
5
49
39
39
99
49
59
39
179
59
39
198
69
69
15
30
79
89
53
59
29
129
159
45
49
49
159
99
29
75
25
39
29
19
29
9
35
39
89
19
79
99
159
49
79
79
49
99
49
29
15
39
49
25
19
39
22
79
55
17
9
8
59
39
69
59
49
219
7
99
39
59
5
199
19
39
60
79
49
19
59
89
99
69
19
49
59
25
110
69
49
29
29
19
69
149
37
279
12
15
79
99
69
69
29
39
49
89
129
45
29
99
15
279
89
21
49
15
5
59
29
65
29
49
39
39
115
59
35
179
59
59
149
149
9
89
99
79
19
29
5
18
39
19
45
158
19
119
99
58
195
299
16
59
69
29
29.9
59
19
10
25
59
45
35
15
29
59
69
159
15
139
29
85
19
279
22
9
159
79
9
11
9
149
59
39
49
29
49
35
195
39
58
149
339
59
49
15
69
59
65
32
29
99
13
14
39
11
69
79
49
35
65
29.9
129
25
49
39
25
25
99
85
35
89
89
99
119
29
55
25
49
99
79
9
79
29
19
13
49
39
69
79
199
69
99
19.899999999999999
79
59
39
138
59
99
369
99
139
69
49
75
59
88
19
59
29
39
29.9
35
59
119
99
49
139
25
25
35
139
19
15
29
159
49
39
55
25
65
39.9
13
49
139
79
79
19
35
25
25
55
49
105
138
49
25
268
129
65
199
43
199
20
39.9
69
99
55
89
49
59
19
39
19
39
15
109
79
69
29
189
19
45
29
15
39
39
89
289
29
29
29
79
65
69
39
39
159
21
117
19
49
18
99
69
39
59
59
59
65
19
129
89
45
139
19
59
35
7
45
83
59
98
49
53
39
7
69
19
125
35
29
39
199
39
9
35
23
13
29
89
29
159
89
69
219
29.9
29
29
119
19
129
3
21
188
41
109
99
29
69
15
12
69
23
49
19
248
22
15
146
13
69
59
29
99
18
59
99
99
85
119
49
128
79
69
19
149
139
69
59
39
109
59
149
25
75
99
29.9
19
21
15
49
39
1.9
79
49
22
35
79
69
99
99
75
3
69
35
119
179
149
79
39
59
39
89
39
29
99
15
59
139
22
29
35
199
99
39
19
19
96
59
29
49
49
19
115
39
29
49
19.899999999999999
500
49
65
19.899999999999999
19
49
19
60
49
59
169
99
29
49
89
69
99
29
99
69
49
29
13
19
99
59
49
9
109
9
79
79
99
39
95
25
59
22
19
149
69
19
49.9
99
49
9
339
99
60
29
29
269
39
29
49
69
95
29
39
19
39
19
35
39
19
99
119
29
59
39
69
59
359
29
39
29
39
39
265
69
39
49
69
159
148
39
29.9
59
15
45
99
5
69
119
69
10
63
99
12.9
59
79
49
99
9
19
159
119
99
219
89
69
69
9
98
59
49
49
29
48
55
159
29
29
49
29
138
25
49
35
69
49
29
19
25
49
238
59
29
39
21
9
39
39
49
35
19.899999999999999
29
55
99
19
29
209
19
79
20
99
79
29
89
49
65
19.8
39
49
59
33
59
29
9
199
19
279
115
22
39
169
45
19
59
15
59
59
75
35
199
29
95
89
19
29
15
13
34
39
59
78
199
19
29
29
35
289
199
59
89
19
59
39
19.899999999999999
49
35
22
69
109
9
49
59
35
25
119
49
29
85
35
228
299
119
79
23
119
39
35
39
59
99
79
65
179
59
49
39
49.9
99
129
39
99
13
299
59
25
1
16
49
99
39
99
99
69
299
19
49
35
99
15
15
29
29
59
10
39
32
39
69
6
25
39
56
55
39
89
29
19
15
109
79
99
75
29
2.5
39
29
125
139
49
79
25
69
159
69
89
99
49
109
29
25
19
39
39
19
39
19
39
89
129
39.9
19
29
79
199
39
99
21
9
4
4
79
5
59
39
16
119
29
39
99
11
19
49.9
98
79
35
29
79
99
45
79
99
49
99
8
15
79
49
22
89
29
39
85
39
29
69
65
28
29
55
98
89
69
19
49
29
209
29
59
49
69
99.9
69
19.899999999999999
299
22
69
99
49
49
59
99
129
115
69
279
125
198
58
39
4
45
79
19
29
79
12
59
49
45
299
99
13
5
79
49
59
45
59
49
89
49
35
29
119
139
69
29
89
99
189
15
21
29.9
59
69
13
129
25
99
29
29
99
59
99
69
15
99
149
35
19.899999999999999
39
49
5.5
9
11
79
79
239
49
199
39
198
45
25
199
198
99
139
49
59
69
35
39
29
125
159
79
11
20
79
175
65
29
9.9
65
49
15
69
19
69
20
79
11
79
25
199
59
15
79
39
59
49
23
49
49
75
11
29
85
59
119
65
98
69
19
79
49
29
39
29
128
198
49
148
96
25
69
179
5
39
29.9
125
39
49
29.9
49
89
249
19
25
139
19
59
49
69
15
35
15
49
95
299
49
49
128
7
49
13
29
99
119
29
75
19
259
35
78
39
20
22
49
13
59
29
69
25
59
17
59
19
99
19
39
59
149
19
69
88
39
99
39
35
15
39
49
11
39
158
29
57
39
79
19
29
99
59
197
49
19
149
225
49
29
19
69
59
279
69
19
39
29
79
79
79
145
15
168
159
15
12.9
49
49
19
59
10
79
55
69
29
69
39
9
35
139
29
75
6
19
39
29
19
19
19
72
99
19
15
22
59
49
279
199
25
99
7
29
99
29
23
29
19
119
69
39
18
85
89
99
21
9
88
55
198
6
9
29
79
39
198
25
99
59
45
119
19
29
55
158
149
19
35
29
81.5
49
9
29
29
99
10
49
39
29
49
159
39
99
49
19
49
59
29
155
29
85
39
39.9
5.9
9.9
109
39
19
72
68
159
3
59
39
45
35
19
17
59
29
59
158
99
149
69
39
38
99
99
69
35
219
59
49
279
99
29
99
28
33
109
29
29.9
39
45
89
139
179
199
39
22
39
59
49
49
85
15
49
13
39
99
29
99
19
49
139
35
39
149
29
89
99
79
29
139
29
49
39
189
49
39
29
69
79
20
89
49
35
165
59
19
39
79
19
49
59
69
39
19
29.9
29
99
89
29
59
99
9
18
59
59
199
199
59
29
15
79
75
55
219
69
338
11
98
299
69
15
11
59
35
11
159
39
6
65
99
189
99
14.9
19
25
49
99
49
32
19
39
49
129
29
59
49
59
79
19
39
19
69
69
49
2
55
47
49
39
6
69
13
35
11
55
15
429
49
125
83
17
39
159
59
39
79
13
59
49
155
49
65
129
19
59
79
29
55
15
59
65
28
29
29
2
159
29
9
39
99
99
59
39
59
59
89
169
85
59
149
49
99
6
159
49
99
59
6
69
89
49
21
29
79
16
89
25
79
16
19
19
69
29
39
59
39
24
99
39.9
199
39
19.8
24
4.9000000000000004
45
9
32
49
79
49
35
49
18
59
65
59
118
29
45
53
69
35
169
98
99
399
89
99
99
179
379
49
49
59
69
99
11
22
49
199
149
25
59
29
19
69
99
59
39
29
69
99
13
11
29
49
59
35
29
15
129
15
29
99
29
25
39
59
59
79
11
19
3
109
99
39.9
89
299
1.5
59
69
269
17
35
29
149
9
12
159
49
39
129
15
60
4
79
49
89
39
49
29
9
49
119
29
19
89
39
49
129
69
29
79
79
49
99
239
19
49
79
98
59
69
29
19
49
169
19
29
29
39
69
89
39
9
99
49
69
29
17
49
79
33
11
139
138
35
25
99
99
79
29
25
89
55
59
59
59
69
49
79
279
75
29
39
139
39
19
19
13
79
199
19
19
35
35
88
559
39
189
4
79
39
299
19
15
69
59
75
223
29
2
19
62
49
19.899999999999999
69
69
109
29
39
59
29
12
75
45
10
9
149
89
99
46
118
29
59
59
19
99
125
15
39
79
125
65
59
69
79
59
19
65
119.9
39
139
29
119
49
49
78
49
49
49
98
35
19
5
59
39
139
29
11
4
19
29
29.9
85
27
109
29
12
39
9.9
25
7
59
39
17
29
79
89
15
65
6
15
25
19
139
13
39
9
7
19
126
169
25
29
39
69
19
69
159
13
299
199
29
99
108
189
89
49
15
255
99
69
59
49
19
17
49
39
19
80
39
39
85
79
19
14
39
52
99
29.9
10.5
89
69
49
49
99
5
49
49
198
50
99
59
149
9
29
69
79
35
99
89
18
69
158
168
29
29
23
79
99
49
55
39
29.9
39
89
39
119
305
159
89
21
119
458
99
99
58
119
59
99
59
55
18
69
49
39
29
229
29
88
3
29
49
69
79
21
139
139
59.9
55
79
219
49
259
59
39
35
119
23
59.9
79
35
39
199
39
69
2.5
29
190
109
32
39
15
69
29
19
10
29
99
168
19
12
59
19
119
29.9
29
38
19
175
119
12
59
79
39
39
59
9.9
35
109
179
99
129
79
19
49
11
195
35
55
79
129
29
55
169
29
59
79
399
29
25
99
59
55
39
69
99
239
20
99
69
99
39
99
65
69
125
10.5
99
32
29
15
49
49
15
65
60
33
29
189
29
22
29
11
49
19
59
80
19
9
23
25
39
29.9
75
23
29
13
75
99
15
15
19
139
59
159
29
98
60
4.5
159
109
79
59
59
99
35
69
29
59
87
59
49
15
9.9
3.9
89
9
29
29
39
169
149
59
45
39
179
49
19
39
58
89
89
50
9
89
29
3.5
89
19
269
15
25
98
79
29.9
65
39
129
148
3
49
69
19
15
99
29
29
3
19
29
59
39
39
49
155
99
19.899999999999999
18
99
139
9
45
109
8
79
22
79
4.9000000000000004
27
99
39
49
79
19
45
99
29
115
11
109
15
69
39
49
23
129
89
59
19
29
65
19
59
25
129
198
21
39
69
69
19
75
25
59
69
20
25
67
59
758
49
29
79
95
39
19
59
39
55
13
11
19
99
59
39
14
139
99
49
39
79
259
99
118
25
35
39
19
69
58
19
35
13
39
39
69
25
80
9
119
69
39
199
259
239
129
59
37
59
11
89
179
25
55
19
49
69
45
29
26
69
49
85
9
69
49
69
35
59
11
118
49
98
49
29
29
15
47
99
29
39
45
3
12
29
29.9
69
69
25
35
79
69
89
79
99
111
29
79
39
98
59
15.9
85
19
59
89
39
11
49
29.9
139
129
99
129
49
25
27
49
39
49
65
19.899999999999999
19
67
18
35
35
25
79
139
49
27
32
79
119
49
39
29
58
59
69
29.9
45
9
23
45
39
138
39
125
8
189
19
69
79
35
49
20
5
79
49
499
6
22
159
35
19
19
22
79
19
79
29
15
15
29
99
79
99
19
33
22
159
49
39
19.899999999999999
21
27
22
49
279
19
59
39
198
35
35
39
49
95
69
29
69
149
99
49
79
29
15
59
79
85
59
14
49
55
49
49
35
29
49
99
89
19
59
169
15
69
49
45
189
149
89
65
17
9
19
39
99
39
11
29
79
15
9
19
49
89
39
139
35
69
25
29
119
25
19
25
59
288
89
125
55
3
29
39
55
55
59
26
29
29
35
15
79
29
79
19
19
7.5
139
39
159
99
39
49
29
49
39
5.5
69
39
13
25
65
29
19
69
399
6
58
69
69
125
49
299
25
39
35
39
19
159
49
95
79
99
29
59
189
95
45
19
79
99
11
69
27
69
29
9
129
45
99
29
259
109
69
79
19
155
49
39
79
39
129
39
69
29
89
55
298
58
35
29
19
69
29
39
49.9
99
89
259
29.9
10
135
29
59
149
88
89
19
19
55
188
39
79
59
22
29
129
29
39.9
49
79
139
9.5
69
59
49
25
15
49
39
49
16
29
19
15
79
22
99
9
279
19
99
59
25
59
29
45
298
29
65
45
39
99
39
27
79
69
65
39
99
10
55
49
15
67
119
79
49
49
109
45
178
79
69
39
128
29
79
19
39
29
39
79
9
19
19
59
89
49
89
39
49
35
45
69
45
29
16
59
49
89
109
59
39
39
55
99
29
79
39
39
96
49
29
59
89
19
59
239
49
9
29
69
49
34
19
29
10
99
59
59
99
89
59
79
21
79
9
69
5
129
29
59
29
119
9
39
39
21
59
59
13
69
13.5
59
69
22
21
49
59
89
49
159
25
19
129
69
29
199
39
129
89
89
25
79
79
69
69
19
38
3
59
35
19
19
219
79
45
39
29
45
39
99
29
96
79
69
129
69
4.5
129
10
19
12
159
29
15
29
29
29.9
29.9
19
5
79
15
96
59
159
99
278
21
19
89
29
59
55
99
79
25
198
58
69
99
39
119
99
125
98
6
29
79
99
29
99
59
158
99
25
139
159
29
99
79
139
29
139
39
29.8
139
99
39
89
125
149
99
119
59
9
99
99
129
179
49
7
199
29
35
49
19.899999999999999
149
79
69
59
39
79
20
19
75
39
49
45
11
15
39
39
99
149
69
96
79
98
79
19
339
19
53
29
11
49
69
99
35
159
22
15
19.899999999999999
99
89
388
79
158
99
99
39
49
49
59
29
3
33
179
39
59
19
99
59
49
99
69
49
99
59
149
39
19
35
1.5
9
119
35
9.8000000000000007
135
11
69
19.899999999999999
59
29
79
219
99
89
29
79
65
59
59
89
15
69
9.9
149
7
58
129
59
13.9
39
69
33
69
35
99
19
65
99
39
29
29
79
59
69
29
109
39
259
25
21
15
88
149
25
69
89
99
23
79
15
89
59
59.9
22
139
49.9
75
89
129
88
29
49
289
75
9
35
159
79
139
129
49
13.8
19
11
29
149
9
89
49
359
49
59
99
99
5
45
29
99
19
139
59
189
69
35
99
11
5
69
9.9
99
22
99
35
39
59
29
20
29
59
13
125
19
9
25
159
199
79
15
136
195
9
45
29
5
75
29
29
79
19
19.8
29
29
139
88
19
79
29
49
29
19
65
45
79
99
39
119
39
2
59
49
29
29
29
49
109
35
49
129
19
29
29
59
19.8
25
59
19
35
69
29
19
5
35
13.9
39
35
39
99
39
159
69
19
60
25
15
39
45
49
29
69
119
19
39
89
79
69
69
59
19
99
39
29
29
49
39
79
49
29
99
39
39
149
175
69
119
19
17
149
559
89
49
39
19
89
19
25
69
19
219
5
99
49
49
69
49
69
59
39
39
19
15
25
79
39
55
99
145
22
159
149
79
159
29.9
69
29
29
89
29
79
19
21
15
29
19
22
85
21
159
8
10
39
169
58
159
9
39
19.899999999999999
59
45
29
89
19
29
49
89
29
39
279
138
59
10.5
139
17
25
2
119
19
25
65
39
119
19
79
99
27
385
59
99
165
299
39
89
22
33
59
22
39
89
139
59
259
19
359
17
89
29
15
25
15
69
32
19
31
9
59
69
79
159
19
29
85
159
59
13
89
139
39
69
279
19
139
18
48
39
49
29
39
149
89
29.9
11
29
49
179
99
99
39
14
159
98
75
89
19
105
69
49
59
15
79
79
13
119
89
79
179
37
49
89
39
98
69
59
49
29
45
79
13
16
119
139
49
22
5
9
29
99
28.8
49
39
59
89
79
59
39
159
39
159
29
49
59
59
29
19
69
25
35
199
35
29
99
109
69
69
35
45
199
149
39
199
25
39
21
49
39
45
79
59
109
5
25
59
45
69
59
29
12
109
19
69
99
188
49
49
69
139
79
48
33
55
119
23
69
22
29
29
35
69
29
95
13
6
149
159
59
6
39
69
18
34
39
29
49
19
35
23
25
29
35
29
99
199
39
11
119
59
29
1.9
55
29
99
49
79
59
89
13
2
119
22
79
29
29.9
39
19
60
55
29
12
139
19
71
39
109
69
50
99
29
109
69
79
99
49
49
59
65
45
299
79
35
22
19
79
299
9
25
15
139
19
55
31
29
29
99
29
49
35
15
69
13
219
29
20
29
69
39
20
33
49
239
25
79
99
55
59
99
59
25
79
189
8.9
18
99
6
55
25
559
59.9
79
29
25
85
49
29
49
36
119
84
49
105
45
35
3
79
15
69
69
35
6
19
219
29
149
199
65
89
49
19
12
139
19
6
49
39
29
39
59
69
5
69
279
139
79
4
59
39
89
29
99
15
29
59
49
22
35
23
9
22
49
39
39
59
9
19
169
39
198
88
69
119
19
69
59
49
22
185
59
19
49.9
65
198
59
19
22
199
109
29
39
18
225
29
29
69
18
69
39
89
49
79
29
79
159
89
89
29
23
9
29
139
15
19
7
199
199
19
19
79
14
189
45
109
19
5
69
59
19
79
119
69
345
69
59
65
85
29
69
19
79
399
99
49
39
99
59
99
79
15
6
6
139
49
39
65
159
69
199
19
45
29
19
19
59
29
59.9
9
69
49
39
599
99
45
85
89
29
49
49
79
59
49
15
95
99
29
19
69
69
39
219
169
59
39
59
25
99
99
238
79
69
39
59
199
25
9.9
49
19
49
29
59
29
45
79
29
49
99
47
29
59
79
22
49
149
128
279
55
39
29
29.9
19
19
89
129
29
25
89
79
79
39
59
15
79
3.9
15
39
39
69
45
39
49
145
45
99
59
59
49
17
29
29
29
139
69
79
99
15
99
179
29
49
19
49
158
69
19
29
29
29
15
11
159
49
89
139
35
19
79
59
15
39
15
49
29
89
139
16
89
39
28.9
259
29
59
15
19
39
299
89
69
79
49
99
99
28
15
149
5
39
159
39
29
149
149
25
39
55
19
259
15
13
59
49
159
45
9
115
39
29
19
59
49
29
29
39
19
39
59
59
15
19
49
49
45
39
9.9
45
55
69
39
45
29
39
29
65
39
79
268
59
138
79
49
15
99
99
49
39
39
59
59
1.5
95
55
26
15
79
69
45
13
29
19
19
15
29
25
80
29
25
155
99
159
59
19
29
89
169
79
19
39
99
169
79
49
29
5
45
21
75
49
39
69
178
49
89
39
9
29
9
59
49
29
49
49
99
59
20
29
49
69
25
163
89
30
79
31
49
99
219
29
5
19
79
15
59
99
49
219
59
289
49
169
239
88
29
29
7
149
85
89
33
49
25
22
29
35
19
25
29
59
149
199
69
69
59.9
59
19
15
19
29.9
5
59.9
23
19
29
119
6
9
19
19
89
25
15
99
29
15
129
89
75
39
99
718
19
69
29
299
39
299
29
49
69
65
149
236
29
16
29
29
39
29
500
59
49
29
19
49
17
50
59
49
29
169
23
29
49
89
89
119
13
29
49
69
39
79
29
29
29
199
19
19
59
39
99
59
19
199
91
35
69
149
49
29
19
89
238
29
79
25
49
68
39
43
39
119
19
39
39
49
49
39
59
